"V1" "V2" "V3"
"1" 16.9861793518066 25.8749237060547 60.7744827270508
"2" 19.3793 24.522 56.314
"3" 22.7601 23.9162 52.3288
"4" 26.2942 24.4288 48.3984
"5" 29.4767 24.8941 44.1684
"6" 32.2964 25.571 39.7172
"7" 34.7798 26.3966 35.0983
"8" 37.2691 27.1308 30.4603
"9" 40.1933 27.3444 26.0142
"10" 42.9076 26.882 21.4935
"11" 45.7678 25.9316 17.2772
"12" 48.286 25.1644 13.451
"13" 51.9783 23.8042 9.8895
"14" 55.8249 23.0284 6.6792
"15" 60.3588 24.2068 4.6176
"16" 64.9370727539062 22.3893966674805 3.68857955932617
"17" 27.9644927978516 13.6819305419922 93.8743362426758
"18" 24.5372 12.9521 95.1138
"19" 21.0819 13.7599 96.3187
"20" 17.5816 14.7477 96.5452
"21" 14.1802 13.7616 95.7846
"22" 11.2212 11.9352 96.5116
"23" 10.4269 9.762 99.0015
"24" 13.3734 9.9907 100.8908
"25" 16.6516 11.2524 102.2387
"26" 20.1285 11.131 103.4678
"27" 23.6031 9.7832 103.1265
"28" 27.0538 9.0889 102.2381
"29" 29.4688 9.8186 99.516
"30" 29.7538 11.6469 96.435
"31" 16.9861793518066 25.8749237060547 60.7744827270508
"32" 47.6240386962891 36.6310081481934 60.1906661987305
"33" 40.4193458557129 58.080451965332 39.1181030273438
"34" 40.8929 63.5577 40.1504
"35" 41.5266 68.06 43.3032
"36" 41.202 71.9572 47.3007
"37" 39.9178 74.9203 51.9015
"38" 38.4671 76.3087 57.0991
"39" 37.06 76.772 62.4712
"40" 33.9938 75.996 66.275
"41" 28.747 74.6507 66.9731
"42" 24.1693 71.4908 67.5638
"43" 19.6786 68.206 67.9604
"44" 16.2068 63.7979 68.0987
"45" 14.8939 58.4952 67.9087
"46" 15.5371 53.4268 65.7257
"47" 16.4385 48.3479 63.9816
"48" 18.4032 44.3128 60.6847
"49" 20.9243 40.9847 57.1012
"50" 24.3597 39.5634 52.9582
"51" 28.5961 39.7179 49.3322
"52" 32.5585 41.1841 45.6287
"53" 36.3191 43.2918 42.0564
"54" 39.0746 47.213 39.2047
"55" 40.3625 52.5014 38.4036
"56" 44.3012161254883 33.1062622070312 63.2727508544922
"57" 45.6114 33.5483 58.6481
"58" 46.6558 33.9926 53.9201
"59" 47.8891 34.1833 49.2236
"60" 49.6369 34.4687 44.6155
"61" 51.7873 34.5754 40.1801
"62" 54.4026 34.7144 36.0042
"63" 57.112 34.378 31.9486
"64" 59.5868 32.6788 28.0594
"65" 62.7603721618652 34.1396293640137 24.8984985351562
"66" 44.3012161254883 33.1062622070312 63.2727508544922
"67" 63.9654312133789 72.4102020263672 33.78662109375
"68" 62.7603721618652 34.1396293640137 24.8984985351562
"69" 63.9654312133789 72.4102020263672 33.78662109375
"70" 64.9087 78.0483 37.8974
"71" 64.7447 83.1023 43.1195
"72" 64.0562 86.2689 49.6277
"73" 64.0942 87.6089 56.7724
"74" 64.2075 88.3418 64.0657
"75" 63.9709 88.4326 71.3666
"76" 63.2313 87.3505 78.5783
"77" 63.0107 87.0507 85.8892
"78" 63.5722 85.0721 92.753
"79" 63.2372 84.0762 100.018
"80" 63.9401 82.714 107.1543
"81" 64.441 81.7787 114.3069
"82" 63.7906 81.4933 121.5077
"83" 65.1145 81.634 128.6527
"84" 64.912 82.734 135.8962
"85" 65.6327 83.637 143.1411
"86" 66.264 84.1517 150.4313
"87" 66.8585205078125 83.5081024169922 157.677368164062
"88" 61.0466117858887 37.1700325012207 149.80908203125
"89" 66.8585205078125 83.5081024169922 157.677368164062
"90" 64.9370727539062 22.3893966674805 3.68857955932617
"91" 108.720100402832 26.6975765228271 61.7203559875488
"92" 105.4916 25.1959 57.9256
"93" 102.2807 24.962 53.0811
"94" 98.8799 25.241 48.3788
"95" 95.6161 25.6975 43.5673
"96" 92.7428 26.1492 38.5052
"97" 89.6644 26.6056 33.5627
"98" 87.0611 26.2146 28.389
"99" 83.9713 26.0572 23.4585
"100" 81.134 25.7687 18.3877
"101" 77.0592 23.9322 14.7978
"102" 73.8172 21.3813 10.8111
"103" 69.7623 22.393 6.7534
"104" 64.9370727539062 22.3893966674805 3.68857955932617
"105" 108.720100402832 26.6975765228271 61.7203559875488
"106" 78.8869094848633 35.776180267334 62.6119766235352
"107" 86.1669006347656 61.3534126281738 39.1175003051758
"108" 85.3068 65.9933 42.5976
"109" 85.4516 70.1073 46.7477
"110" 86.515 72.8189 51.8427
"111" 87.6662 74.2964 57.4473
"112" 90.204 75.6351 62.4929
"113" 92.8448 75.9384 67.4778
"114" 97.9799 75.0855 70.0203
"115" 102.8329 72.1915 70.0279
"116" 106.2537 67.6907 70.1489
"117" 108.555 62.2939 69.6872
"118" 110.0912 56.7073 68.5262
"119" 110.4331 51.3896 65.985
"120" 108.7414 46.7657 62.895
"121" 106.5636 42.031 60.4591
"122" 102.9549 39.6387 56.472
"123" 99.0274 38.9372 52.1611
"124" 94.6659 39.6012 48.2633
"125" 90.5629 41.7006 44.574
"126" 87.4948 44.7395 40.703
"127" 86.1556 50.0249 38.6684
"128" 86.3908 55.6702 37.4912
"129" 82.690559387207 32.7304306030273 64.254280090332
"130" 80.8118 32.6717 59.6733
"131" 79.5217 33.8778 54.838
"132" 78.1002 34.0939 49.9198
"133" 75.9542 34.5544 45.2854
"134" 73.6153 34.7124 40.7143
"135" 70.9573 34.8535 36.3293
"136" 68.4775 34.348 31.97
"137" 66.1172 32.6432 27.7506
"138" 62.7603721618652 34.1396293640137 24.8984985351562
"139" 82.690559387207 32.7304306030273 64.254280090332
"140" 27.7035083770752 12.4743757247925 95.2564392089844
"141" 27.689380645752 11.5343685150146 96.7058410644531
"142" 27.8443603515625 10.6438007354736 97.8658218383789
"143" 27.5864028930664 9.94788551330566 99.1777420043945
"144" 27.3530693054199 9.28014945983887 101.097137451172
"145" 26.3385009765625 12.2459659576416 95.6283950805664
"146" 26.3792629241943 11.5756959915161 96.7835464477539
"147" 26.3688507080078 10.9359893798828 97.8017120361328
"148" 26.5349502563477 9.86612224578857 99.406005859375
"149" 25.2462387084961 9.66218662261963 101.10604095459
"150" 24.9037532806396 12.2024402618408 96.0858840942383
"151" 24.648775100708 11.7639265060425 97.16259765625
"152" 24.6980228424072 11.007776260376 98.6961135864258
"153" 24.3122234344482 10.4446887969971 100.111175537109
"154" 23.2689514160156 10.1668272018433 101.572044372559
"155" 23.6884307861328 12.3379325866699 96.7715301513672
"156" 23.2253513336182 12.1507844924927 97.6647567749023
"157" 22.6913013458252 11.7368268966675 98.938102722168
"158" 22.5189075469971 10.9387521743774 100.496383666992
"159" 21.2995300292969 10.9546689987183 101.870468139648
"160" 21.8757343292236 12.9304170608521 97.5049438476562
"161" 21.5085105895996 12.6120729446411 98.5526733398438
"162" 21.1530265808105 12.238226890564 99.6128921508789
"163" 20.3976192474365 11.8237085342407 100.813125610352
"164" 19.6217021942139 11.4273509979248 101.766456604004
"165" 20.3497467041016 13.5825080871582 97.9295120239258
"166" 19.4352893829346 13.2521028518677 98.8948516845703
"167" 18.8759307861328 12.5751571655273 99.8976821899414
"168" 18.2766208648682 11.913233757019 100.679542541504
"169" 18.181661605835 11.5651273727417 101.406593322754
"170" 17.5026550292969 13.7889270782471 97.7592010498047
"171" 17.360200881958 13.1820001602173 98.6726989746094
"172" 17.2440643310547 12.1343832015991 100.092590332031
"173" 17.087926864624 11.6048984527588 101.062873840332
"174" 15.6641759872437 13.4069814682007 97.1861953735352
"175" 15.8508882522583 12.9373865127563 98.1205062866211
"176" 15.6467199325562 12.2648096084595 99.0518035888672
"177" 15.8303003311157 11.3802995681763 100.439002990723
"178" 14.2635126113892 13.3085460662842 96.2132263183594
"179" 14.7889423370361 12.6932439804077 97.6659851074219
"180" 14.3712177276611 11.8015213012695 98.8361434936523
"181" 14.4061050415039 10.8867874145508 100.301139831543
"182" 13.156078338623 12.4818077087402 96.5691604614258
"183" 12.8811845779419 11.8768968582153 97.4976196289062
"184" 13.1233997344971 11.3409004211426 98.591796875
"185" 12.9497928619385 10.0589914321899 100.239723205566
"186" 11.7096719741821 11.4760866165161 97.1739959716797
"187" 11.4358024597168 10.749324798584 98.2642059326172
"188" 11.4566526412964 9.75593185424805 99.4939193725586
"189" 18.6321544647217 30.2226524353027 59.7539901733398
"190" 17.7423553466797 35.076358795166 61.8180885314941
"191" 19.6123714447021 38.9810447692871 60.5778961181641
"192" 33.7081260681152 37.9980506896973 58.5367698669434
"193" 36.7434005737305 37.3605995178223 63.0797996520996
"194" 37.7695999145508 36.749698638916 63.8978996276855
"195" 41.184154510498 34.7785491943359 64.5722503662109
"196" 20.609748840332 27.69580078125 57.6837959289551
"197" 19.2892723083496 32.2892303466797 58.7697410583496
"198" 21.2414894104004 38.6926155090332 58.8742294311523
"199" 33.6515998840332 37.910701751709 58.4807014465332
"200" 36.8103981018066 37.0946006774902 62.9197006225586
"201" 39.7058982849121 36.0662994384766 62.9934005737305
"202" 22.0277004241943 27.271598815918 55.4192123413086
"203" 21.6265277862549 29.7989158630371 56.2485542297363
"204" 22.152135848999 36.4731216430664 57.1740570068359
"205" 31.3840999603271 37.4828987121582 56.461799621582
"206" 35.4988670349121 37.3452606201172 59.5982284545898
"207" 39.9230003356934 36.2538986206055 60.6568984985352
"208" 42.1881103515625 34.0293121337891 61.8367729187012
"209" 23.0936470031738 27.510124206543 53.924674987793
"210" 22.9871768951416 31.1305809020996 54.8903121948242
"211" 26.443510055542 36.9411773681641 55.2210693359375
"212" 32.6069183349609 36.8337898254395 56.6313972473145
"213" 35.1313018798828 36.059700012207 56.7955017089844
"214" 42.1777458190918 34.0729713439941 61.5139999389648
"215" 24.8117179870605 27.257116317749 51.5526275634766
"216" 24.8666667938232 30.6737289428711 52.7797889709473
"217" 26.9326267242432 35.473762512207 54.5236549377441
"218" 31.9281997680664 36.4474983215332 55.839298248291
"219" 35.3736000061035 35.815601348877 56.3767013549805
"220" 36.2610015869141 34.9822998046875 55.2939987182617
"221" 42.9104461669922 33.8618316650391 60.4043273925781
"222" 26.4040946960449 27.0576267242432 49.5343742370605
"223" 26.7968578338623 30.7033290863037 50.7802200317383
"224" 28.9026985168457 35.8306617736816 53.3672637939453
"225" 32.0415191650391 36.4168128967285 55.2145042419434
"226" 35.7056503295898 34.9924354553223 55.0666923522949
"227" 36.5733985900879 34.7700004577637 54.8771018981934
"228" 42.2672004699707 34.1879997253418 60.3033981323242
"229" 28.8264656066895 28.0383834838867 46.6196784973145
"230" 29.2327117919922 32.3256797790527 48.3590850830078
"231" 32.2419471740723 36.10693359375 52.1219444274902
"232" 34.5638313293457 35.4529266357422 52.9727478027344
"233" 36.2958984375 34.1122016906738 54.0307998657227
"234" 36.7700996398926 34.5201988220215 54.3755989074707
"235" 42.5920333862305 34.4394340515137 59.0027503967285
"236" 31.0257873535156 28.7378940582275 43.4031105041504
"237" 31.3443946838379 32.9857711791992 45.6722717285156
"238" 34.9814796447754 35.9362983703613 49.1871948242188
"239" 36.1450424194336 35.108283996582 50.3379745483398
"240" 37.3566017150879 34.410099029541 52.4552001953125
"241" 43.1268310546875 34.7665977478027 56.3189506530762
"242" 33.353946685791 28.9500484466553 39.4702949523926
"243" 33.6755409240723 32.4204902648926 41.3473091125488
"244" 36.9588317871094 35.5616493225098 45.1310195922852
"245" 37.9703979492188 36.0388679504395 46.6160545349121
"246" 39.0209693908691 34.7947959899902 48.572696685791
"247" 43.9720001220703 34.6733016967773 52.399600982666
"248" 44.3679428100586 34.2092170715332 55.9053764343262
"249" 35.7621688842773 29.6143760681152 35.1496467590332
"250" 37.3517417907715 34.9802398681641 38.044319152832
"251" 39.8652725219727 36.8857231140137 41.5389938354492
"252" 41.0021476745605 34.9221038818359 42.9948120117188
"253" 42.1861152648926 34.9953956604004 44.0897636413574
"254" 46.4036598205566 34.5869674682617 47.7776870727539
"255" 48.3769989013672 35.1640815734863 51.6983871459961
"256" 38.6673202514648 30.1329345703125 30.4168071746826
"257" 39.7874526977539 34.6935958862305 33.397144317627
"258" 42.2825012207031 36.4844245910645 37.3042411804199
"259" 43.6439208984375 35.6915321350098 38.0006484985352
"260" 45.430248260498 34.2942733764648 37.6766510009766
"261" 47.9443969726562 34.8744964599609 42.696361541748
"262" 49.5111999511719 35.3148994445801 43.7602005004883
"263" 40.8488693237305 29.3891887664795 26.3004322052002
"264" 43.5250701904297 36.3839797973633 32.8008155822754
"265" 45.5591659545898 36.6340866088867 33.0103416442871
"266" 47.7857971191406 34.7419738769531 32.3175277709961
"267" 48.5485000610352 33.9090003967285 32.7574996948242
"268" 52.4045486450195 35.2713623046875 35.804630279541
"269" 43.955738067627 28.8124866485596 21.2642860412598
"270" 44.2365608215332 34.9834022521973 26.2470321655273
"271" 47.6035118103027 36.3806953430176 29.1163196563721
"272" 49.0194854736328 35.9635925292969 29.173698425293
"273" 51.2012329101562 33.9326629638672 27.5134906768799
"274" 51.9995994567871 34.0674018859863 27.5454998016357
"275" 46.3797416687012 31.0316925048828 19.2011833190918
"276" 49.3762397766113 36.3282241821289 24.9162464141846
"277" 51.538745880127 35.4580688476562 25.1118545532227
"278" 54.8302001953125 33.7244987487793 23.119499206543
"279" 58.7581787109375 34.1182861328125 25.0807456970215
"280" 49.4514694213867 27.6556358337402 13.8393306732178
"281" 50.005256652832 34.27783203125 17.9267292022705
"282" 53.4469375610352 35.6477661132812 22.0908069610596
"283" 56.1108703613281 33.8638610839844 21.4555358886719
"284" 59.5115242004395 34.2727851867676 23.0180034637451
"285" 53.1271667480469 25.769416809082 9.84684276580811
"286" 56.5167999267578 33.5738983154297 17.6716003417969
"287" 56.5055313110352 34.7562713623047 20.3795166015625
"288" 60.2014465332031 36.3048400878906 21.3271465301514
"289" 55.4148178100586 26.4206085205078 8.57025146484375
"290" 56.5985908508301 33.1098251342773 12.8992862701416
"291" 61.6430473327637 37.466178894043 20.9841918945312
"292" 63.3882904052734 39.6198081970215 22.5083427429199
"293" 58.7056999206543 27.5946998596191 6.92879009246826
"294" 59.2897987365723 34.2957000732422 11.9070997238159
"295" 62.4114761352539 37.8817749023438 18.2321071624756
"296" 63.746654510498 39.5850448608398 21.3849487304688
"297" 61.3889274597168 30.0731334686279 6.85667419433594
"298" 63.8016738891602 36.6672019958496 15.3508205413818
"299" 107.339096069336 30.6795024871826 60.7988471984863
"300" 107.219871520996 34.8577423095703 61.1625595092773
"301" 106.161773681641 37.761890411377 60.8029632568359
"302" 91.8025283813477 37.9370651245117 59.0993766784668
"303" 88.8481979370117 37.0168991088867 63.6332015991211
"304" 85.6254196166992 35.1083831787109 64.4822998046875
"305" 105.352996826172 27.9829006195068 59.3490982055664
"306" 106.063323974609 33.2430534362793 59.295581817627
"307" 103.958068847656 37.4706420898438 58.4629287719727
"308" 93.0092010498047 37.3298988342285 57.877498626709
"309" 88.5710983276367 36.7032012939453 63.1291007995605
"310" 83.5526962280273 33.3087997436523 63.1735000610352
"311" 103.761657714844 27.8449268341064 56.8095016479492
"312" 103.681465148926 32.3700332641602 57.0535697937012
"313" 102.250129699707 37.019401550293 57.1283874511719
"314" 95.1712036132812 37.4539985656738 56.4966011047363
"315" 91.8408966064453 36.8008995056152 58.0344009399414
"316" 87.1089630126953 36.4506797790527 61.6484527587891
"317" 83.720100402832 33.589900970459 62.3306999206543
"318" 102.490997314453 27.9766998291016 55.1811981201172
"319" 101.248435974121 33.8982429504395 55.9871063232422
"320" 99.4200286865234 35.8391761779785 55.5605850219727
"321" 95.1712036132812 37.4539985656738 56.4966011047363
"322" 92.6572036743164 36.6453018188477 57.4617004394531
"323" 88.9734497070312 36.9630126953125 59.9843826293945
"324" 83.9887008666992 34.0931015014648 61.3852996826172
"325" 101.249824523926 27.7244281768799 53.2320861816406
"326" 100.572998046875 31.4934005737305 53.6394004821777
"327" 96.5901336669922 36.6956100463867 55.3605194091797
"328" 93.1520004272461 36.6237983703613 56.8739013671875
"329" 89.9702987670898 35.3163986206055 56.1791000366211
"330" 88.202751159668 36.5381088256836 58.6050758361816
"331" 98.6299438476562 28.3269786834717 49.8837089538574
"332" 98.0295486450195 33.571605682373 51.7874412536621
"333" 94.5476455688477 36.4806251525879 54.5680656433105
"334" 91.2165374755859 35.7526206970215 55.5183906555176
"335" 89.9512023925781 34.5348014831543 55.2952995300293
"336" 88.0169677734375 36.1553802490234 57.2405700683594
"337" 96.3924942016602 29.7988681793213 47.0212478637695
"338" 94.8365325927734 35.2124900817871 49.9083023071289
"339" 92.2284240722656 35.8809661865234 52.3699378967285
"340" 91.3021087646484 35.0578498840332 53.4536247253418
"341" 89.8363723754883 34.6055755615234 55.0728950500488
"342" 88.8891677856445 35.1824111938477 55.5269203186035
"343" 94.6603393554688 28.9164123535156 43.4827499389648
"344" 94.0291137695312 33.6640281677246 45.9311714172363
"345" 90.5501403808594 36.2973175048828 49.3726615905762
"346" 89.559440612793 34.5535697937012 50.5639152526855
"347" 88.2085037231445 34.244800567627 51.7915992736816
"348" 87.5286026000977 35.6666984558105 54.070499420166
"349" 92.4129257202148 29.8690452575684 39.8499221801758
"350" 91.0622634887695 34.0482635498047 41.2349739074707
"351" 88.8823165893555 36.6979713439941 45.055606842041
"352" 88.1190338134766 36.1273078918457 45.8610954284668
"353" 86.6533813476562 34.2453155517578 46.7786560058594
"354" 85.8262405395508 34.7219085693359 47.0183296203613
"355" 80.8591232299805 34.8856201171875 49.5823440551758
"356" 89.5830764770508 29.6510181427002 34.6877136230469
"357" 88.6030044555664 34.3447265625 37.0062561035156
"358" 86.0327301025391 37.2078971862793 40.2768440246582
"359" 85.5752410888672 36.6983184814453 39.9309425354004
"360" 83.5336303710938 34.204044342041 40.7201538085938
"361" 81.8305435180664 34.5686798095703 40.8632850646973
"362" 76.8751907348633 35.7564735412598 41.3916854858398
"363" 86.188232421875 30.3529281616211 29.035249710083
"364" 84.4655914306641 35.9027671813965 32.4297218322754
"365" 83.0845413208008 37.8414039611816 34.7388305664062
"366" 81.3154678344727 36.1869125366211 35.1008529663086
"367" 79.9532089233398 34.6826057434082 34.1679306030273
"368" 78.1750030517578 34.1234283447266 34.1398696899414
"369" 83.8955383300781 29.1512622833252 24.6442565917969
"370" 83.1161880493164 33.5996894836426 26.5756797790527
"371" 80.7831192016602 37.5669059753418 30.0702819824219
"372" 76.98486328125 34.8038291931152 28.9132061004639
"373" 75.059196472168 33.7388000488281 27.7791004180908
"374" 68.9040908813477 34.807014465332 26.6049175262451
"375" 80.6978378295898 30.2659740447998 20.6097011566162
"376" 79.8376922607422 34.4980506896973 22.3477592468262
"377" 77.6464309692383 36.1929893493652 25.4171619415283
"378" 73.3910369873047 33.9107093811035 23.8297386169434
"379" 69.867431640625 34.3065338134766 22.9604034423828
"380" 66.5631637573242 34.5463829040527 22.9260597229004
"381" 76.4570922851562 26.0839767456055 14.4589776992798
"382" 75.926643371582 32.666877746582 16.2081108093262
"383" 72.9424896240234 35.6805419921875 20.6563453674316
"384" 69.3694763183594 34.9786567687988 22.0061092376709
"385" 65.5380477905273 38.0199813842773 22.8337993621826
"386" 72.9439010620117 25.5757999420166 10.8711996078491
"387" 71.546745300293 33.705810546875 16.8926792144775
"388" 65.7760696411133 37.6776008605957 21.3716583251953
"389" 71.3333969116211 26.9875679016113 9.27873420715332
"390" 68.0167922973633 36.1471519470215 16.1153392791748
