"V1" "V2" "V3"
"1" 42097.1796875 20813.34765625 23894.8359375
"2" 41856.2801 19775.974 22849.1741
"3" 41074.6535 18328.5774 22314.3006
"4" 40169.6033 16935.5402 21832.1953
"5" 39454.8241 15455.5513 21334.1825
"6" 38688.7721 13926.6477 21080.1098
"7" 37861.6879 12421.5021 20905.0269
"8" 36963.9097 10976.846 20619.6571
"9" 36184.1812 9510.677 20157.1361
"10" 35152.7072 8143.2384 19932.6022
"11" 34146.0076 6744.9831 19782.7772
"12" 33116.8359 5374.9828 19774.7276
"13" 31975.0039 4105.1726 19872.5583
"14" 30668.8992 3009.087 20117.4122
"15" 29213.186 2165.5526 20498.1921
"16" 27558.19140625 1672.224609375 20549.205078125
"17" 38168.6484375 34971.26171875 18699.9765625
"18" 39204.9132 34965.752 19172.611
"19" 40113.1022 35468.3303 19672.6569
"20" 41212.8526 35773.6998 19846.2107
"21" 42362.2254 35710.8573 19808.4311
"22" 43497.3332 35855.7043 19942.7594
"23" 43975.0017 36711.5261 19457.7258
"24" 43607.4986 37673.5827 18995.7786
"25" 42740.0952 38034.3413 18958.7919
"26" 41647.147 37978.9216 19224.951
"27" 40662.6005 37782.0497 18952.9545
"28" 39912.7758 37379.6228 18192.1857
"29" 38973.0534 36885.8359 17871.9656
"30" 38375.3311 35970.5966 18148.8146
"31" 42097.1796875 20813.34765625 23894.8359375
"32" 32032.912109375 9778.369140625 22085.58203125
"33" 32124.18359375 5791.1376953125 28787.865234375
"34" 31931.2551 6748.4264 30068.9444
"35" 31764.5587 7738.6928 31312.4637
"36" 31986.5321 9189.256 31965.3834
"37" 32190.9202 10692.5686 32496.4758
"38" 32830.7612 12113.7757 32857.6355
"39" 33697.6847 13397.3798 32437.4259
"40" 34645.7403 14576.02 31938.2431
"41" 35789.701 15430.4582 31205.4589
"42" 36974.0915 16058.0512 30342.2674
"43" 37972.3235 16429.3035 29141.3246
"44" 38817.5439 16902.6724 27915.6985
"45" 39162.699 16214.0706 26543.9227
"46" 38742.0673 15046.9695 25522.5093
"47" 38312.2184 13663.8383 24824.1227
"48" 37821.3527 12284.726 24162.8974
"49" 37181.6263 10882.3341 23701.3417
"50" 36387.0263 9511.1863 23420.0082
"51" 35548.3883 8153.5474 23461.6542
"52" 34478.461 7001.8071 23808.9279
"53" 33468.9801 5996.0253 24518.3941
"54" 32677.0521 5316.7332 25702.7345
"55" 32305.6781 5392.0694 27237.8358
"56" 39193.9140625 20137.6171875 24017.09765625
"57" 37821.6138 18230.6996 23278.6375
"58" 36412.3791 16283.8829 22763.3785
"59" 35052.5099 14222.8584 22577.5499
"60" 33615.8868 12210.202 22367.6133
"61" 32498.7619 10082.7583 22047.8525
"62" 31998.3708 7789.5171 21648.8303
"63" 30939.9262 5692.1206 21852.9262
"64" 29170.4111 4149.7015 22387.2134
"65" 26893.099609375 3475.6171875 23053.6015625
"66" 39193.9140625 20137.6171875 24017.09765625
"67" 26765.95703125 2205.353515625 27592.7109375
"68" 26893.099609375 3475.6171875 23053.6015625
"69" 26765.95703125 2205.353515625 27592.7109375
"70" 26782.642 3543.7866 29350.9946
"71" 26666.4899 5186.1739 30810.0855
"72" 26328.2907 7170.5641 31732.7274
"73" 26024.1366 9259.4073 32408.9229
"74" 25917.3928 11338.6452 33146.8579
"75" 25764.6152 13540.7944 33322.0633
"76" 25640.612 15751.3077 33460.2155
"77" 25520.7383 17955.5641 33666.7221
"78" 25392.4431 20138.8555 34021.573
"79" 25229.8826 22314.2644 34390.2484
"80" 25122.9296 24509.4238 34692.8967
"81" 24885.7927 26702.9868 34697.8145
"82" 24615.6475 28881.2558 35009.4752
"83" 24345.6993 31077.6914 35130.0975
"84" 24154.3517 33271.3375 35402.6419
"85" 24065.9633 35406.4407 35985.7405
"86" 23906.6768 37588.6092 36357.0571
"87" 23881.69140625 39786.27734375 36664.3828125
"88" 23615.029296875 46696.359375 22442.921875
"89" 23881.69140625 39786.27734375 36664.3828125
"90" 27558.19140625 1672.224609375 20549.205078125
"91" 9562.578125 19238.2109375 22726.2890625
"92" 10167.2173 17886.4475 21631.7624
"93" 11308.2048 16308.6742 20959.5101
"94" 12523.0505 14684.9575 20620.4746
"95" 13719.1032 13006.773 20580.9434
"96" 15013.4948 11427.5005 20358.2291
"97" 16323.7949 9867.0189 20051.982
"98" 17643.2431 8361.1894 19573.918
"99" 19069.5943 6900.5358 19316.3819
"100" 20550.2292 5475.082 19337.2632
"101" 22109.1662 4193.6242 19633.7758
"102" 23830.7027 3146.3336 19712.4276
"103" 25659.1999 2362.6463 20146.2588
"104" 27558.19140625 1672.224609375 20549.205078125
"105" 9562.578125 19238.2109375 22726.2890625
"106" 21414.271484375 10016.064453125 22123.015625
"107" 21707.0703125 4851.13232421875 27898.408203125
"108" 21700.4346 5418.4028 29341.8594
"109" 21616.1877 6503.3481 30536.0814
"110" 21284.4303 7969.6066 31214.2949
"111" 20634.0774 9396.7863 31648.8223
"112" 19570.6362 10643.9471 31792.2857
"113" 18389.5763 11785.7679 31757.1173
"114" 17064.6943 12764.3082 31669.6975
"115" 15740.6341 13456.675 31019.9703
"116" 14518.4985 13941.6152 30029.4648
"117" 13415.1059 14232.2575 28842.8921
"118" 13144.8618 14068.7858 27342.4759
"119" 13483.8518 13592.8864 25799.1251
"120" 13912.7306 12866.8985 24489.176
"121" 14635.5589 11492.6187 23951.1199
"122" 15408.04 10115.2116 23475.4385
"123" 16558.8928 9000.6191 23137.4538
"124" 17833.9518 8016.7814 22823.3955
"125" 18966.159 6836.4387 22915.1853
"126" 20211.6845 6051.4139 23599.0834
"127" 21028.3568 5296.6664 24782.5425
"128" 21557.211 5130.768 26278.9415
"129" 11966.4033203125 18440.25390625 23390.02734375
"130" 13987.057 17071.8751 22752.1611
"131" 15630.2998 15149.1241 22364.2493
"132" 17229.0812 13212.0339 22418.4804
"133" 19328.8168 11768.8891 22471.3552
"134" 20937.7029 9889.0832 21874.0534
"135" 21514.3521 7542.2707 21176.0692
"136" 22770.5107 5429.8912 21395.1351
"137" 24622.1041 4020.2145 22017.2594
"138" 26893.099609375 3475.6171875 23053.6015625
"139" 11966.4033203125 18440.25390625 23390.02734375
"140" 38999.48828125 35183.24609375 18503.255859375
"141" 39025.96484375 35600.5390625 18157.068359375
"142" 39111.2578125 36017.2265625 17975.62109375
"143" 39258.703125 36401.55859375 17906.60546875
"144" 39469.9296875 36921.21484375 17893.390625
"145" 39375.6015625 35338.12890625 18762.443359375
"146" 39514.18359375 35733.02734375 18515.064453125
"147" 39608.94140625 36116.90625 18330.6171875
"148" 39694.57421875 36510.76171875 18223.30078125
"149" 39947.92578125 36932.421875 18283.8359375
"150" 39790.85546875 35592.71484375 19020.7578125
"151" 39935.5859375 35988.6796875 18810.626953125
"152" 39997.53515625 36344.64453125 18598.248046875
"153" 40175.51171875 36761.23046875 18510.677734375
"154" 40459.73046875 37163.9921875 18626.37890625
"155" 40095.09375 35807.44921875 19253.439453125
"156" 40277.5390625 36187.28125 19065.962890625
"157" 40403.60546875 36532.34375 18903.30078125
"158" 40511.09375 36870.6171875 18826.533203125
"159" 40828.87890625 37324.09375 19148.5390625
"160" 40451.2109375 36094.04296875 19598.166015625
"161" 40819.9921875 36478.99609375 19573.91796875
"162" 40962.7890625 36817.19140625 19383.30078125
"163" 41102.20703125 37074.4765625 19213.52734375
"164" 41204.84765625 37396.87109375 19112.439453125
"165" 41103.0078125 36228.49609375 19595.158203125
"166" 41291.7890625 36541.61328125 19392.130859375
"167" 41385.6171875 36820.671875 19249.412109375
"168" 41534.34765625 37167.10546875 19095.521484375
"169" 41610.90234375 37539.0234375 19034.11328125
"170" 41766.1953125 36120.6171875 19527.681640625
"171" 41813.4453125 36569.65625 19277.384765625
"172" 41874.49609375 37016.3671875 19096.244140625
"173" 41955.73828125 37602.5859375 18954.376953125
"174" 42298.74609375 36089.70703125 19500.259765625
"175" 42223.1953125 36461.15234375 19275.552734375
"176" 42279.921875 36790.66015625 19106.279296875
"177" 42276.66796875 37409.796875 18907.623046875
"178" 42796.61328125 35993.52734375 19600.05078125
"179" 42751.08203125 36423.3828125 19269.193359375
"180" 42706.26171875 36901.78515625 19028.13671875
"181" 42713.36328125 37483.83984375 18843.1328125
"182" 43162.37890625 36163.578125 19554.939453125
"183" 43177.81640625 36548.93359375 19284.572265625
"184" 43118.83984375 36895.96875 19026.96875
"185" 43026.30859375 37506.76171875 18846.015625
"186" 43554.3828125 36543.25390625 19409.466796875
"187" 43487.375 36893.04296875 19140.966796875
"188" 43526.6953125 37340.00390625 18973.65625
"189" 41482.47265625 19237.8515625 24281.033203125
"190" 40835.5 18434.400390625 24826.69921875
"191" 39985.39453125 16997.03515625 25290.755859375
"192" 39985.69921875 16989.19921875 25270.599609375
"193" 38834.80078125 18435.80078125 23429.69921875
"194" 39109.15234375 18781.56640625 23573.005859375
"195" 39176.7109375 19141.41015625 23613.890625
"196" 40571.2734375 18500.162109375 23080.072265625
"197" 40494.51171875 17292.408203125 24470.478515625
"198" 39602.69921875 16090.900390625 24938.5
"199" 38836.80078125 17009.19921875 23153.69921875
"200" 38609 17412.1171875 23176.947265625
"201" 38521.29296875 17677.03125 23201.2734375
"202" 39980.0859375 17167.408203125 22644.126953125
"203" 39285.578125 16809.53515625 23042.513671875
"204" 39221.3984375 15132.7998046875 24763.900390625
"205" 38301.41796875 15966.689453125 22973.439453125
"206" 38199.20703125 16210.0068359375 22960.30078125
"207" 37849.40625 16486.677734375 22915.30859375
"208" 37421.69140625 16621.921875 22831.138671875
"209" 39282.62109375 15869.2509765625 22375.09765625
"210" 38587.03515625 15357.4345703125 22807.658203125
"211" 37271.98046875 14434.59375 24304.978515625
"212" 37612.23046875 14824.1064453125 22761.060546875
"213" 37416.2109375 15268.33984375 22775.37109375
"214" 36919.16796875 15572.9853515625 22726.603515625
"215" 38843.45703125 14796.1318359375 21987.669921875
"216" 38155.265625 14310.9892578125 22540.892578125
"217" 37439.984375 13809.5263671875 22654.71484375
"218" 36818.55859375 13571.3173828125 24007.154296875
"219" 36968.5546875 14140.294921875 22721.484375
"220" 36628.62890625 14508.5341796875 22669.28515625
"221" 35988.21484375 14618.94140625 22696.36328125
"222" 38280.359375 13578.2236328125 21676.58984375
"223" 37800.15234375 13171.8984375 22238.498046875
"224" 37124.4140625 12649.978515625 22452.298828125
"225" 36297.37109375 12282.138671875 23686.06640625
"226" 36346.71875 12768.6259765625 22475.232421875
"227" 35848.46484375 13037.984375 22413.099609375
"228" 35357.1171875 13489.6875 22456.021484375
"229" 37533.3515625 12151.22265625 21460.6171875
"230" 36841.6796875 11664.6396484375 22027.611328125
"231" 36256.84375 10880.0615234375 23607.75
"232" 35445.078125 11043.455078125 23331.693359375
"233" 35521.9296875 11593.5009765625 22202.39453125
"234" 35100.00390625 12037.1435546875 22205.609375
"235" 34489.93359375 12389.2685546875 22218.373046875
"236" 36634.71875 10640.3876953125 21200.529296875
"237" 36041.890625 10317.791015625 21719.04296875
"238" 35544.6484375 9722.4189453125 23275.095703125
"239" 35000.3359375 9822.7294921875 23049.88671875
"240" 34765.83203125 10663.9404296875 21999.31640625
"241" 34206.46484375 11178.013671875 22024.3125
"242" 35944.5546875 9472.3408203125 20750.693359375
"243" 35392.83203125 9170.8017578125 21331.884765625
"244" 35486.5 8322.9404296875 21926.30078125
"245" 34438.80859375 8795.9931640625 22978.60546875
"246" 34228.13671875 9157.35546875 21681.267578125
"247" 33907.1015625 9508.77734375 21745.7734375
"248" 33167.6796875 10103.1240234375 21802.23046875
"249" 34925.5625 8064.50341796875 20468.66796875
"250" 34395.1328125 7853.95263671875 21241.05859375
"251" 33726.1015625 6528.56982421875 22167
"252" 33688.80078125 7727.33984375 21640.69921875
"253" 33475.74609375 7789.1220703125 21647.400390625
"254" 32886.12109375 7945.666015625 21661.044921875
"255" 32324.57421875 8333.5869140625 21687.744140625
"256" 33923.62890625 6705.7470703125 20241.134765625
"257" 33735.1015625 6484.6630859375 21210.7578125
"258" 33327.8984375 6319.34619140625 22355.390625
"259" 32963.91796875 6373.76123046875 22151.626953125
"260" 32696.818359375 6525.0869140625 21540.40234375
"261" 32351.517578125 6628.0068359375 21524.12890625
"262" 31945.078125 6622.15673828125 21507.65234375
"263" 33258.30859375 5769.52587890625 20145.232421875
"264" 33029.76171875 5522.7314453125 21992.892578125
"265" 32182.6015625 5392.5693359375 22260.591796875
"266" 31723.37109375 5142.23486328125 22056.068359375
"267" 31418.888671875 5075.97705078125 21732.92578125
"268" 30953.62890625 5002.27734375 21862.84375
"269" 32279.95703125 4601.2177734375 20147.998046875
"270" 32147.775390625 4850.44775390625 21381.650390625
"271" 31771.62890625 4595.833984375 22156.904296875
"272" 31158.123046875 4393.8291015625 21949.76171875
"273" 30545.423828125 4200.86181640625 22171.013671875
"274" 29907.435546875 4045.64501953125 22112.240234375
"275" 31481.982421875 3851.36206054688 20862.9765625
"276" 31186.822265625 3834.48974609375 22152.048828125
"277" 30293.974609375 3816.52807617188 22316.439453125
"278" 29510.5234375 3617.43383789062 22147.26953125
"279" 28744.08984375 3538.04174804688 22391.03125
"280" 30778.52734375 3286.44165039062 20601.21875
"281" 30457.806640625 3387.10498046875 21518.515625
"282" 29942.630859375 3451.6923828125 22347.66796875
"283" 29208.046875 3359.50561523438 22190.150390625
"284" 28294.693359375 3259.42944335938 22627.25390625
"285" 30036.333984375 2844.94384765625 20573.130859375
"286" 29697.708984375 2999.00024414062 21665.5703125
"287" 29140.677734375 3090.29516601562 22589.017578125
"288" 28175.78515625 3088.75341796875 22677.083984375
"289" 29370.833984375 2588.50903320312 20830.58203125
"290" 28987.6015625 2564.94067382812 21767.53515625
"291" 28639.40234375 2898.6142578125 22688.3125
"292" 27547.69140625 3089.27783203125 23022.783203125
"293" 28730.357421875 2259.39990234375 21074.126953125
"294" 28414.47265625 2204.248046875 21942.75390625
"295" 28007.4765625 2401.47827148438 22775.169921875
"296" 27451.900390625 2744.22998046875 22931.80078125
"297" 28040.611328125 1916.34375 21438.50390625
"298" 27545.005859375 2010.77392578125 22531.6171875
"299" 10288.67578125 17715.70703125 23287.37890625
"300" 10997.3642578125 16831.041015625 23825.537109375
"301" 12243.7001953125 16303.2998046875 24474.5
"302" 12301.2998046875 16394.80078125 24503.400390625
"303" 11973.033203125 16291.0556640625 24288.0234375
"304" 12236.0419921875 17559.263671875 22773.1953125
"305" 11117.6240234375 17351.376953125 22199.109375
"306" 11885.537109375 15590.3740234375 23495.662109375
"307" 12409.5458984375 14871.396484375 24029.19140625
"308" 12321.400390625 14986.599609375 23955.900390625
"309" 13079.2353515625 16010.0341796875 22380.048828125
"310" 13613.7919921875 16225.05078125 22389.875
"311" 11835.9921875 16102.0712890625 21823.6953125
"312" 12798.94921875 15444.39453125 22181.306640625
"313" 12989.01953125 13677.0009765625 23987.8828125
"314" 13693.7998046875 14565.7001953125 22236.400390625
"315" 13838.6572265625 14757.8505859375 22225.099609375
"316" 14323.912109375 14927.357421875 22171.837890625
"317" 15025.2353515625 14849.892578125 22106.759765625
"318" 12700.5810546875 14779.890625 21572.53515625
"319" 13875.3642578125 13791.5791015625 22131.515625
"320" 15098.673828125 13064.099609375 24053.46875
"321" 15332.61328125 13153.951171875 23767.62890625
"322" 14904.2529296875 13477.8125 22263.947265625
"323" 15262.6865234375 13686.7763671875 22249.91796875
"324" 16260.1513671875 13592.0341796875 22806.421875
"325" 13376.1025390625 13542.6884765625 21353.076171875
"326" 14321.8974609375 12765.2568359375 21995.49609375
"327" 15827.2392578125 11536.0126953125 23512.912109375
"328" 15961.88671875 11902.3330078125 22207.69921875
"329" 16272.33984375 12251.6884765625 22140.064453125
"330" 16957.19140625 12491.8984375 22248.00390625
"331" 14880.4462890625 11631.578125 21120.58203125
"332" 15669.1845703125 11100.1357421875 21969.482421875
"333" 16514.203125 10624.421875 22083.015625
"334" 16951.923828125 11168.7197265625 22116.13671875
"335" 17337.3984375 11328.7587890625 22160.587890625
"336" 18053.529296875 11611.0859375 22210.0703125
"337" 16026.41015625 10245.162109375 20919.24609375
"338" 16812.763671875 9939.9345703125 21767.173828125
"339" 17654.01171875 9504.1708984375 22944.494140625
"340" 17843.6640625 10000.8671875 21849.056640625
"341" 18268.884765625 10296.0556640625 21863.107421875
"342" 18905.7578125 10645.6025390625 21946.69921875
"343" 17031.705078125 9172.2578125 20447.25390625
"344" 17538.583984375 8961.5712890625 21181.94140625
"345" 18327.41796875 8501.3359375 22581.00390625
"346" 18868.224609375 8947.2919921875 21491.513671875
"347" 19283.90234375 9113.625 21508.29296875
"348" 19896.51171875 9435.90625 21552.734375
"349" 18169.197265625 7947.6455078125 20243.62109375
"350" 18796.18359375 7775.95068359375 20839.537109375
"351" 19049.15234375 7598.39404296875 22535.69921875
"352" 19628.4765625 7746.76953125 21185.11328125
"353" 19874.271484375 7742.9853515625 21220.080078125
"354" 20196.845703125 7678.28857421875 21229.26953125
"355" 20896.56640625 7514.853515625 21164.453125
"356" 19280.66796875 6816.60693359375 19856.15234375
"357" 19684 6405.02001953125 21050.400390625
"358" 20168.16015625 6173.8818359375 21360.74609375
"359" 20728 5826.0400390625 21487.80078125
"360" 20956.927734375 6285.1162109375 20907.306640625
"361" 21429.306640625 6069.62939453125 20853.7109375
"362" 22098.38671875 5648.32470703125 21029.009765625
"363" 20874.736328125 5319.06494140625 20045.794921875
"364" 20855.099609375 5479.5 21182
"365" 21775.056640625 5173.96337890625 22038.904296875
"366" 21876.79296875 5137.04150390625 21848.119140625
"367" 22246.09765625 5025.06396484375 21637.783203125
"368" 22904.421875 4683.62158203125 21326.6953125
"369" 21747.33984375 4432.6435546875 20069.01171875
"370" 22095.32421875 4527.80859375 20786.216796875
"371" 22181.02734375 4244.0869140625 21949.849609375
"372" 23244.296875 4107.9482421875 21604.611328125
"373" 23702.162109375 3970.0615234375 21676.16796875
"374" 24648.361328125 3711.14111328125 21759.4765625
"375" 23115.58203125 3755.158203125 20467.19921875
"376" 23159.45703125 3574.3994140625 21693.345703125
"377" 23320.59765625 3421.89501953125 21783.951171875
"378" 24389.701171875 3486.18237304688 21869.232421875
"379" 25259.34765625 3302.20043945312 22149.57421875
"380" 25997.080078125 3152.7783203125 22571.5
"381" 24262.306640625 3035.5810546875 20408.9609375
"382" 24650.4140625 3086.77514648438 21154.931640625
"383" 24820.111328125 2820.69409179688 21953.3359375
"384" 25472.5 3101.83520507812 22562.61328125
"385" 26215.005859375 3120.15698242188 23034.908203125
"386" 25150.61328125 2683.77465820312 20603.236328125
"387" 25561.1015625 2731.07690429688 21469.349609375
"388" 26168.830078125 2758.80932617188 22865.189453125
"389" 26085.37109375 2274.81567382812 21026.26171875
"390" 26157.2734375 2193.990234375 22503.275390625
