"V1" "V2" "V3"
"1" 33.8155670166016 25.1646251678467 104.269813537598
"2" 34.3197 23.5055 103.2711
"3" 34.2089 21.8978 102.1326
"4" 33.427 20.2341 101.3512
"5" 32.5804 18.5254 100.7344
"6" 31.6696 16.8753 100.0432
"7" 30.6723 15.2401 99.4499
"8" 29.8393 13.4834 98.9913
"9" 28.9447 11.7266 98.6254
"10" 28.1073 9.9309 98.3483
"11" 27.3882 8.0738 98.1395
"12" 26.5071 6.2972 97.9411
"13" 25.5063 4.5826 97.6806
"14" 24.165 3.1369 97.3263
"15" 22.4964 2.0989 97.0006
"16" 20.5162048339844 1.8876713514328 96.8397064208984
"17" 35.0478096008301 47.7872772216797 97.280517578125
"18" 36.533 48.1929 97.3768
"19" 38.0561 47.9536 97.1503
"20" 39.4076 47.4219 96.5611
"21" 40.8769 47.1544 96.148
"22" 42.135 47.8363 95.7151
"23" 42.2406 49.221 95.2497
"24" 41.654 50.635 95.0287
"25" 40.4949 51.5501 95.0217
"26" 39.0318 51.5892 95.5852
"27" 37.556 51.3808 95.9961
"28" 36.0735 50.9507 95.8243
"29" 34.8798 50.0008 95.7652
"30" 34.4294 48.6552 96.4028
"31" 33.8155670166016 25.1646251678467 104.269813537598
"32" 24.7015953063965 23.4471073150635 102.981895446777
"33" 25.4396476745606 14.3865175247192 113.142669677734
"34" 24.3756 15.2141 114.2237
"35" 23.8559 16.5067 115.1905
"36" 23.5025 18.0091 115.967
"37" 23.4952 19.7143 116.3071
"38" 23.9651 21.3544 116.6504
"39" 24.8216 22.8661 116.765
"40" 26.0141 24.1322 116.6275
"41" 27.3358 25.2359 116.4181
"42" 28.8416 25.884 115.8305
"43" 30.2774 25.6766 114.9534
"44" 31.492 24.9634 113.9254
"45" 32.5014 24.3305 112.658
"46" 33.2218 23.4156 111.3702
"47" 33.4343 22.1405 110.2383
"48" 33.0409 20.6131 109.509
"49" 32.6747 19.0855 108.757
"50" 31.9937 17.5518 108.3241
"51" 31.0876 16.0926 108.3071
"52" 30.0996 14.7103 108.6749
"53" 28.8565 13.8077 109.4986
"54" 27.6566 13.4134 110.6678
"55" 26.5242 13.7763 111.9189
"56" 31.4152545928955 29.4884643554688 103.050003051758
"57" 28.2208 28.6874 102.3367
"58" 26.1826 26.1182 102.7414
"59" 24.9429 22.9359 102.7014
"60" 24.2305 19.6186 102.3939
"61" 23.7072 16.3331 101.7494
"62" 24.5785 13.1263 101.1701
"63" 24.4757 9.7431 100.7248
"64" 22.9437 6.7045 100.289
"65" 20.3118826548258 4.67269849777222 99.5256601969401
"66" 31.4152545928955 29.4884643554688 103.050003051758
"67" 19.7272071838379 5.73387336730957 107.217727661133
"68" 20.3118826548258 4.67269849777222 99.5256601969401
"69" 19.7272071838379 5.73387336730957 107.217727661133
"70" 19.7933 7.8478 109.9294
"71" 19.9344 10.5162 112.0939
"72" 20.0293 13.6016 113.6189
"73" 20.2448 16.6592 115.1849
"74" 20.5733 19.8443 116.2411
"75" 20.2832 23.0608 117.3479
"76" 20.3602 26.4581 117.8801
"77" 20.4559 29.8984 117.7457
"78" 20.8239 33.3205 117.7579
"79" 21.1153 36.7526 117.7874
"80" 21.3967 40.1359 118.375
"81" 21.6552 43.5457 118.8001
"82" 21.8286 46.9657 119.1639
"83" 21.9717 50.4083 119.1946
"84" 22.2946 53.8385 119.3511
"85" 22.2441 57.2578 118.9706
"86" 22.3359 60.6608 118.4088
"87" 22.3520603179932 64.0818862915039 118.088233947754
"88" 23.7867813110352 66.3522338867188 95.730842590332
"89" 22.3520603179932 64.0818862915039 118.088233947754
"90" 20.5162048339844 1.8876713514328 96.8397064208984
"91" 8.11303329467773 26.1565322875977 102.646667480469
"92" 7.4524 24.4721 101.1697
"93" 8.0866 22.5169 100.0949
"94" 8.8666 20.395 99.5374
"95" 9.9627 18.4782 98.8261
"96" 11.0225 16.5126 98.1528
"97" 12.0305 14.4853 97.7139
"98" 12.8358 12.3567 97.3322
"99" 13.6922 10.1926 97.1727
"100" 14.3876 7.9656 97.0374
"101" 15.2586 5.8323 96.7625
"102" 16.5321 3.9052 96.5463
"103" 18.2629 2.393 96.6207
"104" 20.5162048339844 1.8876713514328 96.8397064208984
"105" 8.11303329467773 26.1565322875977 102.646667480469
"106" 17.7811813354492 23.6023139953613 102.926544189453
"107" 14.4933004379272 14.8979358673096 112.758209228516
"108" 15.7403 15.4989 113.8972
"109" 16.2156 16.8226 114.9046
"110" 16.7356 18.423 115.5383
"111" 16.6669 20.1358 115.9473
"112" 16.0506 21.7973 116.1634
"113" 15.1856 23.3688 116.1415
"114" 14.0377 24.7053 115.8086
"115" 12.7688 25.8127 115.2155
"116" 11.3492 26.1612 114.2406
"117" 10.0609 25.7373 113.0705
"118" 9.0001 25.2495 111.709
"119" 8.1737 24.6477 110.2322
"120" 7.7639 23.616 108.865
"121" 7.8256 22.071 107.9564
"122" 8.1806 20.5197 107.1417
"123" 8.743 18.8464 106.8349
"124" 9.4888 17.2229 106.9185
"125" 10.322 15.7326 107.4257
"126" 11.3177 14.8607 108.609
"127" 12.3961 14.3358 109.9468
"128" 13.445 14.4537 111.3651
"129" 11.8539113998413 30.5111427307129 101.853713989258
"130" 14.9565 29.3647 101.6946
"131" 16.0429 26.2354 102.2883
"132" 17.3967 23.1532 102.6788
"133" 17.7802 19.8997 102.1446
"134" 17.6491 16.6058 101.3632
"135" 16.8182 13.3652 100.7055
"136" 16.5953 10.0174 100.1906
"137" 17.8898 6.8825 99.9302
"138" 20.3118826548258 4.67269849777222 99.5256601969401
"139" 11.8539113998413 30.5111427307129 101.853713989258
"140" 35.4012336730957 48.3239097595215 96.7280807495117
"141" 35.3872108459473 48.887809753418 96.4396743774414
"142" 35.3189926147461 49.3805160522461 95.9785919189453
"143" 35.6730499267578 49.8412322998047 95.8608779907227
"144" 36.0048332214355 50.5505218505859 95.7195510864258
"145" 35.9909896850586 48.4927635192871 96.8601150512695
"146" 36.0007019042969 48.8402061462402 96.6668014526367
"147" 36.016242980957 49.4122085571289 96.3551025390625
"148" 36.0731086730957 50.044075012207 95.9281234741211
"149" 36.5795097351074 50.5140228271484 95.9378280639648
"150" 36.4741859436035 48.6362419128418 96.9141540527344
"151" 36.6952590942383 49.0590324401855 96.7012481689453
"152" 36.8221397399902 49.6928901672363 96.3931503295898
"153" 36.6112899780273 50.362377166748 95.9894561767578
"154" 37.4619636535645 50.8520126342773 96.109489440918
"155" 37.2619018554688 48.6847991943359 96.9941024780273
"156" 37.2559356689453 49.1344451904297 96.7451629638672
"157" 38.0187377929688 49.4648590087891 96.4453964233398
"158" 38.1712608337402 50.1874732971191 96.1145858764648
"159" 38.3142852783203 50.8798675537109 95.9015274047852
"160" 38.159854888916 48.6454963684082 96.7774887084961
"161" 38.290412902832 49.086498260498 96.5063858032227
"162" 38.5505790710449 49.503719329834 96.1882934570312
"163" 38.4410057067871 50.1670227050781 96.0085372924805
"164" 38.614387512207 50.8081359863281 95.7761001586914
"165" 38.438720703125 48.6418647766113 96.6094131469727
"166" 38.7080955505371 49.1605529785156 96.2205429077148
"167" 38.8417930603027 49.6291198730469 95.9416580200195
"168" 39.0828514099121 50.2300338745117 95.6482238769531
"169" 39.2419395446777 50.8605079650879 95.4919967651367
"170" 39.2241897583008 48.2487449645996 96.2463531494141
"171" 39.3883743286133 49.0511093139648 95.8537216186523
"172" 39.5133590698242 49.8651390075684 95.5207824707031
"173" 39.7061347961426 50.8305854797363 95.2946624755859
"174" 39.9335594177246 47.9980354309082 95.9837951660156
"175" 39.9527282714844 48.6866340637207 95.7483520507812
"176" 40.0810241699219 49.3200073242188 95.4951858520508
"177" 40.1270294189453 50.425537109375 95.2021331787109
"178" 40.5789108276367 47.6349906921387 95.9003143310547
"179" 40.6191368103027 48.5473365783691 95.5625839233398
"180" 40.640796661377 49.3590202331543 95.2558059692383
"181" 40.7216987609863 50.3487129211426 95.0229110717773
"182" 41.1571083068848 47.8717651367188 95.6715393066406
"183" 41.2267112731934 48.5771102905273 95.393913269043
"184" 41.1795349121094 49.2369499206543 95.1704559326172
"185" 41.1441307067871 50.237621307373 94.9539337158203
"186" 41.7565422058105 48.3848838806152 95.4179306030273
"187" 41.6788444519043 49.0402946472168 95.1956481933594
"188" 41.7523765563965 49.7483711242676 95.0377426147461
"189" 32.4952239990234 24.6423034667969 105.243705749512
"190" 32.5076065063477 24.5842399597168 106.233108520508
"191" 32.4961013793945 24.5225925445557 106.427085876465
"192" 32.076000213623 25.7446002960205 105.819000244141
"193" 31.9302158355713 26.4894046783447 104.922546386719
"194" 31.0741901397705 27.5659599304199 104.03987121582
"195" 30.9059886932373 28.4237518310547 103.146484375
"196" 33.085147857666 23.4075012207031 103.887565612793
"197" 32.5032768249512 23.9421939849854 105.641952514648
"198" 32.5631828308105 23.8436832427979 106.388793945312
"199" 31.8387508392334 24.9824638366699 105.177268981934
"200" 30.2664260864258 26.2996845245361 104.432411193848
"201" 29.7517032623291 27.1887893676758 103.187049865723
"202" 33.1976661682129 22.3869171142578 103.325614929199
"203" 31.9650001525879 22.7213001251221 104.776000976562
"204" 31.8532180786133 23.15207862854 106.035446166992
"205" 30.9289608001709 23.916690826416 105.956649780273
"206" 30.3958969116211 25.0421485900879 103.834808349609
"207" 29.2549133300781 26.1886558532715 103.356971740723
"208" 28.590913772583 27.0107688903809 103.015274047852
"209" 32.8175468444824 21.404634475708 103.173278808594
"210" 31.8069000244141 21.8304996490479 104.866996765137
"211" 31.4146900177002 22.1201229095459 106.497116088867
"212" 30.645866394043 23.1721630096436 104.92032623291
"213" 29.4164524078369 24.6799335479736 103.697158813477
"214" 28.0217266082764 26.1651992797852 103.063613891602
"215" 32.534423828125 20.426197052002 102.659873962402
"216" 31.2196006774902 21.1354007720947 104.199996948242
"217" 30.8166618347168 21.5045585632324 105.180671691895
"218" 30.2902984619141 22.0131988525391 105.556282043457
"219" 29.446964263916 23.31178855896 103.757308959961
"220" 28.1537818908691 24.7178020477295 103.268417358398
"221" 26.8217735290527 25.7101516723633 102.782585144043
"222" 32.0159072875977 19.3794193267822 102.167015075684
"223" 30.9279441833496 20.0306873321533 103.427803039551
"224" 30.2404842376709 20.0461654663086 105.386749267578
"225" 30.0589122772217 20.5809364318848 105.308692932129
"226" 29.6116371154785 21.8145313262939 103.724380493164
"227" 27.7537727355957 23.3867130279541 103.211631774902
"228" 26.670783996582 24.8969135284424 102.756813049316
"229" 31.2866592407227 18.0825366973877 101.759391784668
"230" 29.9789485931396 18.7042827606201 103.262893676758
"231" 30.1593189239502 18.6330871582031 105.738883972168
"232" 30.2574005126953 19.7264232635498 104.832878112793
"233" 28.6125087738037 21.2343406677246 103.379898071289
"234" 27.0205993652344 22.8184070587158 102.906608581543
"235" 25.6597728729248 24.2525100708008 102.567649841309
"236" 30.4468860626221 16.5069561004639 101.195091247559
"237" 29.3468151092529 17.3244075775146 103.182434082031
"238" 28.963794708252 17.4034004211426 105.20768737793
"239" 28.9372673034668 18.742805480957 104.712020874023
"240" 27.4076671600342 20.6104507446289 102.917358398438
"241" 26.0376091003418 22.6504325866699 102.609848022461
"242" 29.6326160430908 14.8925838470459 100.59188079834
"243" 28.7456455230713 15.5666255950928 102.353294372559
"244" 28.2976188659668 15.8720426559448 104.737159729004
"245" 29.111177444458 16.9834461212158 104.215278625488
"246" 28.1389427185059 18.1788940429688 103.030738830566
"247" 27.1527309417725 19.6487789154053 102.69017791748
"248" 24.4265537261963 21.8950309753418 102.881149291992
"249" 28.780366897583 13.0676050186157 100.025367736816
"250" 28.0367183685303 13.813325881958 102.572288513184
"251" 28.7655544281006 14.4151926040649 104.244689941406
"252" 28.6386623382568 15.2057037353516 102.597877502441
"253" 27.114990234375 15.7210378646851 101.990203857422
"254" 26.5091896057129 17.3524856567383 102.151420593262
"255" 25.6955451965332 19.1439895629883 102.275009155273
"256" 27.8093662261963 10.9018030166626 99.7048797607422
"257" 27.8937129974365 11.5519170761108 101.825393676758
"258" 28.1236820220947 12.637152671814 103.374633789062
"259" 27.8589115142822 12.7500877380371 102.40113067627
"260" 27.9971485137939 12.6155977249146 100.822479248047
"261" 26.2924842834473 14.4649229049683 101.419456481934
"262" 26.2340087890625 15.1366291046143 101.427001953125
"263" 27.2743091583252 9.22204971313477 99.1911239624023
"264" 26.7046031951904 10.9910545349121 103.040161132812
"265" 27.4488925933838 10.3554220199585 102.350196838379
"266" 26.6319923400879 9.69818592071533 101.486450195312
"267" 26.9405460357666 9.38394165039062 100.14363861084
"268" 24.5563812255859 10.3247919082642 100.796203613281
"269" 26.5067558288574 7.15137910842896 98.7343368530273
"270" 26.0395030975342 9.19658374786377 101.269317626953
"271" 26.1127796173096 8.91667652130127 102.346649169922
"272" 25.857738494873 8.15236759185791 102.00830078125
"273" 25.2014980316162 6.87602853775024 100.376998901367
"274" 24.8504962921143 6.05711507797241 100.184425354004
"275" 25.3704833984375 6.21326780319214 99.9557495117188
"276" 25.056360244751 7.93640899658203 101.65731048584
"277" 25.0766887664795 6.66753673553467 101.131317138672
"278" 23.6664180755615 4.93098306655884 100.034286499023
"279" 22.8864994049072 4.26697015762329 99.7932968139648
"280" 24.9943962097168 4.34211015701294 98.2383346557617
"281" 24.2973175048828 5.89467716217041 100.30982208252
"282" 23.5254554748535 6.5804328918457 100.748748779297
"283" 23.2189197540283 4.85471487045288 100.106460571289
"284" 22.3782634735107 5.35134553909302 100.135223388672
"285" 23.8221054077148 2.99262857437134 97.5022430419922
"286" 22.892915725708 5.33962535858154 100.115325927734
"287" 22.4741897583008 6.14928293228149 100.549598693848
"288" 22.3453006744385 5.3860502243042 100.144996643066
"289" 22.7949028015137 2.48202085494995 97.778694152832
"290" 22.8864994049072 4.26697015762329 99.7932968139648
"291" 22.3816299438477 5.96979236602783 100.459259033203
"292" 22.5289993286133 6.71593999862671 100.781997680664
"293" 21.6906757354736 2.22727799415588 97.8705978393555
"294" 21.654899597168 3.25656008720398 99.3198013305664
"295" 22.3416919708252 5.68356084823608 100.292549133301
"296" 22.3577995300293 5.92358016967773 100.435997009277
"297" 20.988676071167 2.69107031822205 98.6950607299805
"298" 21.654899597168 3.25656008720398 99.3198013305664
"299" 8.3832311630249 25.5734062194824 103.555290222168
"300" 9.26374530792236 25.5759201049805 104.490623474121
"301" 9.12481021881104 25.7504997253418 104.615997314453
"302" 9.34561443328857 27.1350708007812 104.35612487793
"303" 10.5401945114136 27.672571182251 103.522552490234
"304" 11.8273372650146 28.9367599487305 102.173843383789
"305" 8.58006858825684 24.7094707489014 102.247001647949
"306" 9.5977201461792 24.9365997314453 104.102996826172
"307" 9.30078220367432 24.977165222168 104.852233886719
"308" 10.0673484802246 25.8405265808105 103.478736877441
"309" 11.5471162796021 26.8624401092529 102.504486083984
"310" 13.3133945465088 28.1921844482422 102.212440490723
"311" 8.81306838989258 23.6016845703125 101.749778747559
"312" 9.72187614440918 23.8146991729736 103.338508605957
"313" 9.93439483642578 24.0068397521973 104.61173248291
"314" 10.3836870193481 24.6504917144775 104.093353271484
"315" 11.6921043395996 25.5938377380371 102.934783935547
"316" 13.3752021789551 26.6420783996582 102.587547302246
"317" 14.7081670761108 26.9440498352051 102.331939697266
"318" 9.11636734008789 22.553804397583 101.341331481934
"319" 10.1316385269165 22.8611335754395 103.469230651855
"320" 10.1983184814453 22.8778438568115 104.371513366699
"321" 10.5834102630615 23.0647983551025 103.983604431152
"322" 12.0968589782715 24.2377319335938 102.942016601562
"323" 13.7834215164185 25.3483180999756 102.797607421875
"324" 15.4281530380249 25.7818012237549 102.336868286133
"325" 9.38121891021729 21.4314193725586 101.09008026123
"326" 10.5762605667114 21.8572425842285 102.353202819824
"327" 10.7546014785767 21.6544532775879 104.115272521973
"328" 11.8302507400513 22.3459739685059 103.548530578613
"329" 13.5402202606201 23.384298324585 102.790649414062
"330" 15.4297580718994 24.5547733306885 102.399085998535
"331" 10.2202825546265 19.5177707672119 100.623809814453
"332" 11.1149425506592 20.327751159668 102.840019226074
"333" 11.2621297836304 20.3214092254639 104.773963928223
"334" 13.1383295059204 21.9104881286621 102.561973571777
"335" 14.099648475647 22.3178691864014 102.521293640137
"336" 16.3711223602295 24.0985355377197 102.336975097656
"337" 11.0478687286377 18.2290744781494 100.388931274414
"338" 11.5761594772339 18.8970890045166 102.941596984863
"339" 12.4329233169556 19.3513870239258 103.727897644043
"340" 12.878399848938 20.2859992980957 103.008003234863
"341" 13.8968000411987 21.165599822998 102.832000732422
"342" 16.5139331817627 22.9387798309326 102.221138000488
"343" 11.8502197265625 16.5413284301758 99.7593078613281
"344" 11.7774677276611 17.2041530609131 101.878890991211
"345" 12.4055004119873 17.8976993560791 103.86499786377
"346" 13.4464845657349 19.3384857177734 102.339241027832
"347" 15.4573984146118 19.9705543518066 101.993171691895
"348" 16.65380859375 21.6442222595215 102.165603637695
"349" 12.4872627258301 14.980978012085 99.44580078125
"350" 13.1022510528564 15.5619649887085 101.922996520996
"351" 12.5522794723511 16.1127033233643 103.912315368652
"352" 13.2459840774536 16.7089557647705 103.424186706543
"353" 13.6837177276611 17.3060607910156 101.476356506348
"354" 15.2084226608276 17.4058742523193 101.346328735352
"355" 16.8314399719238 17.5506839752197 101.395072937012
"356" 13.1662378311157 12.8910179138184 98.7084045410156
"357" 13.2882976531982 13.3671436309814 101.398361206055
"358" 12.5368728637695 14.3413257598877 103.112754821777
"359" 12.801887512207 13.9564256668091 102.819763183594
"360" 13.729829788208 14.1461572647095 100.720054626465
"361" 15.1307859420776 13.7884120941162 100.57544708252
"362" 15.2793598175049 13.3775005340576 100.542388916016
"363" 14.0202941894531 10.4133682250977 98.9307708740234
"364" 14.1255025863647 11.2976551055908 102.198684692383
"365" 13.6086902618408 12.2171249389648 102.442123413086
"366" 14.0866327285767 11.5603322982788 102.261512756348
"367" 14.1478118896484 10.6842393875122 100.514190673828
"368" 15.4983386993408 9.69355392456055 100.081565856934
"369" 14.4640884399414 8.57596206665039 98.3877563476562
"370" 15.1984100341797 9.47116947174072 99.9778747558594
"371" 14.346399307251 10.3318729400635 101.865585327148
"372" 15.0324087142944 8.13920307159424 100.885246276855
"373" 15.5885591506958 7.35812950134277 99.582649230957
"374" 17.7597751617432 5.94747924804688 99.7209777832031
"375" 15.2214736938477 6.60991764068604 98.5656967163086
"376" 15.3070697784424 7.29730272293091 100.478744506836
"377" 15.5157337188721 8.36989688873291 100.893119812012
"378" 16.2893257141113 6.13302564620972 99.8661804199219
"379" 17.5817241668701 5.51482820510864 99.7061309814453
"380" 18.4848003387451 5.32407999038696 99.6483993530273
"381" 16.2163925170898 4.47912883758545 97.2128372192383
"382" 17.2525424957275 5.72356557846069 99.5820465087891
"383" 17.5972518920898 6.65498447418213 100.18928527832
"384" 18.0520820617676 6.78054714202881 100.289459228516
"385" 18.2361698150635 6.36251592636108 100.055473327637
"386" 17.4802894592285 3.09994888305664 97.3091201782227
"387" 18.4848003387451 5.32407999038696 99.6483993530273
"388" 18.1143131256104 6.7274112701416 100.232536315918
"389" 18.6846008300781 2.68317008018494 97.9218978881836
"390" 18.5193462371826 5.43976306915283 99.6913299560547
