"V1" "V2" "V3"
"1" 33.1852264404297 22.3240051269531 22.7312183380127
"2" 33.3678 23.4465 21.3255
"3" 33.0317 24.1873 19.7196
"4" 32.5336 24.6315 18.029
"5" 31.9597 24.9608 16.3364
"6" 31.3163 25.1754 14.6565
"7" 30.6479 25.4422 13.0044
"8" 29.9337 25.8284 11.3765
"9" 29.1329 26.0388 9.7681
"10" 28.4067 26.1139 8.1251
"11" 27.6408 26.0081 6.496
"12" 26.7708 26.0118 4.9087
"13" 25.6473 26.0082 3.5077
"14" 24.3963 26.175 2.3043
"15" 22.7136 26.0817 1.6868
"16" 20.9439182281494 26.2948665618896 1.4247682094574
"17" 33.5225715637207 30.2845039367676 44.5158576965332
"18" 34.3216 29.3435 43.7172
"19" 35.7123 28.8384 43.5139
"20" 36.7863 29.6383 43.1544
"21" 37.5917 30.6014 42.4791
"22" 39.019 30.825 42.3291
"23" 39.9476 31.5121 43.1539
"24" 40.3077 32.1244 44.3811
"25" 39.8278 32.4588 45.7468
"26" 38.6646 32.5485 46.4825
"27" 37.3473 32.0057 46.31
"28" 36.6273 30.7396 46.223
"29" 35.2154 30.6235 46.4705
"30" 33.9501 30.5078 45.9177
"31" 33.1852264404297 22.3240051269531 22.7312183380127
"32" 26.8871173858643 23.6529045104981 18.9932804107666
"33" 26.410982131958 14.0054521560669 12.4759874343872
"34" 25.4012 12.8953 13.0941
"35" 24.7507 12.057 14.2852
"36" 24.4088 11.5481 15.7958
"37" 24.4366 11.1905 17.359
"38" 25.0291 10.9774 18.8563
"39" 26.0079 10.9971 20.1604
"40" 27.1798 11.2102 21.2792
"41" 28.4512 11.5215 22.2486
"42" 29.7437 11.9526 23.1389
"43" 30.9935 12.933 23.4622
"44" 32.1334 14.0387 23.1375
"45" 33.0905 15.2256 22.5475
"46" 33.5699 16.5066 21.681
"47" 33.4599 17.5412 20.4286
"48" 33.1283 18.2849 19.0176
"49" 32.7583 18.8654 17.5356
"50" 32.1148 19.0471 16.063
"51" 31.34 18.8315 14.6426
"52" 30.4807 18.4174 13.3167
"53" 29.4251 17.6652 12.3594
"54" 28.4119 16.486 11.9064
"55" 27.3931 15.2399 12.0462
"56" 32.2731590270996 22.4773616790771 26.3568515777588
"57" 30.3415 24.1353 25.2461
"58" 28.8935 24.3905 22.5718
"59" 28.1096 24.3095 19.6101
"60" 27.3347 24.3355 16.6291
"61" 26.4524 24.4008 13.6801
"62" 25.5783 23.9684 10.7604
"63" 24.4383 23.4861 7.9393
"64" 23.431 23.8229 5.0678
"65" 21.2985343933106 23.8592414855957 3.16515731811523
"66" 32.2731590270996 22.4773616790771 26.3568515777588
"67" 21.0596122741699 17.2096996307373 4.66038703918457
"68" 21.2985343933106 23.8592414855957 3.16515731811523
"69" 21.0596122741699 17.2096996307373 4.66038703918457
"70" 21.0857 16.3163 7.5194
"71" 21.1902 14.2513 9.734
"72" 21.287 12.7149 12.3409
"73" 21.5492 11.3032 14.9857
"74" 21.6889 10.5848 17.9141
"75" 21.7733 10.1543 20.9106
"76" 21.8756 9.9002 23.931
"77" 22.0516 10.0382 26.95
"78" 22.0365 10.1173 29.9794
"79" 22.1335 10.0003 33.0074
"80" 22.3047 10.0214 36.032
"81" 22.162 10.1566 39.0577
"82" 22.3666 10.336 42.0714
"83" 22.4803 10.2212 45.1004
"84" 22.3613 10.0601 48.125
"85" 22.3526 9.9039 51.1519
"86" 22.3812 9.7071 54.1789
"87" 22.3988285064697 9.70040225982666 57.2094955444336
"88" 22.0892772674561 30.3976268768311 62.6195907592773
"89" 22.3988285064697 9.70040225982666 57.2094955444336
"90" 20.9439182281494 26.2948665618896 1.4247682094574
"91" 10.7049236297607 22.1802482604981 23.2146682739258
"92" 10.6096 23.5551 21.7179
"93" 10.9739 24.399 19.901
"94" 11.4174 24.903 17.9709
"95" 12.0328 25.1415 16.037
"96" 12.5232 25.5452 14.0955
"97" 13.152 25.9113 12.1882
"98" 13.9128 26.1045 10.2968
"99" 14.5657 26.1752 8.4126
"100" 15.2606 26.181 6.5133
"101" 16.1963 26.2908 4.7168
"102" 17.2616 26.4171 3.0164
"103" 18.9909 26.1614 1.9996
"104" 20.9439182281494 26.2948665618896 1.4247682094574
"105" 10.7049236297607 22.1802482604981 23.2146682739258
"106" 16.6815452575684 23.4395980834961 20.0453948974609
"107" 17.838981628418 12.8753108978272 13.1825065612793
"108" 18.7591 12.0449 14.3851
"109" 19.1658 11.4307 15.9906
"110" 19.5093 11.0042 17.6644
"111" 18.9218 10.7289 19.3004
"112" 17.9323 10.7712 20.7551
"113" 16.7077 10.8297 22.0268
"114" 15.3367 11.0592 23.1299
"115" 13.9783 11.7295 24.0069
"116" 12.6707 12.891 24.1401
"117" 11.6733 14.2319 23.5664
"118" 10.9432 15.6201 22.7646
"119" 10.8256 17.0079 21.6933
"120" 11.1094 18.2963 20.514
"121" 11.6179 19.1014 19.0253
"122" 11.996 19.7195 17.4103
"123" 12.2132 19.2282 15.7882
"124" 12.619 18.576 14.2014
"125" 13.4512 17.834 12.8591
"126" 14.5159 16.6225 12.1426
"127" 15.6018 15.305 12.0264
"128" 16.6611 13.9769 12.4387
"129" 11.9177846908569 23.1166000366211 26.4821529388428
"130" 14.0312 24.2414 25.2302
"131" 15.2387 24.2545 22.4661
"132" 15.8983 24.1665 19.5335
"133" 16.352 24.3355 16.5615
"134" 16.8802 24.3523 13.6019
"135" 17.7513 23.7199 10.7793
"136" 18.4394 23.4307 7.8586
"137" 19.1936 23.8717 4.9931
"138" 21.2985343933106 23.8592414855957 3.16515731811523
"139" 11.9177846908569 23.1166000366211 26.4821529388428
"140" 34.3464088439941 30.1623020172119 44.3814926147461
"141" 34.5480079650879 30.4350528717041 45.0347747802734
"142" 34.8315582275391 30.692720413208 45.4379272460938
"143" 35.2298240661621 30.8028011322021 45.8172988891602
"144" 36.0069541931152 31.3220672607422 45.4896011352539
"145" 34.8965682983398 30.4493656158447 43.8036956787109
"146" 35.0662727355957 30.7897891998291 44.3979911804199
"147" 35.2899436950684 31.0953273773193 44.7783241271973
"148" 35.6794738769531 31.1905765533447 45.3465003967285
"149" 36.2504997253418 31.5314998626709 45.3959999084473
"150" 35.3011703491211 30.2313976287842 43.7112007141113
"151" 35.4202346801758 30.9596290588379 44.022876739502
"152" 35.5944633483887 31.3876781463623 44.6315612792969
"153" 36.142650604248 31.619930267334 45.1495780944824
"154" 36.564323425293 31.3450736999512 45.7252159118652
"155" 35.7601776123047 30.0840663909912 43.6163749694824
"156" 35.9517478942871 30.8571014404297 43.8064575195312
"157" 36.1037826538086 31.4732856750488 44.3086471557617
"158" 36.2709083557129 31.797306060791 45.0598030090332
"159" 36.8467864990234 31.9557151794434 45.4770088195801
"160" 36.1101722717285 30.2568836212158 43.6178131103516
"161" 36.2766380310059 31.0062980651855 43.8049964904785
"162" 36.5095863342285 31.7687149047852 44.3338623046875
"163" 36.7905349731445 32.127815246582 44.4599990844727
"164" 37.2680282592773 32.4559593200684 45.3824729919434
"165" 36.3951454162598 30.6917457580566 43.6176490783691
"166" 36.7275466918945 31.4157524108887 43.8047981262207
"167" 37.0635948181152 32.0506172180176 44.3482551574707
"168" 37.4923973083496 32.5145530700684 44.9301643371582
"169" 37.9346809387207 32.7468795776367 45.4482460021973
"170" 36.920482635498 31.1226558685303 43.2910308837891
"171" 37.1493110656738 31.977087020874 43.8012580871582
"172" 37.8035125732422 32.448299407959 44.4412384033203
"173" 38.4662666320801 32.8892631530762 45.3956985473633
"174" 37.4920883178711 31.4970760345459 43.0072860717773
"175" 37.7147941589355 32.0353584289551 43.4304008483887
"176" 38.0682907104492 32.4710426330566 43.9323844909668
"177" 38.6314277648926 32.9286422729492 44.8652992248535
"178" 38.1675033569336 31.544734954834 42.5469589233398
"179" 38.3326263427734 32.2526512145996 43.1891326904297
"180" 38.7419166564941 32.676643371582 43.9181938171387
"181" 39.2409934997559 32.7737884521484 44.8064918518066
"182" 38.8572311401367 31.6270771026611 42.6815986633301
"183" 38.9996032714844 32.4042053222656 43.0977249145508
"184" 39.3126640319824 32.3851051330566 43.8169860839844
"185" 39.6788063049316 32.6042938232422 44.7549362182617
"186" 39.6254959106445 31.9077377319336 43.0344161987305
"187" 39.7899055480957 32.2588920593262 43.6196975708008
"188" 40.124698638916 32.3723754882812 44.3153419494629
"189" 32.4631004333496 20.8325996398926 22.3700008392334
"190" 32.4115562438965 20.6084785461426 22.4610290527344
"191" 33.3750152587891 20.9819889068604 22.5801219940186
"192" 33.1523017883301 20.8336410522461 23.0832767486572
"193" 32.7017021179199 21.5925903320312 23.8293056488037
"194" 32.5461959838867 22.4638900756836 24.543981552124
"195" 32.1767311096191 22.9406929016113 25.3406448364258
"196" 32.2728157043457 22.7323780059814 21.303352355957
"197" 32.343147277832 20.6340179443359 21.9959888458252
"198" 33.4288139343262 21.3059692382812 21.8542652130127
"199" 33.2038040161133 21.7468490600586 22.3478813171387
"200" 32.3513221740723 22.8352069854736 23.2102546691895
"201" 31.6043357849121 23.5429401397705 23.9538097381592
"202" 31.9630908966064 22.9946479797363 20.5901336669922
"203" 31.5688667297363 21.9838695526123 20.8724021911621
"204" 32.2572135925293 21.4885063171387 20.5915336608887
"205" 32.6974983215332 21.6095008850098 20.8749008178711
"206" 32.1875152587891 23.1523399353027 22.1051788330078
"207" 31.3212966918945 23.7495765686035 22.9092826843262
"208" 30.4826488494873 24.1634635925293 23.5773868560791
"209" 31.4249992370605 23.1273002624512 19.3749008178711
"210" 31.6577758789062 21.8359184265137 19.7484340667725
"211" 32.4505157470703 21.5914154052734 20.309211730957
"212" 32.0741195678711 22.6057682037354 20.4788856506348
"213" 31.5865783691406 23.5939960479736 21.4830455780029
"214" 30.3565483093262 24.1531772613525 22.6122798919678
"215" 31.2641334533691 23.9190731048584 18.5520763397217
"216" 31.3974990844727 22.8185997009277 18.7194004058838
"217" 31.6173000335693 21.6644992828369 19.6560001373291
"218" 32.8185005187988 22.0076999664307 18.8136005401611
"219" 31.5859718322754 23.6095085144043 20.1849536895752
"220" 30.4296607971191 24.0166263580322 21.242504119873
"221" 29.6872367858887 24.3243007659912 22.1135425567627
"222" 31.0008792877197 24.1491241455078 17.4713001251221
"223" 31.1711864471436 23.1241607666016 17.9052715301514
"224" 30.0534992218018 22.1604995727539 17.9659996032715
"225" 31.7602005004883 22.7331008911133 17.6912994384766
"226" 31.371711730957 22.9668483734131 18.7203884124756
"227" 30.2501411437988 23.9831867218018 19.8704681396484
"228" 29.8522663116455 24.1545848846436 21.1119384765625
"229" 30.4166641235352 24.2596740722656 16.0699405670166
"230" 30.460693359375 22.956729888916 16.2984371185303
"231" 30.1621017456055 20.8012619018555 16.7029857635498
"232" 31.0620002746582 22.63330078125 17.2220993041992
"233" 30.7495651245117 23.8933162689209 17.7814025878906
"234" 29.7042140960693 24.1098003387451 19.1331787109375
"235" 29.1233005523682 24.2397994995117 20.2383003234863
"236" 29.8115749359131 24.4906787872314 14.6028966903687
"237" 29.7827320098877 22.9083194732666 14.9536390304565
"238" 29.8043270111084 20.5062007904053 15.8184003829956
"239" 30.4833564758301 22.7735748291016 15.9145479202271
"240" 29.6256828308105 24.0702629089355 17.171558380127
"241" 28.9455547332764 24.2380180358887 18.7484817504883
"242" 29.4869060516357 24.9479675292969 12.8966236114502
"243" 29.2293682098389 23.1463813781738 13.2504816055298
"244" 28.7858009338379 21.5872993469238 13.7701997756958
"245" 30.993278503418 22.1450939178467 13.8016958236694
"246" 29.8309993743896 23.2411003112793 14.9139003753662
"247" 28.7313823699951 24.2388134002686 16.1915893554688
"248" 28.0032558441162 24.3678417205811 18.086706161499
"249" 28.6787891387939 25.0537338256836 11.1945514678955
"250" 28.7365303039551 22.9655933380127 11.6471271514893
"251" 30.1250610351562 21.9441699981689 11.7172403335571
"252" 29.0402431488037 22.8521976470947 12.6598958969116
"253" 28.2293968200684 24.3541812896729 13.2293796539307
"254" 27.6068572998047 24.4958992004395 14.427074432373
"255" 26.8692474365234 24.3957443237305 15.9098463058472
"256" 27.9113864898682 25.3016891479492 9.16069316864014
"257" 28.0269622802734 23.3416347503662 9.8416805267334
"258" 28.2911148071289 21.5772743225098 10.6166896820068
"259" 28.4123878479004 22.9581966400146 10.564058303833
"260" 27.4668312072754 24.4175662994385 10.8228712081909
"261" 26.9806804656982 24.6140556335449 11.9774055480957
"262" 26.5630359649658 24.5384845733643 12.6440343856812
"263" 27.3975410461426 25.424036026001 7.71747970581055
"264" 27.6140403747559 22.2960529327393 9.12118339538574
"265" 27.4934024810791 22.3433628082275 8.78462028503418
"266" 26.5295715332031 23.0385360717773 8.54174995422363
"267" 26.1427803039551 24.3247737884521 8.30796241760254
"268" 25.3704776763916 24.0240001678467 8.8646068572998
"269" 26.6238746643066 25.4976367950439 5.84811401367188
"270" 26.2609443664551 23.0795211791992 7.63174772262573
"271" 26.8195571899414 22.6102123260498 7.35122060775757
"272" 26.5824680328369 22.7172222137451 6.83975028991699
"273" 25.5755004882812 24.339599609375 6.05874013900757
"274" 24.4177150726318 23.9861164093018 6.07343912124634
"275" 25.4435291290283 24.6594295501709 5.36145210266113
"276" 25.5864696502686 23.2518005371094 6.78359317779541
"277" 25.8077869415283 23.2127933502197 5.6422815322876
"278" 24.5720882415771 23.7239322662354 4.22362613677979
"279" 23.1144714355469 23.939323425293 4.46605205535889
"280" 24.9258842468262 25.3236064910889 3.5389084815979
"281" 24.8226833343506 23.639232635498 4.84078121185303
"282" 25.3312091827393 23.4202327728271 4.43368625640869
"283" 24.0082607269287 23.7665996551514 3.74399209022522
"284" 22.727855682373 23.6378993988037 3.26469826698303
"285" 24.0069007873535 25.7570991516113 2.52796006202698
"286" 23.6056957244873 24.1536712646484 4.45781564712524
"287" 23.1195602416992 23.5925216674805 4.00561380386353
"288" 22.9176998138428 23.5944995880127 3.75650000572205
"289" 22.7154998779297 25.6112995147705 2.53972005844116
"290" 22.8070430755615 24.1403331756592 3.56418061256409
"291" 23.2680912017822 23.6183624267578 5.13144445419312
"292" 21.0807056427002 23.5282535552979 3.18239998817444
"293" 21.9829559326172 25.6586513519287 2.3444664478302
"294" 21.9836273193359 24.0359001159668 3.26379203796387
"295" 21.5358009338379 23.6807994842529 3.36960005760193
"296" 20.3561000823975 23.714599609375 3.65039992332458
"297" 21.5976161956787 24.8744869232178 2.35936284065247
"298" 21.0990600585938 23.6789588928223 3.36960005760193
"299" 11.6597280502319 21.8373126983643 23.1058731079102
"300" 11.6962995529175 20.8096008300781 22.8397998809814
"301" 10.7791442871094 21.0118198394775 23.2004280090332
"302" 10.9585466384888 21.0427074432373 23.7293357849121
"303" 10.9706296920776 22.052906036377 24.216423034668
"304" 11.8079280853271 23.2193241119385 25.2230701446533
"305" 11.9603004455566 22.6863994598389 21.9969005584717
"306" 11.7634000778198 20.7845993041992 22.744800567627
"307" 10.6174783706665 21.4015445709229 22.4075908660889
"308" 11.4540100097656 22.0014553070068 22.7516708374023
"309" 11.7449636459351 23.1798782348633 23.5417423248291
"310" 12.7673358917236 23.9462757110596 24.4637260437012
"311" 11.9216432571411 23.5080680847168 21.2097682952881
"312" 12.2261152267456 22.269947052002 21.3506603240967
"313" 12.140700340271 21.7931995391846 21.6215991973877
"314" 11.1014003753662 21.4776000976562 21.1546993255615
"315" 11.8309459686279 23.2527961730957 22.4891796112061
"316" 12.9734296798706 23.9381999969482 23.1625690460205
"317" 13.89599609375 24.3266277313232 23.6562538146973
"318" 11.8585166931152 23.8547325134277 20.2648181915283
"319" 12.2264995574951 22.3938007354736 20.8728008270264
"320" 12.218376159668 22.3944702148438 20.8728981018066
"321" 11.2002000808716 21.3824005126953 20.967399597168
"322" 11.8832998275757 23.4662990570068 21.340799331665
"323" 13.039722442627 23.9470748901367 22.1254749298096
"324" 14.2219390869141 24.2946453094482 22.5157775878906
"325" 12.1308631896973 23.9816856384277 19.311372756958
"326" 12.6154003143311 22.8390007019043 19.0072002410889
"327" 12.8043003082275 22.568000793457 19.0006999969482
"328" 11.7117004394531 23.0186996459961 20.1352005004883
"329" 12.6536531448364 23.7699317932129 20.4117546081543
"330" 13.92214012146 24.1528072357178 21.2644367218018
"331" 12.5910291671753 24.2534027099609 17.6088199615479
"332" 13.4716491699219 22.4001483917236 17.8542079925537
"333" 13.4623003005981 22.2483997344971 18.1156005859375
"334" 12.6348466873169 23.8111896514893 19.2292728424072
"335" 13.2400817871094 23.965482711792 19.6376705169678
"336" 14.152624130249 24.1523246765137 20.7081985473633
"337" 13.067253112793 24.348274230957 16.2766246795654
"338" 13.4337520599365 22.6854248046875 16.9416236877441
"339" 13.2608280181885 22.5142860412598 17.2231960296631
"340" 12.3826999664307 22.8409004211426 17.225700378418
"341" 13.2451152801514 23.8953628540039 18.5102615356445
"342" 14.3115997314453 24.1952991485596 19.19580078125
"343" 13.1496772766113 24.8704090118408 14.6776685714722
"344" 13.585599899292 23.0032997131348 15.2554998397827
"345" 13.7923002243042 21.7471008300781 16.0041007995605
"346" 13.2131996154785 22.9085998535156 16.2863998413086
"347" 14.2772254943848 24.1014461517334 17.0568008422852
"348" 14.7575998306274 24.2385005950928 18.0648002624512
"349" 13.8274898529053 24.8035411834717 13.2475471496582
"350" 13.7184724807739 23.01340675354 13.5385417938232
"351" 14.4579362869263 21.4167289733887 14.1915378570557
"352" 13.4905261993408 22.818244934082 14.2297983169556
"353" 13.6204795837402 23.1606025695801 14.3819189071655
"354" 14.7096519470215 24.2481288909912 14.838604927063
"355" 15.7029266357422 24.4958992004395 15.238899230957
"356" 14.3825836181641 25.1728191375732 11.2348852157593
"357" 14.414400100708 23.0373001098633 11.7936000823975
"358" 14.5288600921631 21.6693668365479 12.270318031311
"359" 14.5744676589966 21.7490558624268 12.174355506897
"360" 14.5432538986206 23.7068328857422 11.9269676208496
"361" 15.5357971191406 24.4321517944336 11.8356285095215
"362" 16.5674934387207 24.4955062866211 11.5839099884033
"363" 15.3802728652954 24.9103736877441 9.03261852264404
"364" 15.1866149902344 22.6072311401367 9.74266910552979
"365" 14.9336853027344 22.2925987243652 10.3785600662231
"366" 15.0186996459961 22.306640625 9.81187343597412
"367" 15.2313184738159 23.5031852722168 8.88737678527832
"368" 17.0067939758301 24.1807479858398 8.67239475250244
"369" 15.7448120117188 25.2219486236572 7.32900667190552
"370" 16.4636001586914 23.210599899292 7.83603000640869
"371" 15.5709362030029 22.7586078643799 8.67049217224121
"372" 16.4986457824707 23.1540012359619 7.28593921661377
"373" 16.9139175415039 24.4533596038818 6.45672512054443
"374" 18.5760955810547 24.0135593414307 5.55619049072266
"375" 16.7739372253418 24.9414138793945 5.76029443740845
"376" 17.1316795349121 23.4239101409912 6.57821989059448
"377" 16.6737041473389 23.2581596374512 7.06010293960571
"378" 17.4264965057373 23.6189823150635 5.23530769348145
"379" 18.5195388793945 23.7665996551514 4.24093437194824
"380" 19.6408004760742 23.6807994842529 3.51669001579285
"381" 17.9994716644287 26.1188774108887 4.32563877105713
"382" 18.1019458770752 24.4071598052979 4.70970153808594
"383" 18.6931705474854 23.5949993133545 5.50949096679688
"384" 19.058931350708 23.7227993011475 4.38701772689819
"385" 19.3726005554199 23.7255001068115 4.35790014266968
"386" 18.5490493774414 25.5091190338135 3.34986162185669
"387" 19.1154556274414 24.262731552124 4.13426876068115
"388" 19.0860004425049 23.5904998779297 5.29516983032227
"389" 19.4780559539795 25.2749500274658 2.67188334465027
"390" 20.3561000823975 23.714599609375 3.65039992332458
