"V1" "V2" "V3"
"1" 53.061164855957 28.301176071167 6.11543369293213
"2" 51.8195 26.6872 4.6762
"3" 50.1829 24.8188 4.583
"4" 48.6014 23.3191 3.7011
"5" 47.1591 21.387 3.2459
"6" 45.5166 19.4977 3.145
"7" 43.9871 17.5334 2.9092
"8" 42.5358 15.5568 2.6386
"9" 40.8778 13.6638 2.5557
"10" 39.281 11.788 2.8888
"11" 37.7736 9.7995 2.9985
"12" 36.088 7.9426 3.2246
"13" 34.5407 6.0194 3.5434
"14" 32.8721 4.2486 4.1453
"15" 30.6486 3.2378 4.5872
"16" 28.17746925354 3.14692568778992 4.96855926513672
"17" 48.9605903625488 49.364990234375 3.83029937744141
"18" 50.6252 48.9236 3.8605
"19" 52.3813 48.9271 4.1713
"20" 54.0172 48.8123 3.6417
"21" 55.3425 48.6702 2.4523
"22" 56.7183 48.5338 1.4765
"23" 57.5088 49.6189 0.3759
"24" 57.6609 51.1982 0.1725
"25" 56.5315 52.0756 0.9005
"26" 55.1995 52.0035 2.1001
"27" 54.0634 52.5722 3.3508
"28" 52.3674 52.5056 3.6877
"29" 50.7399 52.0207 3.1261
"30" 49.4457 50.898 3.1464
"31" 53.061164855957 28.301176071167 6.11543369293213
"32" 35.2582015991211 19.3178215026856 9.86886882781982
"33" 40.3139114379883 14.2560615539551 16.6620864868164
"34" 39.5148 13.6285 18.1906
"35" 38.8528 13.8548 19.8194
"36" 38.5949 15.0749 21.1704
"37" 38.7912 16.7148 21.9531
"38" 39.2884 18.3516 22.5691
"39" 40.2399 19.8464 22.8298
"40" 41.5551 21.0923 22.9846
"41" 42.6534 22.5063 22.6073
"42" 43.6498 23.7026 21.6275
"43" 45.0253 24.5447 20.9061
"44" 46.7741 24.9485 20.5664
"45" 47.9613 25.5366 19.4126
"46" 49.2879 24.9193 18.3325
"47" 50.0408 23.7041 17.5245
"48" 49.6284 23.4596 15.8759
"49" 48.8252 22.5599 14.7462
"50" 48.2531 20.9284 14.604
"51" 47.1075 19.5482 14.4543
"52" 45.7883 18.279 14.4839
"53" 44.3453 17.15 14.6296
"54" 42.9376 15.9948 14.8244
"55" 41.566 15.106 15.6162
"56" 43.8666763305664 28.980770111084 11.5645923614502
"57" 41.3277 27.1422 11.5444
"58" 38.9338 25.0298 11.4184
"59" 37.066 22.5484 10.8969
"60" 35.6047 19.847 9.9807
"61" 34.1949 17.2173 8.8001
"62" 33.2601 14.3395 7.7648
"63" 32.4068 11.3057 7.2659
"64" 31.1794 8.3695 7.5738
"65" 28.66650390625 6.84034252166748 8.28527069091797
"66" 43.8666763305664 28.980770111084 11.5645923614502
"67" 29.5328884124756 5.93320083618164 14.5949172973633
"68" 28.66650390625 6.84034252166748 8.28527069091797
"69" 29.5328884124756 5.93320083618164 14.5949172973633
"70" 29.9293 7.7916 17.2732
"71" 30.3583 9.9382 19.6998
"72" 30.8049 12.5347 21.6548
"73" 31.0712 15.3511 23.3035
"74" 31.5773 18.4047 24.3932
"75" 32.125 21.44 25.5177
"76" 32.6456 24.5254 26.4859
"77" 32.8726 27.6457 27.4781
"78" 33.0519 30.703 28.6659
"79" 33.5979 33.7676 29.6951
"80" 33.8629 36.852 30.7635
"81" 34.2953 40.0183 31.4933
"82" 34.5425 43.2103 32.184
"83" 34.7261 46.4232 32.8355
"84" 35.1449 49.6574 33.2019
"85" 35.2716 52.909 33.366
"86" 35.4866 56.1758 33.348
"87" 35.4732551574707 59.4353904724121 33.080738067627
"88" 33.4688034057617 62.3113250732422 15.8951950073242
"89" 35.4732551574707 59.4353904724121 33.080738067627
"90" 28.17746925354 3.14692568778992 4.96855926513672
"91" 7.56918907165527 29.2047805786133 10.2704429626465
"92" 9.0117 27.9072 8.5269
"93" 10.1624 25.8374 7.1257
"94" 10.8754 23.4649 5.9143
"95" 12.4477 21.2624 5.3836
"96" 13.9803 18.9966 4.9988
"97" 15.3402 16.5992 4.6305
"98" 16.7759 14.2568 4.206
"99" 18.4105 12.008 4.2424
"100" 19.8662 9.655 4.1473
"101" 21.5756 7.5064 4.3722
"102" 23.2211 5.3171 4.7964
"103" 25.4825 3.7686 4.9496
"104" 28.17746925354 3.14692568778992 4.96855926513672
"105" 7.56918907165527 29.2047805786133 10.2704429626465
"106" 24.2517700195312 21.2017097473144 10.5256662368774
"107" 20.6759796142578 15.7279415130615 17.9876403808594
"108" 21.9176 15.462 19.3373
"109" 23.1134 15.8382 20.7392
"110" 23.7865 16.9584 22.0862
"111" 24.0317 18.538 23.0922
"112" 23.7087 20.2886 23.764
"113" 22.9409 21.849 24.4152
"114" 21.703 23.2547 24.72
"115" 21.0116 24.9026 24.2836
"116" 19.4687 25.9553 23.9053
"117" 17.7666 26.6351 23.5197
"118" 16.141 27.1772 22.8321
"119" 14.5333 27.222 21.8741
"120" 13.0727 26.4203 21.001
"121" 12.4758 25.7309 19.4142
"122" 12.5834 24.4643 18.1077
"123" 13.1339 23.1554 16.9003
"124" 14.0474 21.8279 16.076
"125" 15.1791 20.3084 16.1062
"126" 16.5435 18.9915 16.2105
"127" 17.7798 17.5742 16.4324
"128" 19.182 16.5513 17.1381
"129" 17.8956527709961 31.3128776550293 14.6943464279175
"130" 19.8368 29.1301 13.2569
"131" 21.7382 26.639 12.3756
"132" 23.1891 23.9199 11.571
"133" 24.316 21.0895 10.3964
"134" 25.1445 18.196 9.1475
"135" 25.692 15.2316 8.0753
"136" 25.8799 12.0781 7.4646
"137" 26.4527 8.917 7.838
"138" 28.66650390625 6.84034252166748 8.28527069091797
"139" 17.8956527709961 31.3128776550293 14.6943464279175
"140" 49.812385559082 49.6239929199219 3.25574135780334
"141" 49.9484558105469 50.1999778747559 3.17068290710449
"142" 50.0681457519531 50.6311073303223 3.12214756011963
"143" 50.438648223877 51.2089042663574 3.01704955101013
"144" 50.7634963989258 51.9279403686523 3.07878303527832
"145" 50.5299873352051 49.5580101013184 3.44636392593384
"146" 50.512378692627 50.0859069824219 3.26964378356934
"147" 50.8650436401367 50.3485107421875 3.2927725315094
"148" 50.8791694641113 51.2312126159668 3.11404657363892
"149" 51.5323753356934 51.7723045349121 3.28289675712585
"150" 51.1755294799805 49.6494369506836 3.61327505111694
"151" 51.3164176940918 50.0570869445801 3.5321249961853
"152" 51.3417015075684 50.8063011169434 3.35788989067078
"153" 51.6143646240234 51.4693336486816 3.33589696884155
"154" 52.3435440063477 52.0590972900391 3.53953289985657
"155" 51.8784255981445 49.5280418395996 3.79032897949219
"156" 51.964900970459 50.1785011291504 3.68091988563538
"157" 52.267276763916 50.6610679626465 3.64311408996582
"158" 52.7374992370605 51.3627014160156 3.6308000087738
"159" 53.3430366516113 52.1491088867188 3.56160688400269
"160" 52.7151985168457 49.4001007080078 3.94642996788025
"161" 52.977108001709 50.1074676513672 3.83591771125793
"162" 53.1746368408203 50.6404342651367 3.7296895980835
"163" 54.145149230957 51.3958549499512 3.21720576286316
"164" 54.1538009643555 52.0082015991211 3.15381002426147
"165" 53.7643280029297 49.4403991699219 3.65532541275024
"166" 54.0693016052246 50.0449981689453 3.45556998252869
"167" 54.3310737609863 50.6658134460449 3.14080858230591
"168" 54.6256141662598 51.173038482666 2.76724362373352
"169" 54.6560325622559 52.0329818725586 2.70989274978638
"170" 54.3608360290527 49.5354156494141 3.16147518157959
"171" 54.7604751586914 49.9850273132324 2.82785081863403
"172" 54.9993782043457 51.0252494812012 2.34914922714233
"173" 55.0475845336914 51.9191246032715 2.24045085906982
"174" 55.0609855651855 49.4056053161621 2.52601766586304
"175" 55.2454071044922 49.8215446472168 2.30230069160461
"176" 55.4062995910645 50.7611999511719 1.85254001617432
"177" 55.3874664306641 51.3785781860352 1.80372023582458
"178" 55.6506690979004 49.0983009338379 1.96933913230896
"179" 55.7726554870605 49.8497276306152 1.67499232292175
"180" 55.8910140991211 50.5299301147461 1.37059664726257
"181" 56.0449409484863 51.3760108947754 1.13950085639954
"182" 56.2416191101074 49.2403221130371 1.37481069564819
"183" 56.3900184631348 49.8564758300781 1.00814008712769
"184" 56.4408988952637 50.4463424682617 0.826852321624756
"185" 56.5853881835938 51.3371238708496 0.714732766151428
"186" 56.9217224121094 49.6458969116211 0.574970841407776
"187" 56.9672622680664 50.2482681274414 0.411707043647766
"188" 57.224479675293 50.9654502868652 0.16710102558136
"189" 51.1472320556641 27.6250171661377 8.58064842224121
"190" 50.5697174072266 27.1145076751709 11.1629734039307
"191" 48.7731857299805 26.1998825073242 13.1577177047729
"192" 47.4284934997559 26.7402400970459 12.9150123596191
"193" 46.5611991882324 27.3198223114014 11.9484758377075
"194" 45.3824462890625 27.7558460235596 11.526798248291
"195" 44.3991546630859 28.1999893188477 11.4717817306519
"196" 50.7859573364258 26.4666080474854 7.12557744979858
"197" 49.9488334655762 26.3857097625732 10.5093364715576
"198" 48.4248275756836 26.0358352661133 12.644567489624
"199" 47.2519226074219 26.3818321228027 11.4869985580444
"200" 45.2330322265625 26.6660995483398 11.1089935302734
"201" 43.6912269592285 26.9259090423584 11.617730140686
"202" 49.4025421142578 25.1281089782715 6.87309455871582
"203" 49.0441780090332 25.3098411560059 9.55512142181396
"204" 47.7881011962891 25.892599105835 12.2871999740601
"205" 45.7703247070312 23.8536224365234 11.620756149292
"206" 45.2428512573242 25.7777557373047 10.9597358703613
"207" 43.728099822998 26.1709995269775 11.6499996185303
"208" 42.0920028686523 26.3993511199951 11.5965347290039
"209" 48.2502250671387 24.7946109771729 6.81671810150146
"210" 47.6792449951172 25.4774646759033 9.61681365966797
"211" 45.7075004577637 23.9382991790771 11.6359996795654
"212" 45.775463104248 24.0767421722412 11.2821340560913
"213" 43.6911773681641 25.4540538787842 11.8128671646118
"214" 41.5003356933594 25.693058013916 11.4982557296753
"215" 47.6110305786133 23.4882297515869 6.06527662277222
"216" 46.9089393615723 23.4918880462646 8.88670635223389
"217" 45.957202911377 23.6465244293213 11.3833818435669
"218" 46.1329879760742 23.3150291442871 11.4809484481812
"219" 42.7344398498535 23.4633483886719 11.861837387085
"220" 41.5201988220215 23.8693008422852 11.3743000030518
"221" 39.8518104553223 24.5889015197754 11.2107391357422
"222" 47.0718002319336 22.1177005767822 5.57503986358643
"223" 46.621997833252 22.3886623382568 8.05130767822266
"224" 46.271053314209 22.1786994934082 10.6803045272827
"225" 44.0619850158691 21.5609321594238 12.3455562591553
"226" 42.8115730285645 21.6595363616943 11.5969228744507
"227" 40.786678314209 22.9356365203857 11.1017160415649
"228" 39.4345016479492 23.8040008544922 11.1028995513916
"229" 45.5986709594727 19.9099102020264 5.46442842483521
"230" 45.8909873962402 20.045690536499 8.22778224945068
"231" 44.4771575927734 19.6983852386475 11.5954351425171
"232" 42.9434852600098 19.7624435424805 11.0590753555298
"233" 41.2143898010254 20.4564552307129 10.8197193145752
"234" 39.688175201416 21.3997592926025 10.7117309570312
"235" 38.1105003356934 22.3948993682861 10.7705001831055
"236" 43.784839630127 17.8010673522949 5.25666618347168
"237" 43.0115776062012 17.886157989502 8.7637300491333
"238" 42.4646759033203 18.8686485290527 10.5060396194458
"239" 41.8804779052734 18.4381065368652 10.1996002197266
"240" 39.5738372802734 19.4576930999756 10.2381477355957
"241" 37.9020004272461 20.7954006195068 10.4531002044678
"242" 42.3969383239746 16.3185539245605 4.735511302948
"243" 41.8317642211914 16.5446224212646 7.30965948104858
"244" 40.8991355895996 17.394681930542 9.55754661560059
"245" 40.6571006774902 16.6268005371094 9.42899036407471
"246" 39.7451400756836 16.9618473052979 9.50442886352539
"247" 38.1677665710449 17.8143405914307 9.49985694885254
"248" 36.2400512695312 19.171085357666 9.66016674041748
"249" 40.7615966796875 14.3258075714111 4.85438919067383
"250" 39.9754791259766 14.6913843154907 7.87031984329224
"251" 40.003101348877 15.4783000946045 8.99104022979736
"252" 38.9684219360352 14.8173303604126 8.68282413482666
"253" 37.3019142150879 15.00319480896 8.50887298583984
"254" 36.1718902587891 15.9639091491699 8.62681293487549
"255" 34.5734901428223 17.0225620269775 8.71277618408203
"256" 38.9830017089844 12.1736001968384 4.6910400390625
"257" 38.8158302307129 12.424090385437 7.19190216064453
"258" 38.6790351867676 13.295859336853 8.44788837432861
"259" 37.5594062805176 12.8409214019775 8.37349033355713
"260" 36.0269737243652 13.0655469894409 7.95477914810181
"261" 35.0926780700684 13.9521236419678 7.96978998184204
"262" 34.2369384765625 14.2472696304321 7.85535097122192
"263" 37.6357116699219 10.4291467666626 4.40167093276978
"264" 37.3535995483398 11.8329000473022 8.16320037841797
"265" 37.0313987731934 11.0509004592896 8.00942039489746
"266" 35.4618225097656 10.5850076675415 7.79838466644287
"267" 34.44140625 10.8810348510742 7.54522371292114
"268" 32.8568305969238 11.3455114364624 7.30789613723755
"269" 35.8726959228516 8.58352851867676 4.44653606414795
"270" 36.1563262939453 9.74838352203369 7.59170055389404
"271" 35.5317420959473 9.57772922515869 7.85842895507812
"272" 34.9851913452148 9.15305423736572 7.83441925048828
"273" 33.9579887390137 8.0404748916626 7.63910245895386
"274" 31.8859004974365 9.15610980987549 7.41318988800049
"275" 34.6618995666504 7.68486928939819 5.61389064788818
"276" 34.6368713378906 8.51156616210938 8.61786556243896
"277" 33.9519996643066 8.11837005615234 7.77786016464233
"278" 32.8095817565918 6.31512689590454 6.9301552772522
"279" 30.632604598999 7.61388540267944 7.81482553482056
"280" 33.6061325073242 6.03972911834717 4.82251596450806
"281" 33.4944229125977 6.99733781814575 7.11925745010376
"282" 33.1347198486328 7.01467132568359 7.42096757888794
"283" 31.6802997589111 6.76520347595215 7.83410024642944
"284" 30.2714214324951 6.24296951293945 8.11142158508301
"285" 32.5639991760254 5.09473991394043 5.02307367324829
"286" 32.3040428161621 5.95753526687622 7.11214113235474
"287" 31.3050003051758 5.76948976516724 8.22640991210938
"288" 30.2763977050781 6.20689392089844 9.09358501434326
"289" 31.2274951934814 4.27971029281616 5.36087465286255
"290" 31.1666889190674 5.15584993362427 7.17475128173828
"291" 30.7840518951416 6.43222284317017 9.48583889007568
"292" 29.7378005981445 6.08722019195557 10.7664003372192
"293" 30.4040203094482 4.1092791557312 5.66401481628418
"294" 30.1719398498535 4.70462703704834 7.38135194778442
"295" 29.5466403961182 6.24868249893188 8.72332096099854
"296" 29.214599609375 6.5931601524353 9.53909969329834
"297" 29.3069744110107 4.18023300170898 6.35412216186523
"298" 28.939884185791 5.25434970855713 8.24355411529541
"299" 9.11350917816162 28.5918636322021 11.7758922576904
"300" 10.1935997009277 29.4022006988525 14.5153999328613
"301" 12.7374420166016 28.3873081207275 15.0699882507324
"302" 13.9201717376709 29.0442047119141 15.4328660964966
"303" 15.0080461502075 29.5245628356934 14.5743112564087
"304" 16.8039417266846 30.1223049163818 14.1028623580933
"305" 9.76526069641113 28.0205821990967 10.3561954498291
"306" 11.6995687484741 27.5396690368652 12.9249172210693
"307" 12.8113174438477 27.8678760528564 14.2889194488525
"308" 13.7883453369141 28.3378238677979 13.5585517883301
"309" 15.9702520370483 28.5234756469727 13.3934440612793
"310" 18.1371002197266 29.0485610961914 13.5777502059937
"311" 11.1808271408081 27.1671237945557 9.45262336730957
"312" 12.2441720962524 27.5678119659424 11.5709915161133
"313" 12.7222995758057 27.7518005371094 14.1521997451782
"314" 14.5924997329712 26.4232006072998 13.0590000152588
"315" 15.3469514846802 27.5500011444092 13.1099615097046
"316" 18.3277587890625 27.7581424713135 13.3577766418457
"317" 19.7754001617432 27.4976005554199 12.9195995330811
"318" 11.8027839660645 26.0346736907959 8.44270610809326
"319" 13.5026140213013 25.8285789489746 11.3823528289795
"320" 14.3917512893677 25.5514945983887 13.0654144287109
"321" 14.5131216049194 25.4500293731689 13.2666759490967
"322" 14.5840082168579 26.1410884857178 12.9902105331421
"323" 18.6660995483398 26.5464992523193 13.0853996276855
"324" 20.7009201049805 26.2524967193604 12.3743000030518
"325" 12.0493640899658 24.4675540924072 8.03646659851074
"326" 13.0790328979492 23.9583969116211 10.2637310028076
"327" 14.0117950439453 24.3014259338379 12.6535110473633
"328" 17.3611030578613 23.1786479949951 13.2084255218506
"329" 19.0142993927002 24.2931995391846 12.6166000366211
"330" 20.5765075683594 24.8033809661865 12.1729497909546
"331" 13.0079946517944 21.7838592529297 7.39087772369385
"332" 14.8064556121826 20.8564643859863 10.6414413452148
"333" 16.6374969482422 21.3963508605957 12.512767791748
"334" 18.6287002563477 22.1432991027832 12.1014003753662
"335" 19.6686000823975 22.6075000762939 11.8535995483398
"336" 21.8726959228516 23.8231754302979 11.6122446060181
"337" 14.5488519668579 19.8211479187012 7.45814180374146
"338" 16.3157005310059 19.9621524810791 10.3555116653442
"339" 17.8392791748047 20.4955368041992 11.6770448684692
"340" 18.68092918396 20.4861946105957 11.4758825302124
"341" 19.7698860168457 21.1004886627197 11.3793535232544
"342" 22.2317008972168 22.2110996246338 11.0966997146606
"343" 15.6805562973022 17.8184947967529 6.50043249130249
"344" 16.9024753570557 18.6655368804932 8.85686302185059
"345" 18.4573993682861 19.1674003601074 10.7444000244141
"346" 20.4541912078857 19.3698654174805 10.5184507369995
"347" 21.6363716125488 19.1869316101074 10.1783227920532
"348" 23.4090995788574 20.205099105835 10.1760997772217
"349" 16.9931163787842 16.2144412994385 6.61511898040771
"350" 18.5046405792236 16.6706714630127 8.76301860809326
"351" 19.1072998046875 16.9997005462646 9.88978004455566
"352" 19.4398727416992 16.9686603546143 9.8692798614502
"353" 21.5112228393555 17.3756618499756 9.59811019897461
"354" 22.6114082336426 17.1325244903564 9.27311992645264
"355" 24.0312995910645 17.2905006408691 8.96304035186768
"356" 18.1541709899902 13.9153232574463 5.9241189956665
"357" 19.3391227722168 14.4644899368286 8.44953060150146
"358" 20.4256000518799 13.6819000244141 10.3069000244141
"359" 20.4256000518799 13.6819000244141 10.3069000244141
"360" 22.3622016906738 14.6457061767578 8.69453811645508
"361" 23.3877124786377 14.3584470748901 8.29091739654541
"362" 24.7800579071045 14.0890731811523 7.83020210266113
"363" 20.0763378143311 11.4604091644287 6.04576635360718
"364" 21.3033008575439 12.1628999710083 8.49650001525879
"365" 20.5070991516113 13.5204000473022 10.2231998443604
"366" 22.0972003936768 12.2981996536255 8.6675500869751
"367" 23.2196979522705 11.9722623825073 8.27011775970459
"368" 24.8656425476074 11.5603199005127 7.73135042190552
"369" 21.1632270812988 9.73527526855469 5.61392259597778
"370" 22.1855602264404 10.1650800704956 7.86148738861084
"371" 22.1534118652344 10.6820774078369 9.92968559265137
"372" 23.1955108642578 9.60044956207275 8.26433944702148
"373" 24.201301574707 9.09719848632812 8.23041534423828
"374" 26.2625007629395 8.85274028778076 7.79925012588501
"375" 22.7660675048828 8.04018783569336 6.24279975891113
"376" 23.4885196685791 8.65991020202637 8.01500797271729
"377" 23.0159435272217 8.61770915985107 9.00097370147705
"378" 25.0554046630859 7.91893005371094 8.34949207305908
"379" 26.1498413085938 6.91253614425659 8.27304649353027
"380" 27.4498805999756 6.81419897079468 8.37545680999756
"381" 23.8004417419434 6.07257890701294 5.53353214263916
"382" 24.6712760925293 6.6393837928772 7.27224826812744
"383" 25.2910385131836 6.94167423248291 9.0781421661377
"384" 26.5190258026123 6.18502283096313 9.32613182067871
"385" 27.3692836761475 6.44018125534058 10.4870386123657
"386" 24.8975734710693 5.15896081924438 5.79969215393066
"387" 25.7243690490723 5.68072032928467 7.65751791000366
"388" 27.1354007720947 6.5960898399353 10.133508682251
"389" 26.2768440246582 4.53774929046631 6.20753526687622
"390" 27.4589366912842 5.8559513092041 8.34958553314209
