"V1" "V2" "V3"
"1" 3552.01611328125 3254.98486328125 1160.84765625
"2" 3431.8324 3088.5777 1093.639
"3" 3350.5191 2881.7239 1090.3726
"4" 3278.9087 2670.8941 1093.6529
"5" 3187.1685 2468.3078 1095.6003
"6" 3109.5691 2261.4137 1111.9957
"7" 3033.1951 2053.8519 1118.8913
"8" 2948.2796 1850.8711 1143.6142
"9" 2877.6561 1646.5482 1189.5595
"10" 2794.1389 1448.8657 1247.3111
"11" 2703.7023 1252.8422 1300.9965
"12" 2618.5926 1061.788 1376.2599
"13" 2528.1822 859.3405 1371.7217
"14" 2431.8203 680.1285 1449.5025
"15" 2308.2084 517.1374 1529.7344
"16" 2143.65747070312 391.633972167969 1581.65234375
"17" 2986.98828125 5025.0576171875 1058.28161621094
"18" 3083.6472 4949.7268 1058.5318
"19" 3199.5458 4954.7802 1016.3325
"20" 3308.2724 4972.3101 953.6876
"21" 3407.1131 4958.9247 874.7853
"22" 3522.1102 4970.8018 824.3112
"23" 3609.8958 5044.1044 796.5411
"24" 3578.755 5155.0685 757.1042
"25" 3473.7759 5215.1777 737.5332
"26" 3356.1869 5190.1027 763.3559
"27" 3265.2039 5190.2955 844.4564
"28" 3151.5484 5219.9238 894.2149
"29" 3033.3381 5211.3395 935.9683
"30" 2972.0457 5145.1046 1016.842
"31" 3552.01611328125 3254.98486328125 1160.84765625
"32" 2479.96166992188 2202.86181640625 1662.09948730469
"33" 3233.31176757812 1528.97058105469 2768.16552734375
"34" 3320.7296 1592.0397 3033.7739
"35" 3412.9384 1754.1316 3255.4828
"36" 3489.4705 1959.9071 3444.3023
"37" 3575.2518 2200.1084 3579.3155
"38" 3681.3481 2459.2409 3630.8732
"39" 3884.6563 2658.6301 3591.1321
"40" 4078.2505 2844.7948 3487.9309
"41" 4196.7796 3094.9525 3420.8499
"42" 4294.7331 3298.9844 3257.1976
"43" 4272.6755 3385.2538 2983.9959
"44" 4251.5122 3442.1038 2703.4982
"45" 4186.0067 3392.905 2424.5556
"46" 4093.3888 3273.8916 2175.8748
"47" 3971.5799 3133.363 1951.8522
"48" 3832.5763 2936.5971 1790.6587
"49" 3671.7236 2728.5758 1665.9541
"50" 3478.5517 2513.5339 1634.0339
"51" 3341.0002 2260.0853 1662.6109
"52" 3225.6864 2029.7398 1792.4166
"53" 3150.3306 1814.4068 1972.0014
"54" 3141.705 1655.6256 2213.2162
"55" 3174.8173 1558.7014 2485.82
"56" 2755.01342773438 3213.1650390625 1663.60424804688
"57" 2702.6626 3107.0393 1666.6505
"58" 2642.4077 3006.8348 1680.5021
"59" 2581.7658 2908.422 1706.0699
"60" 2523.168 2808.4161 1728.251
"61" 2466.4884 2706.3877 1741.3818
"62" 2390.3309 2619.7154 1764.5372
"63" 2300.5575 2547.8643 1790.0639
"64" 2207.615 2490.3862 1831.3541
"65" 2104.8662109375 2451.08276367188 1873.462890625
"66" 2755.01342773438 3213.1650390625 1663.60424804688
"67" 2404.05590820312 848.632080078125 2834.50537109375
"68" 2104.8662109375 2451.08276367188 1873.462890625
"69" 2404.05590820312 848.632080078125 2834.50537109375
"70" 2452.9952 996.8572 3058.3256
"71" 2490.3645 1195.3364 3248.9775
"72" 2521.1748 1404.8871 3428.2783
"73" 2572.6842 1633.9659 3575.5505
"74" 2576.7969 1889.6227 3683.113
"75" 2633.2415 2127.8906 3813.911
"76" 2670.8945 2375.6864 3932.0734
"77" 2683.2084 2624.3113 4049.6956
"78" 2705.6887 2884.6957 4136.288
"79" 2712.8915 3158.2831 4172.8967
"80" 2703.1609 3430.866 4222.0206
"81" 2689.1548 3699.1783 4290.7532
"82" 2715.4341 3968.8307 4337.8836
"83" 2698.9261 4241.6559 4375.9747
"84" 2692.3334 4515.8573 4409.2285
"85" 2693.9245 4792.454 4429.2093
"86" 2691.4137 5067.5177 4462.4088
"87" 2701.97973632812 5344.79052734375 4477.59375
"88" 2120.21264648438 5786.00146484375 2434.89428710938
"89" 2701.97973632812 5344.79052734375 4477.59375
"90" 2143.65747070312 391.633972167969 1581.65234375
"91" 478.480743408203 3039.89501953125 1952.6552734375
"92" 555.4015 2826.8069 1846.4484
"93" 662.5001 2610.5465 1786.4699
"94" 763.8037 2387.1753 1738.4149
"95" 887.2908 2174.9323 1691.656
"96" 1005.0095 1961.5036 1641.22
"97" 1125.3568 1741.3732 1639.2073
"98" 1256.1452 1527.3484 1643.1218
"99" 1396.6971 1323.3015 1671.6845
"100" 1521.1907 1105.6491 1677.3186
"101" 1652.8251 893.7322 1682.7276
"102" 1791.9278 687.7641 1706.5992
"103" 1950.0987 509.5478 1682.2368
"104" 2143.65747070312 391.633972167969 1581.65234375
"105" 478.480743408203 3039.89501953125 1952.6552734375
"106" 1721.52075195312 2170.7216796875 1870.16540527344
"107" 1602.72216796875 1415.85925292969 3163.50830078125
"108" 1669.8228 1474.0894 3464.9042
"109" 1686.0826 1651.4026 3725.7787
"110" 1700.7142 1873.7499 3946.338
"111" 1685.5801 2154.2257 4094.1641
"112" 1677.7367 2441.3393 4224.5756
"113" 1499.1135 2693.1338 4298.6482
"114" 1374.0665 2979.8783 4332.536
"115" 1170.4715 3213.0102 4300.2196
"116" 916.5475 3320.404 4194.4019
"117" 746.1862 3268.3223 3938.3485
"118" 609.6954 3282.8177 3654.8162
"119" 529.6631 3199.9084 3361.364
"120" 478.1683 3077.2287 3073.3653
"121" 471.455 2907.0881 2810.329
"122" 526.4625 2701.4172 2575.4884
"123" 683.0584 2481.9203 2414.1654
"124" 858.5141 2253.5569 2289.5192
"125" 1054.0389 2005.27 2302.6702
"126" 1253.8214 1793.1648 2408.1273
"127" 1415.8505 1604.3654 2601.9437
"128" 1505.5988 1458.8047 2866.5742
"129" 1417.07141113281 3177.4716796875 2028.94995117188
"130" 1462.168 3070.1791 2010.8378
"131" 1526.4987 2973.4062 1995.6356
"132" 1588.1467 2874.9149 1977.9061
"133" 1647.2152 2774.0267 1962.915
"134" 1713.5934 2678.6017 1945.1228
"135" 1801.9372 2601.8998 1935.6735
"136" 1891.8996 2534.2251 1904.2024
"137" 1994.099 2483.9044 1887.4195
"138" 2104.8662109375 2451.08276367188 1873.462890625
"139" 1417.07141113281 3177.4716796875 2028.94995117188
"140" 3040.822265625 5039.26708984375 1023.94592285156
"141" 3036.93823242188 5095.74560546875 999.445373535156
"142" 3041.16748046875 5134.53369140625 976.83544921875
"143" 3052.90283203125 5167.4228515625 955.088745117188
"144" 3077.447265625 5204.46337890625 923.841003417969
"145" 3084.13061523438 5017.70947265625 1012.89453125
"146" 3086.60766601562 5073.29345703125 988.119750976562
"147" 3094.55883789062 5116.80615234375 965.317749023438
"148" 3103.19506835938 5147.86767578125 946.578735351562
"149" 3134.94140625 5187.9697265625 919.498291015625
"150" 3135.84204101562 5017.767578125 1000.78228759766
"151" 3146.25659179688 5070.18408203125 974.25244140625
"152" 3145.388671875 5112.244140625 954.81298828125
"153" 3166.71337890625 5157.45849609375 923.218383789062
"154" 3186.767578125 5177.8466796875 904.294799804688
"155" 3179.111328125 5015.7958984375 990.382751464844
"156" 3191.2470703125 5063.65234375 961.943176269531
"157" 3206.876953125 5109.85498046875 931.048522949219
"158" 3218.25390625 5147.28515625 904.993469238281
"159" 3236.04614257812 5168.255859375 880.381469726562
"160" 3233.7587890625 5019.9365234375 965.953063964844
"161" 3247.130859375 5064.7666015625 936.139099121094
"162" 3255.79077148438 5104.39111328125 907.763854980469
"163" 3267.80712890625 5133.9140625 877.905944824219
"164" 3278.76684570312 5158.3056640625 848.959533691406
"165" 3279.58715820312 5028.58056640625 934.51611328125
"166" 3294.20922851562 5066.2119140625 896.747131347656
"167" 3301.21215820312 5099.15185546875 872.004272460938
"168" 3313.05102539062 5133.26416015625 831.545471191406
"169" 3319.46069335938 5160.43359375 804.933471679688
"170" 3338.26318359375 5014.50146484375 888.696105957031
"171" 3343.97485351562 5064.49267578125 854.284973144531
"172" 3346.6669921875 5116.17236328125 819.526306152344
"173" 3349.72534179688 5161.10205078125 779.853576660156
"174" 3395.72583007812 5013.76171875 856.967407226562
"175" 3390.13989257812 5051.94189453125 835.935852050781
"176" 3392.32397460938 5089.6142578125 808.317504882812
"177" 3386.74047851562 5152.19091796875 774.658386230469
"178" 3444.53295898438 4996.8388671875 833.965637207031
"179" 3438.45703125 5049.1201171875 806.313354492188
"180" 3435.16577148438 5100.88037109375 779.744506835938
"181" 3436.2509765625 5160.4013671875 753.336547851562
"182" 3488.88452148438 5015.89453125 808.315124511719
"183" 3490.93237304688 5060.5263671875 783.613952636719
"184" 3484.30541992188 5100.47265625 764.774536132812
"185" 3475.5322265625 5164.05322265625 743.597351074219
"186" 3545.8955078125 5056.4306640625 783.024047851562
"187" 3536.39965820312 5097.4736328125 764.628112792969
"188" 3543.21923828125 5146.607421875 749.268737792969
"189" 3548.89501953125 3204.79809570312 1333.25354003906
"190" 3622.71630859375 3245.3564453125 1530.818359375
"191" 3548.30688476562 3205.5869140625 1742.47827148438
"192" 3346.05639648438 3176.15600585938 1740.87817382812
"193" 3167.84008789062 3176.15991210938 1745.07995605469
"194" 2985.89990234375 3157.7099609375 1657.17004394531
"195" 2866.50659179688 3173.212890625 1642.71911621094
"196" 3436.20043945312 3061.91455078125 1225.11999511719
"197" 3515.15258789062 3086.06323242188 1430.36669921875
"198" 3511.67553710938 3063.84008789062 1724.28002929688
"199" 3239.08325195312 3063.84008789062 1680.72241210938
"200" 3027.71337890625 3063.15576171875 1632.21789550781
"201" 2884.07177734375 3068.74560546875 1634.32531738281
"202" 3350.88623046875 2937.29223632812 1219.5869140625
"203" 3373.29370117188 2973.53344726562 1376.22399902344
"204" 3450.61328125 2964.1611328125 1580.88354492188
"205" 3239.68090820312 2973.93603515625 1602.33911132812
"206" 3021.42456054688 2966.70825195312 1615.46887207031
"207" 2887.17651367188 2977.7080078125 1626.44409179688
"208" 2758.97216796875 2984.49853515625 1655.25329589844
"209" 3305.8662109375 2819.1201171875 1235.45617675781
"210" 3382.51000976562 2826.75 1367.90002441406
"211" 3342.56005859375 2857.919921875 1607.90002441406
"212" 3121.611328125 2846.5859375 1602.28967285156
"213" 2938.4697265625 2871.10546875 1608.4775390625
"214" 2768.0927734375 2896.54223632812 1649.42175292969
"215" 3261.54443359375 2687.458984375 1219.16784667969
"216" 3267.37133789062 2716.82470703125 1359.28540039062
"217" 3258.16259765625 2754.5029296875 1510.61413574219
"218" 3128.59985351562 2742.275390625 1582.03918457031
"219" 2951.20434570312 2757.85083007812 1598.63403320312
"220" 2799.33349609375 2794.06372070312 1629.78295898438
"221" 2652.78295898438 2816.5498046875 1679.57312011719
"222" 3207.7109375 2550.13134765625 1217.26953125
"223" 3207.72387695312 2567.45629882812 1324.81628417969
"224" 3197.17749023438 2607.376953125 1480.80212402344
"225" 3087.55810546875 2606.21240234375 1572.02734375
"226" 2939.17578125 2617.21630859375 1594.86645507812
"227" 2768.61328125 2639.66650390625 1630.48962402344
"228" 2639.6484375 2715.63720703125 1680.67517089844
"229" 3143.09838867188 2388.06713867188 1233.08679199219
"230" 3138.02856445312 2405.09204101562 1375.83203125
"231" 3098.25219726562 2428.40893554688 1509.16552734375
"232" 2963.23657226562 2442.18090820312 1588.43591308594
"233" 2830.2744140625 2478.99072265625 1608.88916015625
"234" 2704.14013671875 2547.6337890625 1646.79943847656
"235" 2549.33764648438 2600.94604492188 1688.13293457031
"236" 3072.45068359375 2209.88500976562 1246.81042480469
"237" 3069.74633789062 2244.0458984375 1399.48217773438
"238" 3019.279296875 2280.18212890625 1537.41748046875
"239" 2890.81762695312 2319.1064453125 1596.14245605469
"240" 2745.35009765625 2373.52001953125 1617.83996582031
"241" 2602.080078125 2445.08203125 1675.2255859375
"242" 3013.9287109375 2048.8095703125 1243.32922363281
"243" 3007.90649414062 2080.65161132812 1382.87170410156
"244" 2974.79052734375 2136.43798828125 1521.52197265625
"245" 2851.68579101562 2191.44360351562 1603.36779785156
"246" 2744.14697265625 2230.271484375 1614.66284179688
"247" 2651.89428710938 2257.45263671875 1634.71557617188
"248" 2505.5029296875 2319.88159179688 1670.42309570312
"249" 2945.13012695312 1885.50622558594 1278.904296875
"250" 2941.51953125 1920.96179199219 1437.18054199219
"251" 2851.8935546875 2011.25695800781 1596.89208984375
"252" 2728.81298828125 2101.67553710938 1614.11572265625
"253" 2646.32055664062 2132.54125976562 1625.61376953125
"254" 2543.1884765625 2212.68896484375 1653.85375976562
"255" 2437.38208007812 2292.22680664062 1675.42785644531
"256" 2873.45043945312 1711.42138671875 1310.81726074219
"257" 2868.853515625 1779.99926757812 1498.30017089844
"258" 2803.37890625 1915.68005371094 1692.0009765625
"259" 2661.38598632812 1994.67016601562 1622.83703613281
"260" 2573.80883789062 2066.033203125 1635.28735351562
"261" 2466.97998046875 2202.72998046875 1665.15002441406
"262" 2355.92065429688 2329.4169921875 1718.55114746094
"263" 2816.5830078125 1576.17138671875 1331.3955078125
"264" 2819.47534179688 1702.52062988281 1612.35314941406
"265" 2635.3798828125 1822.07995605469 1790.84997558594
"266" 2518.8798828125 1971.83996582031 1649.01000976562
"267" 2413.48803710938 2089.47583007812 1670.544921875
"268" 2313.26025390625 2275.111328125 1737.87255859375
"269" 2731.52514648438 1388.13818359375 1411.07446289062
"270" 2714.26782226562 1536.48742675781 1591.40930175781
"271" 2645.58325195312 1684.96179199219 1803.35693359375
"272" 2520.58422851562 1844.46435546875 1790.84582519531
"273" 2396.00732421875 1963.11279296875 1740.158203125
"274" 2283.64794921875 2161.39965820312 1744.05969238281
"275" 2672.044921875 1255.02917480469 1522.08386230469
"276" 2633.54516601562 1464.61511230469 1815.73254394531
"277" 2490.16723632812 1681.98547363281 1821.83642578125
"278" 2365.16162109375 1900.34594726562 1761.26037597656
"279" 2218.62939453125 2143.42016601562 1791.31616210938
"280" 2575.81567382812 1046.07946777344 1513.06140136719
"281" 2554.14990234375 1230.05590820312 1684.95471191406
"282" 2454.53588867188 1487.2734375 1811.35986328125
"283" 2366.25 1665.81994628906 1832.2900390625
"284" 2224.76000976562 1964.09997558594 1882.42004394531
"285" 2532.228515625 943.184448242188 1503.82250976562
"286" 2470.65283203125 1178.68676757812 1740.14794921875
"287" 2418.85009765625 1397.61999511719 1882.64001464844
"288" 2302.44995117188 1590.35998535156 1935.16003417969
"289" 2470.09008789062 816.632995605469 1573.89001464844
"290" 2412.28002929688 1023.54998779297 1794.51000976562
"291" 2375.98168945312 1220.34765625 1962.82849121094
"292" 2227.05908203125 1418.138671875 2093.73876953125
"293" 2396.28833007812 691.089416503906 1613.07299804688
"294" 2397.12622070312 850.987487792969 1841.62365722656
"295" 2339.919921875 992.424499511719 1978.07995605469
"296" 2244.49853515625 1155.55346679688 2082.197265625
"297" 2322.45361328125 582.043273925781 1729.25354003906
"298" 2281.56005859375 844.289001464844 1990.06994628906
"299" 556.784484863281 3022.09619140625 2121.62353515625
"300" 578.640258789062 3084.55541992188 2376.81127929688
"301" 709.503662109375 3078.96655273438 2477.9658203125
"302" 966.482727050781 3097.40087890625 2330.88232421875
"303" 1060.26831054688 3133.380859375 2220.40869140625
"304" 1275.65612792969 3110.37451171875 2079.1083984375
"305" 610.476684570312 2948.21533203125 1985.12524414062
"306" 630.538269042969 2980.60595703125 2240.13110351562
"307" 767.864624023438 3058.21215820312 2400.52856445312
"308" 985.255004882812 3015.15673828125 2227.77514648438
"309" 1152.59936523438 3018.98071289062 2120.14892578125
"310" 1338.935546875 3029.71557617188 2034.44958496094
"311" 651.427795410156 2846.24633789062 1949.25598144531
"312" 704.137023925781 2890.90991210938 2114.23999023438
"313" 780.958618164062 2887.74755859375 2400.57348632812
"314" 948.165466308594 2932.33862304688 2223.13916015625
"315" 1124.66052246094 2932.076171875 2121.46606445312
"316" 1299.58361816406 2938.92163085938 2041.05541992188
"317" 1432.39453125 2941.83227539062 1996.16040039062
"318" 691.855163574219 2745.54077148438 1918.96875
"319" 767.100280761719 2787.58715820312 2100.21923828125
"320" 801.880676269531 2787.34155273438 2247.8896484375
"321" 969.692016601562 2776.7099609375 2193.21997070312
"322" 1141.56396484375 2819.326171875 2094.75170898438
"323" 1307.84265136719 2834.43432617188 2027.20483398438
"324" 1453.4599609375 2837.09008789062 1997.7099609375
"325" 744.356872558594 2634.68139648438 1884.74890136719
"326" 808.513977050781 2641.90234375 2000.14916992188
"327" 908.585998535156 2646.94995117188 2188.23999023438
"328" 1122.4150390625 2657.30297851562 2091.3095703125
"329" 1278.65319824219 2682.34350585938 2023.73303222656
"330" 1436.23034667969 2717.43872070312 1995.70544433594
"331" 848.673828125 2429.8173828125 1836.81079101562
"332" 918.248840332031 2479.28051757812 1995.26953125
"333" 1031.36315917969 2495.18090820312 2080.51538085938
"334" 1286.90014648438 2572.4462890625 2018.12475585938
"335" 1393.75415039062 2590.505859375 1991.68518066406
"336" 1558.34997558594 2633.44995117188 1953.56005859375
"337" 930.423461914062 2286.08032226562 1821.19616699219
"338" 1030.88488769531 2328.494140625 1988.77868652344
"339" 1169.67749023438 2379.8857421875 2048.28564453125
"340" 1330.18005371094 2439.90991210938 2014.92004394531
"341" 1495.99230957031 2489.60205078125 1959.04016113281
"342" 1645.33557128906 2539.99096679688 1921.59411621094
"343" 1005.58666992188 2121.03637695312 1775.10327148438
"344" 1068.11962890625 2169.9541015625 1912.99829101562
"345" 1216.42004394531 2235.13989257812 2121.57006835938
"346" 1471.45227050781 2340.56494140625 1959.99658203125
"347" 1634.41003417969 2389.7099609375 1911.06005859375
"348" 1778.11413574219 2448.07690429688 1877.71374511719
"349" 1104.07604980469 1974.69982910156 1777.92492675781
"350" 1185.62915039062 2004.13903808594 1918.68212890625
"351" 1250.53002929688 2065.03002929688 2121.1298828125
"352" 1440.34887695312 2160.814453125 1961.77709960938
"353" 1587.06970214844 2246.6630859375 1916.81579589844
"354" 1701.14514160156 2295.87841796875 1873.06164550781
"355" 1823.26000976562 2358.57006835938 1862.26000976562
"356" 1193.97729492188 1799.59692382812 1749.56457519531
"357" 1286.95764160156 1837.7724609375 1906.75036621094
"358" 1350.31005859375 1878.88000488281 2063.09008789062
"359" 1470.06604003906 1975.78967285156 1964.91174316406
"360" 1682.765625 2156.17700195312 1877.92529296875
"361" 1785.28833007812 2233.3330078125 1851.26599121094
"362" 1901.28881835938 2352.46533203125 1861.94592285156
"363" 1351.021484375 1593.57055664062 1792.93896484375
"364" 1449.08190917969 1657.16748046875 1906.5087890625
"365" 1458.28002929688 1689.78002929688 2103.13989257812
"366" 1691.30444335938 1899.44213867188 2041.30236816406
"367" 1771.62536621094 2042.01220703125 1910.69836425781
"368" 1888.08483886719 2195.9248046875 1835.8671875
"369" 1441.45092773438 1421.56469726562 1773.09362792969
"370" 1530.74938964844 1473.67639160156 1878.27966308594
"371" 1638.87670898438 1557.95727539062 2089.01171875
"372" 1805.23254394531 1808.00939941406 1953.869140625
"373" 1875.87292480469 1903.7646484375 1887.30346679688
"374" 1980.89453125 2080.79296875 1827.81225585938
"375" 1588.3369140625 1209.29968261719 1806.82507324219
"376" 1666.2900390625 1260.56994628906 1879.68005371094
"377" 1724.29602050781 1411.52844238281 2031.26342773438
"378" 1896.05444335938 1624.60534667969 1938.82666015625
"379" 1944.90612792969 1802.326171875 1985.69189453125
"380" 2025.53002929688 1953.86999511719 1869.92004394531
"381" 1715.50048828125 983.175354003906 1765.69421386719
"382" 1802.49072265625 1093.80419921875 1889.22705078125
"383" 1883.11315917969 1231.83215332031 2016.39978027344
"384" 1981.93640136719 1420.40759277344 2042.76391601562
"385" 2085.54443359375 1533.01342773438 2031.80102539062
"386" 1812.38134765625 863.852478027344 1779.50537109375
"387" 1912.83093261719 980.825134277344 1911.64306640625
"388" 2047.49157714844 1191.07202148438 2091.09033203125
"389" 1943.08374023438 689.086303710938 1789.28759765625
"390" 2058.4736328125 898.220703125 1986.95971679688
