"V1" "V2" "V3"
"1" 74709.03125 30607.30859375 17437.78125
"2" 72937.233 28247.4085 17015.2964
"3" 71119.7088 25906.1914 16645.7716
"4" 69235.3094 23574.2195 16567.3742
"5" 67297.0584 21297.0563 16425.7529
"6" 65146.3353 19205.9618 16493.6674
"7" 62879.1753 17253.5727 16407.182
"8" 60918.1084 15049.1702 16810.4406
"9" 59212.3439 12781.6214 17731.2238
"10" 57293.0348 10568.7949 18378.594
"11" 55525.7945 8240.0756 19031.4766
"12" 54004.9967 6202.9349 20583.47
"13" 52416.7807 4117.2519 21742.1909
"14" 49924.7564 2882.0702 22410.1014
"15" 47141.8916 2307.9236 23130.8715
"16" 44375.4296875 2749.677734375 24205.3203125
"17" 62084.984375 61178.00390625 8342.490234375
"18" 63983.5468 61364.7217 9672.5612
"19" 66082.2437 62086.7485 10442.3763
"20" 68269.6383 61503.5882 10137.8621
"21" 70210.2816 60384.5429 9433.3814
"22" 71857.3366 59961.8168 7839.6927
"23" 72778.3297 61147.9626 6136.8014
"24" 72679.3231 62935.4251 4592.0068
"25" 71502.3422 64824.1302 4143.3967
"26" 69570.5555 65723.4865 5137.0351
"27" 67460.711 66008.4222 6102.7999
"28" 65205.7232 65490.9653 6152.0691
"29" 63187.9795 64357.6845 5745.0686
"30" 61924.6272 62704.3643 6591.1857
"31" 74709.03125 30607.30859375 17437.78125
"32" 47026.4765625 26224.140625 26064.724609375
"33" 52959.5234375 16823.107421875 42264.6484375
"34" 53314.3669 18180.5719 45096.2153
"35" 54263.8483 20215.0926 47343.5684
"36" 55879.6922 22647.9896 48597.6768
"37" 56977.2048 25555.1558 49283.2421
"38" 57986.0614 28518.2871 49872.5586
"39" 59182.7063 31416.8185 49993.3685
"40" 60382.286 34145.416 49091.2717
"41" 62071.6082 36471.775 47704.9169
"42" 63599.1457 38856.6343 46237.2537
"43" 66455.3518 39316.6871 45442.4968
"44" 67751.5219 38113.0405 43444.2128
"45" 68519.0833 35391.726 41963.02
"46" 69286.6447 32670.4115 40481.8273
"47" 69864.1898 30094.2746 38815.6432
"48" 69678.7316 28384.7383 36139.367
"49" 68511.8625 26432.763 34454.0093
"50" 66430.9708 24148.2303 33654.3623
"51" 63798.1435 22408.5 33535.7419
"52" 61115.7316 20784.8169 34077.8653
"53" 58567.1916 19471.4225 35455.3864
"54" 56440.4766 17795.0971 37085.4484
"55" 54541.2686 17207.828 39518.9778
"56" 59086.07421875 44022.05859375 25003.53515625
"57" 55853.3902 40882.9778 25070.059
"58" 52941.3646 37476.1954 24890.8563
"59" 50171.7285 33994.1915 25211.5903
"60" 48402.8198 29994.498 26077.5719
"61" 47130.0588 25812.6347 26035.7028
"62" 47228.362 21614.5801 25858.6063
"63" 46013.4104 17903.4736 27355.4142
"64" 45518.7312 13466.4125 27913.9943
"65" 44952.9140625 9280.798828125 26609.078125
"66" 59086.07421875 44022.05859375 25003.53515625
"67" 43371.921875 8550.4375 41148.3984375
"68" 44952.9140625 9280.798828125 26609.078125
"69" 43371.921875 8550.4375 41148.3984375
"70" 43222.1328 11615.4926 43813.5749
"71" 42580.5823 15007.4767 46080.7436
"72" 42887.1705 18450.4962 48303.9681
"73" 42840.8161 22097.6335 50260.5321
"74" 43080.0415 26055.2887 51383.9779
"75" 42783.1832 30070.6944 52203.0179
"76" 42329.0522 34147.3499 52775.3363
"77" 42189.8464 38263.4844 53221.178
"78" 41877.6601 42378.218 53540.5703
"79" 41860.1554 46501.641 53555.0968
"80" 41848.022 50635.8719 53757.7508
"81" 41893.2856 54755.0591 54061.7982
"82" 41835.3894 58881.4227 54311.0176
"83" 42118.6331 63009.8011 54515.5791
"84" 42349.2727 67142.8439 54682.1296
"85" 42527.3386 71261.8678 54718.0161
"86" 42542.371 75385.903 54534.8099
"87" 42529.0703125 79473 53895.0703125
"88" 42435.0625 82193.15625 22246.287109375
"89" 42529.0703125 79473 53895.0703125
"90" 44375.4296875 2749.677734375 24205.3203125
"91" 12392.53125 33849.87109375 16702.298828125
"92" 13829.1126 31388.3763 14625.9456
"93" 15808.5702 28129.9686 14125.1583
"94" 17896.5961 24992.6523 14726.9212
"95" 20145.1212 21886.1258 14594.9503
"96" 22976.2934 19325.5408 14995.4897
"97" 25782.4516 16742.6451 15487.3296
"98" 28535.9272 14167.3291 16183.9538
"99" 31028.2058 11600.0143 17448.2468
"100" 33153.1356 8687.5208 18744.9298
"101" 35365.7275 5935.4786 20264.9349
"102" 37430.4694 3520.1254 22230.2098
"103" 40634.2589 2433.5157 23933.8522
"104" 44375.4296875 2749.677734375 24205.3203125
"105" 12392.53125 33849.87109375 16702.298828125
"106" 39965.23046875 25402.7890625 25838.28125
"107" 32627.453125 16194.6787109375 41302.15234375
"108" 32546.9613 17334.0503 43756.1408
"109" 32062.1432 18710.3872 46046.8662
"110" 31240.3033 20665.2841 47736.7173
"111" 29846.7993 22651.3529 48961.1056
"112" 28210.5303 24627.3776 49787.7293
"113" 26193.1756 26422.101 49851.6095
"114" 24086.3801 28017.4707 49303.4823
"115" 22157.2184 29195.6949 47799.0892
"116" 20299.3895 29887.2306 45952.2412
"117" 19541.6483 29671.2473 43656.823
"118" 19389.7765 28383.0279 41261.7249
"119" 19237.9047 27094.8085 38866.6268
"120" 19086.0329 25806.5891 36471.5287
"121" 18934.1611 24518.3697 34076.4306
"122" 19755.1693 23153.8337 32463.6732
"123" 22120.5021 21824.6086 32428.4813
"124" 24525.5653 20659.2518 32902.5354
"125" 26741.8466 19314.7235 33710.9275
"126" 28769.3373 18016.3593 34954.4813
"127" 30720.59 17026.7265 36573.7624
"128" 32098.4258 16173.3803 38630.3092
"129" 25411.501953125 44660.2578125 24834.6484375
"130" 29698.0675 42953.0204 23741.2098
"131" 32461.2486 39269.1546 24953.3652
"132" 34611.7193 35206.0415 26117.2925
"133" 36876.6356 30868.4661 25949.5716
"134" 39141.5518 26530.8907 25781.8506
"135" 40086.1111 21922.3572 26249.7414
"136" 40372.0086 17231.4112 26633.6369
"137" 41678.2627 12715.644 27597.0003
"138" 44952.9140625 9280.798828125 26609.078125
"139" 25411.501953125 44660.2578125 24834.6484375
"140" 62958.3828125 61739.4609375 7952.88671875
"141" 62953.25390625 62369.21875 7251.98974609375
"142" 63015.046875 62996.90625 6687.92041015625
"143" 63272.80859375 63551.00390625 6301.005859375
"144" 63712.2265625 64394.1640625 5943.2470703125
"145" 63665.93359375 61943.82421875 8471.7900390625
"146" 63717.26953125 62664.5 7768.09375
"147" 63743.9375 63138.2109375 7287.1083984375
"148" 63971.078125 63874.5625 6755.13037109375
"149" 64662.6328125 64680.04296875 6563.3779296875
"150" 64521.96484375 62400.859375 8848.962890625
"151" 64668.3125 63066.51171875 8342.8876953125
"152" 64646.19140625 63703.21875 7605.95166015625
"153" 64950.43359375 64457.30859375 7060.1728515625
"154" 65651.6953125 65067.0859375 6763.6279296875
"155" 65317.25390625 62627.59765625 9229.3173828125
"156" 65605.765625 63350.02734375 8569.0927734375
"157" 65768.796875 64005.015625 7980.20849609375
"158" 66277.2734375 64734.26953125 7432.75341796875
"159" 66757.8984375 65300.875 6818.47216796875
"160" 66446.859375 62767.72265625 9389.7392578125
"161" 66795.421875 63395.25 8652.6875
"162" 67130.734375 64033.765625 8028.88232421875
"163" 67368.1796875 64626.828125 7371.0986328125
"164" 67715.5625 65237.3828125 6647.6806640625
"165" 67475.8828125 62717.65625 9234.62109375
"166" 67921.1171875 63254.12109375 8397.3076171875
"167" 68055.484375 64003.76953125 7676.76318359375
"168" 68595.2578125 64585.5859375 6853.06640625
"169" 68742.6640625 65229.04296875 6165.20947265625
"170" 68795.9921875 62116.796875 8961.6884765625
"171" 69037.3046875 63054.2734375 7894.48486328125
"172" 69309.140625 64095.44921875 6723.42041015625
"173" 69471.296875 65099.6796875 5789.41357421875
"174" 69833.84375 61602 8512.109375
"175" 69848.0078125 62442.4921875 7695.32373046875
"176" 70065.0078125 63167.84375 6832.041015625
"177" 70151.1015625 64419.58984375 5666.47119140625
"178" 70741.0390625 60915.40625 8132.3720703125
"179" 70773.8203125 62042.42578125 7067.99658203125
"180" 70865.453125 63048.15625 6047.13427734375
"181" 70956.2421875 64148.16796875 5067.03076171875
"182" 71418.90625 60989.3046875 7181.62255859375
"183" 71560.859375 61876.75 6292.46044921875
"184" 71504.3828125 62771.453125 5609.95556640625
"185" 71521.421875 63815.7421875 4674.57666015625
"186" 72180.0625 61477.0546875 6037.00390625
"187" 72117.1875 62306.828125 5385.15087890625
"188" 72245.71875 63083.53125 4592.62841796875
"189" 71993.453125 31298.40234375 22291.71875
"190" 70581.3984375 31998.900390625 27629.80078125
"191" 67599.1328125 33749.5234375 31636.49609375
"192" 64291.6015625 35255.1015625 30049.30078125
"193" 63032.80859375 37227.453125 27607.681640625
"194" 60951.51171875 39527.87109375 26537.4609375
"195" 59549.98828125 41430.625 25666.166015625
"196" 71364.40625 29114.48046875 20547.7734375
"197" 69785.6015625 30283.8359375 26495.142578125
"198" 66689.375 31886.77734375 31541.20703125
"199" 63208.1015625 34222.80078125 27770.69921875
"200" 60889.80859375 36697.78125 27083.3125
"201" 58625.51953125 38205.44140625 26198.6171875
"202" 70082.984375 27622.4765625 20323.03515625
"203" 68701.7734375 28898.7890625 25882.564453125
"204" 66810.7890625 30235.806640625 30301.86328125
"205" 63386.69921875 31611 28706.69921875
"206" 60351.2265625 34396.671875 27353.58203125
"207" 57918.37109375 36027.9609375 26608.083984375
"208" 55938.99609375 37381.453125 25546.296875
"209" 68715.109375 26446.013671875 20774.025390625
"210" 67511.640625 27402.04296875 26167.90234375
"211" 64889.83203125 29507.58203125 29753.384765625
"212" 61584.7109375 30870.970703125 27965.728515625
"213" 58682.75 32759.220703125 27073.54296875
"214" 55280.875 35424.703125 25870.4453125
"215" 67660.265625 24913.267578125 20069.181640625
"216" 66041.3984375 25495.30078125 24812.30078125
"217" 64131.30078125 27850 28541.5
"218" 61468.05078125 29036.7578125 28494.4921875
"219" 58524.59375 30498.798828125 26603.015625
"220" 55786.6875 32591.822265625 26726.599609375
"221" 52746.71875 34433.38671875 25140.798828125
"222" 66248.1015625 23152.513671875 19749.359375
"223" 64726.91015625 24762.994140625 22634.326171875
"224" 63464.13671875 25872.462890625 27607.302734375
"225" 60843.70703125 27320.92578125 29735.111328125
"226" 58197.74609375 28273.15234375 26778.7421875
"227" 55008.00390625 29365.021484375 25583.720703125
"228" 52213.92578125 32056.837890625 25567.7421875
"229" 64276.046875 21373.728515625 19812.037109375
"230" 63238.19921875 22084.30078125 24394.400390625
"231" 61233.86328125 24027.806640625 28726.935546875
"232" 57968.41015625 25430.55078125 28415.2265625
"233" 55307.69921875 25653.80078125 26400.400390625
"234" 53481.74609375 28297.35546875 24912.259765625
"235" 50704.2578125 30068.9375 25471.513671875
"236" 61957.47265625 19185.548828125 19923.01171875
"237" 60651.046875 20401.63671875 24446.57421875
"238" 59564.4296875 21962.27734375 29045.36328125
"239" 56325.89453125 23396.72265625 28069.47265625
"240" 54015.85546875 24797.087890625 24769.578125
"241" 51073.18359375 27410.921875 24563.001953125
"242" 60339.671875 16854.8125 19564.02734375
"243" 59057.19921875 18575.80078125 22726.19921875
"244" 58167.73828125 19897.259765625 28164.419921875
"245" 55738.1015625 21421.400390625 28683.099609375
"246" 53541.40625 22079.685546875 26395.244140625
"247" 52062.1796875 23164.134765625 24575.140625
"248" 48987.48828125 25757.3828125 24926.4765625
"249" 58138.6875 14663.572265625 20329.5703125
"250" 57211.30078125 15489.599609375 25140.80078125
"251" 55105.27734375 18411.296875 29212.34765625
"252" 53207.95703125 19210.234375 26788.146484375
"253" 52114.83203125 19590.12109375 24311.044921875
"254" 49683.69921875 21166.69921875 25167.5
"255" 47867.59765625 22836.130859375 25142.66796875
"256" 56185.9375 12058.8955078125 20701.43359375
"257" 55127.30078125 13717.099609375 25492.80078125
"258" 53650.125 16098.7431640625 28715.921875
"259" 52145.1015625 16387 26962
"260" 50899.65625 16266.048828125 24872.01953125
"261" 49171.9921875 18040.923828125 25259.89453125
"262" 48169.27734375 19296.76171875 26005.861328125
"263" 54881.12890625 10150.15234375 20889.037109375
"264" 54453.9140625 13169.32421875 27343.685546875
"265" 51482.88671875 13939.3544921875 28647.25
"266" 50115.7578125 13806.0439453125 27012.759765625
"267" 49502.3203125 14108.00390625 26420.73828125
"268" 47833.58984375 15003.31640625 27024.830078125
"269" 53280.640625 7840.10791015625 21650.248046875
"270" 53142.5234375 10576.8134765625 26389.86328125
"271" 51197.0546875 12313.67578125 28950.01171875
"272" 49687.85546875 12531.5869140625 28162.748046875
"273" 48662.8828125 11135.23828125 26890.3671875
"274" 47875.40234375 10703.828125 27008.49609375
"275" 51617.953125 7412.7021484375 24031.603515625
"276" 50831.8828125 9805.1845703125 28748.2109375
"277" 49128.67578125 10291.736328125 28396.001953125
"278" 47585.57421875 9526.1083984375 26908.51953125
"279" 46394.640625 9803.09375 27061.80859375
"280" 50757.28515625 5698.775390625 23076.583984375
"281" 50388.84375 7134.19970703125 27036.6015625
"282" 49031.65234375 8848.57421875 28163.44140625
"283" 47499.42578125 8840.083984375 26840.990234375
"284" 46051.27734375 9005.021484375 26972.357421875
"285" 49677.015625 4522.75439453125 23021.677734375
"286" 49287.91796875 6390.8115234375 27036.3125
"287" 47796.6171875 8382.8564453125 28934.4453125
"288" 46159.171875 8715.5615234375 29209.4921875
"289" 48777.63671875 4133.06494140625 23995.556640625
"290" 48278.34765625 5357.12353515625 26949.14453125
"291" 46577.8828125 8036.94921875 29070.7421875
"292" 45708.5 9312.4599609375 29355
"293" 47676.49609375 4224.07421875 24691.42578125
"294" 46756.09765625 5168.3681640625 27807.40625
"295" 45801.73046875 6730.9970703125 29126.41015625
"296" 45221 8078.72021484375 29245.5
"297" 46500.23828125 4142.5341796875 26415.06640625
"298" 45427.0859375 5469.15966796875 29148.591796875
"299" 15811.8544921875 32893.06640625 20415.9375
"300" 17387.048828125 32739.09375 25135.3203125
"301" 20133.01953125 31356.98046875 27144.943359375
"302" 21047.400390625 35077.8984375 27646.400390625
"303" 23183.103515625 37658.66796875 25377.939453125
"304" 25435.15625 41057.53515625 24741.564453125
"305" 15634.6337890625 31243.3828125 18121.439453125
"306" 18020.69921875 29828.19921875 24460
"307" 21010.896484375 30507.96484375 27249.37109375
"308" 23202.0625 33152.87109375 25596.826171875
"309" 25318.1484375 36336.375 25271.72265625
"310" 28373.876953125 39107.2734375 24498.916015625
"311" 16684.556640625 29259.953125 18418.052734375
"312" 19432.7421875 29056.408203125 22475.5546875
"313" 22283.599609375 28893.69921875 28101
"314" 23460.81640625 30973.69921875 27108.130859375
"315" 25845.2734375 33457.9453125 25612.2265625
"316" 28610.130859375 35563.1953125 25073.375
"317" 30779.7109375 36824.45703125 25324.859375
"318" 18251.943359375 26895.59765625 18637.5234375
"319" 21001.84375 26838.60546875 24348.951171875
"320" 22886.294921875 26978.744140625 28865.291015625
"321" 24662.166015625 28241.30859375 28061.80078125
"322" 26526.234375 30295.75 25696.443359375
"323" 29045.2734375 32369.06640625 25606.7109375
"324" 31774.119140625 33375.35546875 25790.455078125
"325" 19770.291015625 25007.744140625 18553.962890625
"326" 22802.794921875 25153.6640625 22132.8515625
"327" 24255.3046875 24442.888671875 28677.810546875
"328" 27145.94921875 26807.515625 26954.30078125
"329" 29152.310546875 28114.939453125 25448.400390625
"330" 31329.841796875 30012.16015625 25306.21484375
"331" 22782.298828125 22093.76953125 18504.1796875
"332" 24697.7578125 23043.60546875 24507.08984375
"333" 26600.974609375 23473.404296875 28524.234375
"334" 29487.51171875 25717.015625 26100.03515625
"335" 31174.57421875 26888.791015625 25149.23828125
"336" 33110.1171875 27878.171875 25714.111328125
"337" 25317.953125 20215.970703125 19295.83203125
"338" 26778.673828125 21180.021484375 25220.599609375
"339" 28955.099609375 22418.74609375 28699.728515625
"340" 30946.19921875 23420.49609375 27139.35546875
"341" 32630.19921875 24693.099609375 25791.19921875
"342" 34756.18359375 25752.169921875 25209.548828125
"343" 27142.71875 17891.19140625 18726.501953125
"344" 28045.814453125 18971.87890625 23653.98046875
"345" 29724.740234375 20510.32421875 29599.453125
"346" 32987.3984375 21555.69921875 26714
"347" 34280.61328125 22485.634765625 25021.763671875
"348" 37332.73828125 23388.150390625 24818.4453125
"349" 29565.330078125 15902.162109375 19994.357421875
"350" 29647.19921875 16991.099609375 25194.19921875
"351" 31049.099609375 18715.099609375 29703.80078125
"352" 33096.7578125 18923.115234375 27826.986328125
"353" 35026.14453125 19398.681640625 26288.1953125
"354" 36242.8984375 19920.80078125 25298.900390625
"355" 38390.43359375 20226.5546875 24984.091796875
"356" 31304.552734375 13330.1005859375 19885.576171875
"357" 32007.9609375 14313.853515625 24927.015625
"358" 32985.1171875 15963.1875 30169.7265625
"359" 34591.15234375 15859.4794921875 28552.27734375
"360" 36513.8984375 16867.30078125 26569.80078125
"361" 38218.12890625 16131.90625 25094.478515625
"362" 39245.203125 16452.73046875 25879.119140625
"363" 33928.890625 10409.052734375 21911.458984375
"364" 33982.015625 11828.396484375 26942.564453125
"365" 34926.35546875 13251.2490234375 29421.484375
"366" 36679.33203125 13730.009765625 28615.96484375
"367" 38342.140625 13283.705078125 26319.234375
"368" 39201.8671875 13227.150390625 26815.56640625
"369" 35272.6015625 8165.92626953125 22080.80078125
"370" 34753.3984375 9754.7099609375 25695.69921875
"371" 36423.77734375 11231.705078125 29502.369140625
"372" 39123.953125 10870.255859375 26991.330078125
"373" 39778.6953125 10342.7373046875 27200.3828125
"374" 41143.1015625 9821.01953125 27507
"375" 37116.89453125 6500.79833984375 23941.462890625
"376" 37200.3984375 7915.35009765625 27581.69921875
"377" 38053.36328125 8966.0302734375 28806.060546875
"378" 40521.56640625 9017.47265625 27301.89453125
"379" 41590.23828125 8896.033203125 27889.53125
"380" 44536 7813.22998046875 27964.30078125
"381" 38603.10546875 4395.55126953125 23901.958984375
"382" 39742.88671875 5853.068359375 26355.369140625
"383" 40102.16015625 7315.466796875 29048.01171875
"384" 40855.4296875 8950.5107421875 28707.251953125
"385" 44822.80078125 8687.7900390625 28902.19921875
"386" 40217.94140625 3908.580078125 24766.005859375
"387" 41239.109375 5207.7744140625 27800.1484375
"388" 40258.1796875 7769.79833984375 28947.677734375
"389" 41916.76171875 3438.091796875 26176.4453125
"390" 44924.8984375 5484.56982421875 28516.69921875
