"V1" "V2" "V3"
"1" 13.5000801086426 21.5258712768555 38.0968780517578
"2" 14.4573 19.4069 36.4601
"3" 15.4145 17.288 34.8234
"4" 16.7894 15.4666 33.1396
"5" 18.3293 14.2062 31.1266
"6" 20.0431 13.3137 29.0406
"7" 21.7933 12.9849 26.8254
"8" 23.5505 12.7805 24.6048
"9" 25.3616 13.0944 22.4612
"10" 27.3271 13.3087 20.43
"11" 29.081 13.5541 18.206
"12" 31.197 13.3867 16.3226
"13" 33.1327 13.9738 14.3448
"14" 35.5095 13.2871 13.1684
"15" 37.9147 13.438 12.0111
"16" 40.0890617370605 14.9658546447754 11.0825023651123
"17" 16.0025253295898 9.21786022186279 74.3901443481445
"18" 15.2799 10.1897 72.854
"19" 13.9049 10.9937 72.0876
"20" 12.1335 11.8077 72.1009
"21" 10.3757 12.3421 72.2885
"22" 8.5717 11.7831 71.8058
"23" 6.8354 11.0215 71.3317
"24" 5.8765 9.7914 72.1588
"25" 6.7636 8.9288 73.6443
"26" 8.2511 9.2845 74.7875
"27" 9.853 10.0146 75.5766
"28" 11.5247 9.8259 76.399
"29" 13.2402 9.2369 76.7699
"30" 14.7977 9.0378 75.9206
"31" 13.5000801086426 21.5258712768555 38.0968780517578
"32" 33.3510513305664 18.925313949585 44.1913528442383
"33" 24.1543521881104 38.6584625244141 29.1655254364014
"34" 23.0111 38.8255 31.7625
"35" 21.6098 38.6852 34.2336
"36" 19.9388 38.0574 36.3787
"37" 18.0133 36.4716 37.6927
"38" 16.7599 34.0535 37.4128
"39" 15.8822 31.5283 36.6123
"40" 15.8437 29.1425 35.08
"41" 16.4469 27.0839 33.2525
"42" 17.5927 25.5528 31.1658
"43" 19.2032 24.307 29.1743
"44" 20.8374 23.3049 27.0719
"45" 22.3832 22.98 24.7207
"46" 24.0264 23.4545 22.4545
"47" 25.4396 24.624 20.2931
"48" 26.5518 26.5199 18.5291
"49" 27.376 28.8458 17.1161
"50" 27.9429 31.4992 16.4477
"51" 28.0948 34.1387 17.1211
"52" 27.801 36.2025 18.9967
"53" 27.1388 37.3138 21.5033
"54" 26.6813 38.2759 24.1276
"55" 25.6495 38.5734 26.7429
"56" 26.0712909698486 18.9661712646484 49.181755065918
"57" 28.3118 18.522 48.4297
"58" 30.3766 18.594 47.1309
"59" 31.9777 18.5425 45.3547
"60" 33.2311 18.3129 43.261
"61" 34.3427 18.3893 41.0796
"62" 35.7203 18.6054 39.0695
"63" 37.4224 18.5161 37.3259
"64" 38.9986 18.2346 35.5653
"65" 39.8149719238281 17.7567710876465 33.3042755126953
"66" 26.0712909698486 18.9661712646484 49.181755065918
"67" 41.0911827087402 40.6988639831543 7.65122604370117
"68" 39.8149719238281 17.7567710876465 33.3042755126953
"69" 41.0911827087402 40.6988639831543 7.65122604370117
"70" 42.2346 41.9416 12.0118
"71" 42.0889 41.3336 16.9609
"72" 41.5079 41.1365 21.9163
"73" 41.2204 41.4508 26.8652
"74" 41.0787 42.558 31.7185
"75" 41.3521 43.9968 36.4832
"76" 41.155 45.1975 41.3185
"77" 41.0739 46.272 46.1688
"78" 40.6466 47.2542 51.0368
"79" 40.4124 48.1764 55.9292
"80" 40.1461 48.9492 60.8399
"81" 39.7869 49.5082 65.7822
"82" 39.6693 49.8126 70.7625
"83" 39.4657 49.877 75.7492
"84" 39.1232 49.5055 80.7128
"85" 38.9034 49.0008 85.6731
"86" 38.8 48.324 90.6182
"87" 38.9821319580078 47.8621215820312 95.5718765258789
"88" 38.2843551635742 16.0289268493652 92.9022827148438
"89" 38.9821319580078 47.8621215820312 95.5718765258789
"90" 40.0890617370605 14.9658546447754 11.0825023651123
"91" 66.3839874267578 18.8128871917725 39.7824401855469
"92" 65.021 16.3918 37.9322
"93" 63.598 14.2225 35.8933
"94" 61.9221 12.6553 33.4748
"95" 60.1489 11.6346 30.911
"96" 58.1527 11.1891 28.2801
"97" 56.1515 11.0332 25.6205
"98" 54.1889 11.4255 22.952
"99" 52.2608 11.9267 20.2769
"100" 50.1073 12.6547 17.8576
"101" 47.9736 12.7659 15.3034
"102" 45.5551 13.0763 13.0332
"103" 42.7077 13.19 12.0542
"104" 40.0890617370605 14.9658546447754 11.0825023651123
"105" 66.3839874267578 18.8128871917725 39.7824401855469
"106" 46.3003120422363 18.1299629211426 44.9465713500977
"107" 57.080322265625 37.6485061645508 28.3591842651367
"108" 58.455 37.6958 31.0632
"109" 59.6988 37.5381 33.8121
"110" 61.1495 36.9031 36.3963
"111" 62.7989 35.4095 38.3314
"112" 64.3349 33.0285 38.9235
"113" 65.0007 30.1769 38.1039
"114" 65.2012 27.4528 36.8844
"115" 64.5034 25.3836 34.8373
"116" 63.5085 23.2279 32.9993
"117" 61.8838 21.9692 30.7582
"118" 60.353 20.8521 28.3986
"119" 58.6379 20.5519 25.9355
"120" 56.9151 21.0998 23.5047
"121" 55.4626 22.3906 21.1821
"122" 54.5663 24.4821 19.2503
"123" 54.0512 27.1311 17.9174
"124" 53.9126 30.1315 17.5286
"125" 54.0131 33.088 17.8244
"126" 54.6622 34.872 20.1589
"127" 55.075 36.3233 22.7877
"128" 55.9756 37.0857 25.5826
"129" 51.8795547485352 17.7075424194336 50.380012512207
"130" 50.08 17.918 48.8295
"131" 48.2327 18.067 47.3586
"132" 46.7937 18.2749 45.5244
"133" 45.7101 17.7715 43.4488
"134" 44.9909 18.1075 41.2242
"135" 43.5509 18.23 39.3382
"136" 42.1261 18.3556 37.4234
"137" 40.7696 18.0361 35.4829
"138" 39.8149719238281 17.7567710876465 33.3042755126953
"139" 51.8795547485352 17.7075424194336 50.380012512207
"140" 14.9065675735474 9.36311721801758 73.2617950439453
"141" 14.8496828079224 9.01066017150879 74.0625
"142" 14.6769819259644 8.68990516662598 74.6937713623047
"143" 14.3585023880005 8.30091571807861 75.4274826049805
"144" 13.9293804168701 8.64749717712402 76.3152923583984
"145" 14.2561616897583 9.81812572479248 72.869140625
"146" 14.1054201126099 9.52748394012451 73.7368011474609
"147" 13.8891820907593 9.30512809753418 74.4104919433594
"148" 13.5251951217651 8.93436431884766 75.0660247802734
"149" 12.8103885650635 8.95972061157227 75.7349319458008
"150" 13.5234537124634 10.262939453125 72.7285766601562
"151" 13.2563524246216 10.085898399353 73.6003341674805
"152" 13.2080926895142 9.71298217773438 74.3905639648438
"153" 12.5099000930786 9.30031967163086 75.4586029052734
"154" 11.8371000289917 9.42276287078857 75.862548828125
"155" 12.8623218536377 10.6986999511719 72.6316604614258
"156" 12.4522438049316 10.5944538116455 73.3447189331055
"157" 12.3009996414185 10.3254995346069 73.9145965576172
"158" 11.8568229675293 9.76447772979736 75.2786865234375
"159" 11.2330131530762 9.91611862182617 75.4925003051758
"160" 11.8963050842285 11.2373447418213 72.7465362548828
"161" 11.5742435455322 11.0461654663086 73.5400619506836
"162" 10.6702995300293 9.79362964630127 73.8235015869141
"163" 10.4955081939697 9.7891206741333 74.0038604736328
"164" 10.7743320465088 10.02463722229 75.6052856445312
"165" 10.9803867340088 11.5631160736084 72.9228973388672
"166" 10.6029090881348 11.3670997619629 73.3707656860352
"167" 10.3504753112793 9.90059757232666 73.7735977172852
"168" 10.3838224411011 9.69611549377441 73.9107971191406
"169" 9.67259979248047 9.30033016204834 74.168701171875
"170" 9.80796813964844 11.6929578781128 72.6900634765625
"171" 9.49639415740967 11.0840215682983 73.4533462524414
"172" 9.56676197052002 9.81684684753418 73.8137817382812
"173" 9.43799018859863 9.04097938537598 74.03271484375
"174" 8.95983600616455 11.3911695480347 72.3320388793945
"175" 8.84485816955566 10.8824310302734 72.8918685913086
"176" 8.57265853881836 10.3245048522949 73.3484191894531
"177" 8.81585884094238 9.003342628479 73.8308258056641
"178" 8.30819702148438 11.09840965271 71.7637710571289
"179" 8.08131790161133 10.3853378295898 72.3967056274414
"180" 7.85122108459473 9.69558811187744 72.9769134521484
"181" 8.01217174530029 8.33457183837891 73.7787704467773
"182" 7.52209234237671 10.5075225830078 71.6207733154297
"183" 7.17751312255859 9.89135074615479 72.0853271484375
"184" 7.03311920166016 9.44400596618652 72.621452331543
"185" 6.88364171981812 8.87373828887939 73.4268112182617
"186" 6.28486680984497 9.72823333740234 71.6117706298828
"187" 6.20336866378784 9.42949962615967 72.2772598266602
"188" 5.95080995559692 9.16827011108398 72.6352996826172
"189" 15.4480819702148 20.6189956665039 36.3298568725586
"190" 15.648099899292 20.4521007537842 36.1169013977051
"191" 21.1506996154785 21.5715999603271 37.2778015136719
"192" 22.3113994598389 20.1632194519043 40.1218528747559
"193" 22.8549022674561 20.2873554229736 42.9061050415039
"194" 24.7973022460938 20.3487129211426 45.4512367248535
"195" 23.8600425720215 17.6952724456787 47.4679985046387
"196" 16.0694007873535 17.6189994812012 34.8013000488281
"197" 17.4834995269775 19.0888996124268 33.8749008178711
"198" 21.9744129180908 20.2299118041992 35.9994087219238
"199" 22.8738117218018 19.1619510650635 39.4535484313965
"200" 22.9659004211426 19.3605003356934 41.7014999389648
"201" 25.5694465637207 19.7632007598877 44.7104263305664
"202" 17.2875995635986 15.2954998016357 33.1716003417969
"203" 18.7005634307861 18.1917190551758 32.0859107971191
"204" 23.3432006835938 19.1173000335693 34.0531005859375
"205" 23.5844650268555 18.6345291137695 36.7841873168945
"206" 23.3432006835938 18.600700378418 39.4706993103027
"207" 27.06369972229 19.24169921875 42.7126998901367
"208" 28.0412826538086 19.2193450927734 46.527946472168
"209" 22.0534992218018 15.1775999069214 30.5058994293213
"210" 22.5048999786377 16.6630992889404 30.7395000457764
"211" 24.6329002380371 18.4715003967285 32.7631988525391
"212" 25.0685005187988 17.9521007537842 35.3591003417969
"213" 27.4015998840332 19.214599609375 42.1898002624512
"214" 27.06369972229 19.24169921875 42.7126998901367
"215" 22.0534992218018 15.1775999069214 30.5058994293213
"216" 22.7402992248535 16.5984992980957 30.5058994293213
"217" 25.8653812408447 18.0189247131348 30.3881454467773
"218" 26.1410942077637 18.0232448577881 33.022029876709
"219" 25.2663650512695 17.9161586761475 35.1587104797363
"220" 29.0914993286133 19.3969993591309 40.2276000976562
"221" 31.1601009368896 18.5881004333496 45.515998840332
"222" 24.1814994812012 13.8212995529175 30.5506000518799
"223" 24.1814994812012 13.8212995529175 30.5506000518799
"224" 26.7442817687988 18.9880962371826 28.3690013885498
"225" 27.3204936981201 19.531946182251 30.4459400177002
"226" 26.951265335083 17.6254272460938 33.0201950073242
"227" 30.4363994598389 18.1828002929688 38.6321983337402
"228" 32.142032623291 18.8335819244385 43.082447052002
"229" 23.4722003936768 14.4672002792358 25.4109001159668
"230" 28.3798561096191 18.3689365386963 27.0575218200684
"231" 27.4301586151123 19.8924007415771 24.8891220092773
"232" 28.4461994171143 19.1294002532959 29.2660999298096
"233" 27.2122001647949 17.4949836730957 32.716236114502
"234" 30.5720996856689 18.0671997070312 38.6643981933594
"235" 32.5510749816895 18.481990814209 43.0664520263672
"236" 25.1698913574219 14.4050464630127 23.3271617889404
"237" 28.6707992553711 19.1187000274658 24.5025997161865
"238" 29.1662464141846 20.1506996154785 23.5617847442627
"239" 29.5552463531494 20.1514739990234 28.6716384887695
"240" 31.7261009216309 18.2131996154785 35.7299995422363
"241" 30.5720996856689 18.0671997070312 38.6643981933594
"242" 29.2558994293213 13.4983997344971 23.4759998321533
"243" 28.9281005859375 19.2108001708984 22.7917995452881
"244" 30.1354846954346 20.4090995788574 21.8928928375244
"245" 29.9926414489746 20.1506996154785 25.8900299072266
"246" 29.7511310577393 18.4899158477783 29.8590812683105
"247" 32.0613441467285 17.6617259979248 35.9443511962891
"248" 33.650447845459 18.2200260162354 41.2394828796387
"249" 29.5337009429932 13.8212995529175 23.4759998321533
"250" 30.6804141998291 19.7624912261963 21.227855682373
"251" 30.8540458679199 20.538200378418 21.2456550598145
"252" 31.2767925262451 19.632848739624 26.5741729736328
"253" 30.1548004150391 17.1499996185303 29.304500579834
"254" 32.4132957458496 17.4983959197998 35.8711585998535
"255" 34.4196014404297 18.0632991790771 40.6264991760254
"256" 29.6625995635986 15.1141185760498 18.5743999481201
"257" 31.9064292907715 19.8924007415771 19.8845367431641
"258" 32.0104713439941 20.6674003601074 20.7293453216553
"259" 32.3412284851074 19.7000904083252 25.032600402832
"260" 32.1950988769531 17.1798000335693 27.2987995147705
"261" 34.3771629333496 17.6542587280273 33.4752388000488
"262" 35.595100402832 18.3423004150391 37.6647987365723
"263" 31.1760997772217 15.2753000259399 17.1170997619629
"264" 32.9295234680176 20.538200378418 18.2244205474854
"265" 33.257152557373 20.6707572937012 21.3230361938477
"266" 34.2194442749023 18.9100971221924 25.2749671936035
"267" 36.6125984191895 18.591100692749 30.193000793457
"268" 35.2081985473633 18.2131004333496 32.7631988525391
"269" 35.4662017822266 15.1775999069214 16.0144996643066
"270" 33.5862693786621 20.4451484680176 16.996057510376
"271" 34.4938583374023 21.0548992156982 19.37331199646
"272" 35.147647857666 20.3077754974365 23.2120342254639
"273" 34.434398651123 18.1054992675781 24.8948993682861
"274" 36.7559013366699 18.600700378418 30.4414005279541
"275" 35.4662017822266 15.3713998794556 15.8656997680664
"276" 34.7103996276855 20.7982997894287 17.1671009063721
"277" 35.4424285888672 20.4114398956299 21.4129543304443
"278" 39.0270385742188 18.8840732574463 25.8137054443359
"279" 40.0062866210938 18.2356491088867 29.7395553588867
"280" 35.4662017822266 15.1775999069214 15.7167997360229
"281" 35.5094680786133 19.7479763031006 15.3886547088623
"282" 36.4138793945312 20.2768745422363 18.6963520050049
"283" 37.2783012390137 18.8017997741699 21.6310005187988
"284" 39.7220993041992 18.3099994659424 26.5524005889893
"285" 36.2597999572754 13.7566995620728 15.4786996841431
"286" 36.9735221862793 19.0543842315674 16.0082473754883
"287" 37.9135818481445 21.8911209106445 17.8994693756104
"288" 39.7167854309082 20.5767040252686 21.2574234008789
"289" 37.8074989318848 15.1775999069214 14.9626998901367
"290" 38.2999267578125 19.6340007781982 15.5909061431885
"291" 39.3227844238281 23.0991115570068 16.0820617675781
"292" 40.1092643737793 24.0325965881348 18.3903713226318
"293" 38.0391998291016 16.2299995422363 12.6524000167847
"294" 39.0324745178223 19.814962387085 13.1021394729614
"295" 40.109001159668 22.4757995605469 14.3177995681763
"296" 40.2923202514648 23.3078117370605 15.892017364502
"297" 39.1882781982422 17.8655986785889 12.2256908416748
"298" 40.2202987670898 21.8348007202148 13.0649995803833
"299" 64.6418609619141 18.9892959594727 38.4995155334473
"300" 64.1347732543945 19.1628761291504 38.1328277587891
"301" 61.3202018737793 20.8512992858887 38.6748008728027
"302" 57.3907012939453 19.0884571075439 42.6490516662598
"303" 57.043098449707 18.5650005340576 44.2039985656738
"304" 52.8277549743652 18.3423004150391 48.4669723510742
"305" 63.9476470947266 16.6154479980469 36.8586158752441
"306" 62.8847999572754 18.2453994750977 36.4846000671387
"307" 58.1678009033203 18.4862995147705 37.9042015075684
"308" 56.8721733093262 17.5829963684082 40.9711990356445
"309" 56.508716583252 17.8339290618896 42.6134338378906
"310" 51.4477081298828 18.5099983215332 47.5593566894531
"311" 60.7439002990723 14.4672002792358 38.1808013916016
"312" 58.0355987548828 18.3423004150391 36.2458992004395
"313" 57.6060371398926 18.2131443023682 36.0033378601074
"314" 56.4308586120605 17.1805648803711 38.483512878418
"315" 56.0929985046387 17.3493003845215 40.4300003051758
"316" 52.296501159668 18.1730003356934 43.8563003540039
"317" 49.2594985961914 15.1356000900269 44.8844985961914
"318" 61.2803001403809 13.3881998062134 32.8516998291016
"319" 56.606201171875 17.5673007965088 33.9133987426758
"320" 56.1364097595215 17.3898658752441 33.9342765808105
"321" 55.1450309753418 17.3014583587646 35.5566329956055
"322" 55.3196983337402 16.8554000854492 37.744499206543
"323" 50.2896003723145 17.8579006195068 41.2450981140137
"324" 48.581600189209 15.5361995697021 44.4114990234375
"325" 59.970100402832 12.2713003158569 30.9573993682861
"326" 59.0672988891602 14.7981996536255 30.0303001403809
"327" 54.3129997253418 16.7765998840332 30.7812995910645
"328" 53.2618522644043 16.4935035705566 34.2965812683105
"329" 49.6556663513184 17.7441730499268 38.6550407409668
"330" 50.2896003723145 17.8579006195068 41.2450981140137
"331" 58.2934989929199 12.3913164138794 28.6436500549316
"332" 53.6528015136719 16.7798004150391 30.1110000610352
"333" 53.519401550293 17.0172004699707 29.9589004516602
"334" 52.8633995056152 16.3145999908447 33.9290008544922
"335" 49.3676986694336 17.4265003204346 38.6907997131348
"336" 50.2896003723145 17.8579006195068 41.2450981140137
"337" 56.4208984375 12.6588001251221 26.1641006469727
"338" 51.5936088562012 16.7055683135986 28.3933792114258
"339" 52.326000213623 18.2612609863281 28.5199012756348
"340" 51.5872001647949 17.1878204345703 32.0066146850586
"341" 48.6101989746094 17.8202991485596 36.6397018432617
"342" 49.2280006408691 17.293399810791 39.0880012512207
"343" 55.198299407959 12.3910799026489 24.5079002380371
"344" 50.8689002990723 16.9937000274658 26.5988998413086
"345" 51.5717353820801 18.6006393432617 25.8012580871582
"346" 50.9947204589844 17.070291519165 31.2677230834961
"347" 47.8470993041992 17.0506000518799 36.6543998718262
"348" 49.0047988891602 17.4507007598877 39.0647010803223
"349" 54.0858993530273 13.5113000869751 23.0083999633789
"350" 51.5227012634277 18.0641002655029 24.121000289917
"351" 50.7856674194336 19.1450729370117 23.0908107757568
"352" 50.104175567627 18.7422351837158 27.5816974639893
"353" 50.4264984130859 17.1798000335693 30.5704002380371
"354" 47.0438003540039 17.4293994903564 35.0167007446289
"355" 47.3738594055176 17.3600788116455 37.3846168518066
"356" 52.7478981018066 13.2255172729492 21.2802410125732
"357" 50.2340354919434 18.4715003967285 22.1798553466797
"358" 49.6139259338379 19.5048999786377 20.9316291809082
"359" 49.0462226867676 19.4664192199707 24.4938468933105
"360" 48.9933128356934 17.4913940429688 28.5863361358643
"361" 45.6547012329102 17.3090000152588 33.1501998901367
"362" 45.9016990661621 17.5256004333496 34.9211006164551
"363" 50.4310989379883 15.0588998794556 18.6861991882324
"364" 49.1269836425781 19.2195129394531 19.057409286499
"365" 48.6878852844238 19.6340007781982 19.7228565216064
"366" 47.2952117919922 20.0214996337891 24.0610752105713
"367" 47.4518013000488 17.6208992004395 26.8442001342773
"368" 44.3223838806152 17.7297611236572 31.4812965393066
"369" 48.9496726989746 14.6909770965576 16.8388843536377
"370" 47.6537017822266 19.2063999176025 17.5424995422363
"371" 47.5766525268555 19.8924007415771 18.5566329956055
"372" 46.1753234863281 18.4291801452637 23.5957260131836
"373" 45.8339996337891 16.9025001525879 25.1119995117188
"374" 42.1725006103516 18.4515991210938 28.0550994873047
"375" 47.1892013549805 16.1420993804932 15.2119998931885
"376" 46.5190658569336 19.1354846954346 16.103853225708
"377" 46.6550636291504 20.0251426696777 17.4759674072266
"378" 43.899341583252 19.0562572479248 21.6702003479004
"379" 41.2696990966797 18.9881992340088 23.863000869751
"380" 41.1031799316406 18.8150634765625 25.7859287261963
"381" 43.4622001647949 13.9504995346069 15.4786996841431
"382" 43.8120002746582 18.8442001342773 16.0569000244141
"383" 44.1597480773926 20.7965316772461 16.4577579498291
"384" 42.4092330932617 21.0548992156982 18.4454002380371
"385" 41.1772918701172 22.199914932251 20.0305271148682
"386" 43.1440773010254 14.2145395278931 15.4674892425537
"387" 42.8302993774414 19.2388000488281 14.9652004241943
"388" 41.685245513916 22.9967784881592 15.9443254470825
"389" 42.559398651123 16.4046993255615 12.5118999481201
"390" 41.3520698547363 21.8095932006836 13.390941619873
