"V1" "V2" "V3"
"1" 94.3755264282227 73.0395660400391 22.8693237304688
"2" 93.9112 68.1694 25.6682
"3" 93.5418 63.561 28.9281
"4" 92.7838 59.0181 32.2093
"5" 92.1854 54.3272 35.2641
"6" 91.4705 49.2372 37.6208
"7" 90.6534 44.1274 39.8997
"8" 89.8569 39.1586 42.4521
"9" 89.1456 34.2289 45.12
"10" 88.5473 29.4079 48.0102
"11" 88.833 24.9575 51.4693
"12" 88.3218 20.8541 55.2904
"13" 85.6395 17.0334 58.0533
"14" 81.4996 13.5701 59.4978
"15" 77.1466 10.9609 61.0427
"16" 73.671012878418 10.5532875061035 65.487548828125
"17" 80.5895462036133 144.570266723633 20.9434089660644
"18" 84.5382 141.3529 18.7929
"19" 88.9686 140.2286 15.7162
"20" 93.7375 140.2026 12.9352
"21" 96.7916 139.7621 8.3648
"22" 101.1993 139.594 5.163
"23" 104.3871 142.5492 2.9575
"24" 103.3916 147.7583 1.9619
"25" 99.2096 151.2057 1.8596
"26" 94.1225 151.6836 3.3469
"27" 90.3672 151.3349 7.2623
"28" 86.1544 152.0222 10.7794
"29" 82.2244 152.0909 14.5718
"30" 79.4753 149.3228 18.4434
"31" 94.3755264282227 73.0395660400391 22.8693237304688
"32" 94.7581024169922 67.5001983642578 47.9677047729492
"33" 138.19841003418 70.3480911254883 83.3861618041992
"34" 142.445 73.1619 77.5661
"35" 146.0818 76.4829 71.5938
"36" 149.2284 81.7882 66.9459
"37" 149.5703 87.1402 61.7978
"38" 146.5932 89.7743 55.5828
"39" 142.2157 89.235 49.3216
"40" 136.9977 86.8584 44.1696
"41" 131.2663 83.9069 39.8398
"42" 125.213 79.9284 37.1187
"43" 119.1905 75.349 36.4511
"44" 113.4758 70.5881 38.6122
"45" 109.3053 64.9661 41.7908
"46" 106.4807 59.0323 45.8393
"47" 105.622 53.4664 51.1133
"48" 106.0261 48.4445 56.9966
"49" 107.8546 43.7948 62.7988
"50" 111.5006 42.6725 69.1468
"51" 116.2496 43.738 75.0699
"52" 120.726 47.1396 80.4341
"53" 125.8712 51.438 84.2123
"54" 130.3894 57.4386 85.6432
"55" 134.1295 64.1467 85.7036
"56" 84.499870300293 87.0183563232422 55.536376953125
"57" 83.5763 84.1543 55.6502
"58" 82.6042 81.3948 56.2129
"59" 81.6167 79.0296 57.7192
"60" 80.7987 76.3885 58.8887
"61" 80.267 73.9141 60.5149
"62" 79.4598 71.6349 62.2864
"63" 78.6483 69.4261 64.1594
"64" 77.3024 67.4517 65.8619
"65" 75.313362121582 66.7030410766602 67.9953918457031
"66" 84.499870300293 87.0183563232422 55.536376953125
"67" 101.64266204834 34.7314605712891 100.135765075684
"68" 75.313362121582 66.7030410766602 67.9953918457031
"69" 101.64266204834 34.7314605712891 100.135765075684
"70" 106.2641 40.4651 104.2557
"71" 109.468 47.9501 106.7518
"72" 112.0241 55.5856 109.6733
"73" 113.9119 63.4684 112.4577
"74" 115.9708 71.3264 115.1712
"75" 117.5963 79.4161 117.4883
"76" 118.8961 87.5306 119.9137
"77" 120.1707 95.6791 122.2363
"78" 122.1212 103.9315 123.4198
"79" 123.1885 112.3789 124.3471
"80" 123.102 120.9429 124.701
"81" 123.5413 129.4955 125.0958
"82" 123.5067 138.0691 125.2021
"83" 123.4147 146.6319 125.222
"84" 122.3174 155.0033 123.727
"85" 121.2201 163.3748 122.2321
"86" 120.1229 171.7462 120.7372
"87" 119.025596618652 180.117660522461 119.242212931315
"88" 72.3842010498047 154.474243164062 66.3867263793945
"89" 119.025596618652 180.117660522461 119.242212931315
"90" 73.671012878418 10.5532875061035 65.487548828125
"91" 27.8389434814453 73.3620300292969 81.8519287109375
"92" 31.7351 68.3015 80.871
"93" 35.3018 62.8863 80.8043
"94" 39.1955 57.7405 80.6706
"95" 42.0004 51.9145 80.0853
"96" 44.6872 46.0103 79.7378
"97" 47.4338 40.1668 79.1586
"98" 50.5651 34.5163 78.4758
"99" 53.7216 28.894 77.6822
"100" 56.3698 23.2066 76.1258
"101" 60.2329 18.046 75.3356
"102" 63.2567 13.2888 72.4041
"103" 68.5646 11.1759 69.4145
"104" 73.671012878418 10.5532875061035 65.487548828125
"105" 27.8389434814453 73.3620300292969 81.8519287109375
"106" 52.3731307983398 67.1564483642578 85.1258544921875
"107" 80.7665252685547 69.9693374633789 132.931838989258
"108" 74.2427 73.4882 136.3117
"109" 67.9983 77.4469 139.6713
"110" 62.4831 83.1433 141.4408
"111" 57.5375 89.2568 141.0228
"112" 51.1806 90.6724 136.4797
"113" 46.2207 88.757 130.335
"114" 42.6237 85.6993 123.6863
"115" 39.5527 82.3849 116.888
"116" 38.3171 77.888 110.2126
"117" 38.9274 72.2847 104.39
"118" 41.2129 66.2559 99.5
"119" 45.6817 59.9802 96.7854
"120" 50.6967 53.694 95.9411
"121" 56.5444 48.0166 96.4603
"122" 62.9618 43.5598 98.5832
"123" 69.3906 41.9604 103.2763
"124" 74.8831 43.1192 109.0508
"125" 79.8593 46.3667 114.6008
"126" 83.6836 50.8815 120.0447
"127" 84.6924 56.8853 125.4133
"128" 84.8975 64.0539 129.1022
"129" 61.8084945678711 85.8103942871094 76.4203796386719
"130" 62.7235 83.1838 75.4641
"131" 63.4282 80.4303 74.7309
"132" 65.0646 78.1186 74.4974
"133" 66.1761 75.6255 73.4021
"134" 67.443 73.0844 72.7622
"135" 69.4118 71.0632 72.1388
"136" 71.1497 69.0579 71.1729
"137" 73.3517 67.5205 70.0237
"138" 75.313362121582 66.7030410766602 67.9953918457031
"139" 61.8084945678711 85.8103942871094 76.4203796386719
"140" 82.3495178222656 144.950729370117 18.2833003997803
"141" 82.0161819458008 146.900512695312 17.1912250518799
"142" 81.9944305419922 148.474365234375 16.2175064086914
"143" 82.6047973632812 149.616271972656 14.8876609802246
"144" 83.6821975708008 151.218246459961 13.4553489685059
"145" 83.9989166259766 143.765243530273 17.0684585571289
"146" 83.8904571533203 145.947662353516 15.9710359573364
"147" 84.0216217041016 147.480026245117 14.971230506897
"148" 84.5933074951172 149.003433227539 13.4938716888428
"149" 85.8388519287109 150.303665161133 11.6548795700073
"150" 85.9772186279297 143.162796020508 15.5052099227905
"151" 86.3046722412109 145.385864257812 14.3025369644165
"152" 86.4280395507812 147.26838684082 13.2059717178345
"153" 86.8936538696289 149.049774169922 11.547456741333
"154" 87.9746398925781 150.268173217773 10.070198059082
"155" 87.8380584716797 142.675064086914 14.2674388885498
"156" 88.3449478149414 144.976135253906 13.0014734268188
"157" 88.8511962890625 146.658981323242 11.7964630126953
"158" 89.4871063232422 148.688598632812 9.90336227416992
"159" 90.0990295410156 149.919998168945 8.13260650634766
"160" 90.4387741088867 142.790130615234 12.7756462097168
"161" 90.8460922241211 144.804794311523 11.2537908554077
"162" 91.1178970336914 146.655181884766 9.92890167236328
"163" 91.2932205200195 147.980911254883 8.04451751708984
"164" 91.7046432495117 149.692749023438 6.21640348434448
"165" 92.470329284668 142.904296875 10.912745475769
"166" 92.7770004272461 144.702178955078 8.96712779998779
"167" 92.8517913818359 146.233261108398 7.66877174377441
"168" 92.9884185791016 147.798599243164 5.73523139953613
"169" 93.5540542602539 149.658737182617 4.46223402023315
"170" 94.5088043212891 142.069427490234 8.57528686523438
"171" 94.3982391357422 144.443145751953 6.73827648162842
"172" 94.3979339599609 146.797973632812 5.16874504089355
"173" 94.9280319213867 149.502655029297 3.30404257774353
"174" 96.200813293457 141.804397583008 6.68123769760132
"175" 95.8622055053711 143.579635620117 5.71509265899658
"176" 96.1770248413086 145.318420410156 4.5705041885376
"177" 96.2164840698242 148.366348266602 2.96148681640625
"178" 98.1118316650391 141.012161254883 5.80024003982544
"179" 97.7983093261719 143.249130249023 4.36842632293701
"180" 97.807746887207 145.547317504883 3.38139057159424
"181" 98.1651229858398 148.265975952148 2.28475213050842
"182" 99.6142883300781 141.467666625977 4.35644245147705
"183" 99.7259826660156 143.35400390625 3.34115672111511
"184" 99.6905364990234 145.254776000977 2.71696782112122
"185" 99.6797409057617 148.101654052734 1.99466860294342
"186" 101.788269042969 142.824554443359 2.92582488059998
"187" 101.582397460938 144.68977355957 2.40542340278625
"188" 102.180953979492 146.892562866211 2.15484547615051
"189" 95.9087371826172 72.7921447753906 29.1100826263428
"190" 98.7782440185547 74.914192199707 32.4185638427734
"191" 100.743606567383 75.7857284545898 38.8308029174805
"192" 97.9801712036133 77.5360260009766 43.9902763366699
"193" 94.7146148681641 79.8418426513672 47.1935997009277
"194" 90.0429992675781 82.9982986450195 50.728401184082
"195" 87.2602615356445 84.3403091430664 52.107780456543
"196" 94.8465728759766 68.2424850463867 30.0366973876953
"197" 96.6264801025391 70.0596771240234 34.5110702514648
"198" 98.0327453613281 72.7429656982422 39.9868011474609
"199" 95.4544982910156 75.3735656738281 45.5751342773438
"200" 92.0642623901367 78.2052841186523 49.633674621582
"201" 88.0928802490234 81.0106735229492 51.9695816040039
"202" 94.6890029907227 64.671516418457 32.9177932739258
"203" 96.0168609619141 66.2439270019531 36.9010047912598
"204" 96.6114044189453 68.5481033325195 41.7694435119629
"205" 95.762321472168 71.233283996582 44.9444389343262
"206" 92.7513275146484 75.3548355102539 49.3129692077637
"207" 88.9476776123047 78.9538345336914 52.0749473571777
"208" 85.3361129760742 81.0927658081055 53.7476234436035
"209" 94.2325439453125 61.3022079467773 35.9753494262695
"210" 95.6087036132812 63.1625022888184 40.3597717285156
"211" 95.711296081543 66.1953964233398 44.6794013977051
"212" 94.9379959106445 68.6120147705078 46.9141693115234
"213" 91.8152618408203 73.6832046508789 50.681224822998
"214" 86.3372802734375 79.3423461914062 53.7127494812012
"215" 93.3401947021484 57.8650550842285 37.304817199707
"216" 95.1225051879883 59.7111396789551 42.3395118713379
"217" 95.2169418334961 62.3151893615723 46.3506393432617
"218" 94.5023345947266 65.5109329223633 48.7813339233398
"219" 92.9512023925781 70.2313995361328 50.3788986206055
"220" 88.9404754638672 75.2093887329102 53.9250793457031
"221" 83.905891418457 77.7266693115234 55.4522590637207
"222" 93.1434173583984 54.8669128417969 39.5075759887695
"223" 94.4359664916992 55.822021484375 43.1880187988281
"224" 94.9660110473633 57.5997467041016 48.1633567810059
"225" 96.0571975708008 60.9138984680176 51.173698425293
"226" 94.1166458129883 64.7211837768555 50.1050491333008
"227" 91.5046844482422 70.7480392456055 52.6729049682617
"228" 84.7070465087891 76.8361663818359 55.3493118286133
"229" 92.9506072998047 50.7637901306152 42.2005157470703
"230" 94.3538360595703 51.7235794067383 47.2220458984375
"231" 96.5875701904297 53.247631072998 53.0007781982422
"232" 95.2492980957031 58.2536392211914 52.6276473999023
"233" 93.8547897338867 63.0800704956055 51.1507530212402
"234" 91.8776473999023 69.3195419311523 52.6787223815918
"235" 84.6642303466797 75.5087966918945 56.2458267211914
"236" 92.4247512817383 46.3346672058105 44.0077896118164
"237" 93.9858245849609 47.9528846740723 49.8280944824219
"238" 96.0560531616211 49.3719787597656 54.9473075866699
"239" 95.5147018432617 54.9823989868164 53.5796012878418
"240" 93.9973983764648 61.4380950927734 51.2869491577148
"241" 91.8109436035156 69.4110717773438 52.7645721435547
"242" 91.5959548950195 42.089427947998 45.3224792480469
"243" 93.16796875 43.4748229980469 50.2094955444336
"244" 96.5551986694336 44.921501159668 55.068000793457
"245" 96.3023910522461 51.6045379638672 55.4266357421875
"246" 93.8860702514648 55.8050727844238 52.2937316894531
"247" 94.1810531616211 60.8826141357422 50.9471740722656
"248" 92.8217544555664 68.2839126586914 51.5109710693359
"249" 91.0337677001953 37.9694366455078 48.3239631652832
"250" 94.5517730712891 40.6738510131836 54.9693260192871
"251" 97.0591735839844 44.5883979797363 59.1571578979492
"252" 92.6161880493164 50.5118598937988 55.04833984375
"253" 93.3973693847656 54.0354957580566 53.4834823608398
"254" 93.3878555297852 60.4356536865234 52.9873390197754
"255" 92.2681198120117 66.8666458129883 52.9610290527344
"256" 90.3397827148438 34.4882926940918 50.7952461242676
"257" 93.3117523193359 37.8444747924805 56.388484954834
"258" 96.9274063110352 42.8998031616211 61.6339721679688
"259" 93.165153503418 48.1268653869629 58.3291854858398
"260" 90.7032699584961 51.3853721618652 57.3170509338379
"261" 91.1727447509766 58.7460060119629 56.9376564025879
"262" 84.308723449707 68.7098846435547 60.4790115356445
"263" 89.7753143310547 31.5141887664795 52.2980422973633
"264" 96.1967697143555 35.8251266479492 61.1598815917969
"265" 93.7060470581055 43.1457176208496 63.2332305908203
"266" 88.1728668212891 49.1428031921387 62.1399917602539
"267" 87.3166656494141 53.0567588806152 61.2137565612793
"268" 83.2861022949219 63.1519737243652 64.3049926757812
"269" 89.2844848632812 27.756872177124 55.9391632080078
"270" 92.6982192993164 33.7933578491211 61.7001152038574
"271" 93.9053726196289 39.8537445068359 65.9856491088867
"272" 90.8570404052734 45.6961975097656 64.9641418457031
"273" 85.3270263671875 50.2659721374512 63.2103004455566
"274" 83.9625473022461 56.9107284545898 65.4538650512695
"275" 88.7982635498047 26.7119903564453 61.5087242126465
"276" 94.2276000976562 35.4967002868652 67.2236022949219
"277" 89.9450988769531 42.8325996398926 66.3532028198242
"278" 83.6656799316406 48.654369354248 65.3452758789062
"279" 80.4615249633789 56.6819152832031 68.5933380126953
"280" 86.7553939819336 21.3539924621582 61.095142364502
"281" 90.7756805419922 29.2081928253174 65.7106399536133
"282" 89.0615921020508 37.1326751708984 68.6606216430664
"283" 85.1829452514648 42.8957366943359 68.328239440918
"284" 80.6079177856445 52.2616806030273 68.5921249389648
"285" 83.8671035766602 17.3887004852295 61.8613014221191
"286" 86.3972396850586 28.6609172821045 66.9620208740234
"287" 88.061897277832 37.0770988464355 72.0301971435547
"288" 84.2484970092773 43.576099395752 73.0599975585938
"289" 82.2822875976562 16.207389831543 63.2834129333496
"290" 85.0624160766602 26.6027164459229 69.7523498535156
"291" 89.0411071777344 34.0561866760254 76.6015090942383
"292" 87.4757766723633 40.2949333190918 80.4697570800781
"293" 80.8493804931641 15.5114870071411 65.6762847900391
"294" 85.8334350585938 23.6982364654541 71.8334121704102
"295" 87.098503112793 29.3169002532959 77.2044982910156
"296" 86.946662902832 34.3299293518066 80.4021224975586
"297" 80.1667709350586 15.7264404296875 69.6493072509766
"298" 83.6478118896484 23.7045307159424 76.3610153198242
"299" 34.2967185974121 73.1764373779297 84.0392379760742
"300" 37.915657043457 73.8715362548828 87.3693313598633
"301" 43.1540298461914 75.2886810302734 89.3000335693359
"302" 49.2380981445312 77.5843963623047 87.0795974731445
"303" 53.5193176269531 79.4401779174805 84.4988555908203
"304" 57.996395111084 83.1547317504883 78.7183609008789
"305" 34.752815246582 70.0503158569336 83.0564270019531
"306" 39.9544143676758 71.4555587768555 86.156005859375
"307" 45.2483024597168 73.3839721679688 87.6720275878906
"308" 51.1404991149902 75.8947982788086 85.1722030639648
"309" 56.0337028503418 79.2243499755859 81.962890625
"310" 59.1408386230469 81.6891937255859 77.4924468994141
"311" 37.5485458374023 66.316520690918 83.3653182983398
"312" 42.1129989624023 67.2738647460938 85.3467178344727
"313" 47.3583984375 69.1296997070312 87.1098022460938
"314" 51.0336952209473 72.7518539428711 85.4044952392578
"315" 55.1860275268555 75.3929061889648 83.1201477050781
"316" 59.0423774719238 78.9616394042969 78.7005920410156
"317" 60.5644989013672 80.0345001220703 76.1973037719727
"318" 40.219654083252 62.5140914916992 83.2758331298828
"319" 46.2566680908203 63.6054954528809 85.3496170043945
"320" 49.9374008178711 64.1286010742188 87.1316986083984
"321" 52.6322174072266 68.0117034912109 85.1535949707031
"322" 55.6914024353027 72.1803588867188 83.2992630004883
"323" 59.514461517334 77.1266098022461 79.0366363525391
"324" 60.8136901855469 78.7825088500977 76.4085998535156
"325" 42.4422912597656 58.8693084716797 82.880989074707
"326" 47.3428001403809 59.976001739502 84.9324035644531
"327" 53.1119499206543 60.2002563476562 85.338264465332
"328" 56.0243530273438 65.8518600463867 84.319580078125
"329" 58.0383644104004 70.5671463012695 82.4821853637695
"330" 61.530200958252 75.3255996704102 77.2906036376953
"331" 45.8672294616699 53.6754684448242 82.7102279663086
"332" 51.7762794494629 55.6887054443359 85.0719909667969
"333" 56.1443252563477 57.0763206481934 85.0530319213867
"334" 59.0312004089355 65.5215530395508 83.1498870849609
"335" 60.0446891784668 70.3905334472656 81.7437133789062
"336" 61.9267463684082 75.1986999511719 76.6103668212891
"337" 48.5810317993164 49.5178680419922 82.705810546875
"338" 55.4739646911621 52.5726280212402 85.0129470825195
"339" 59.7079010009766 55.0838012695312 85.7072982788086
"340" 60.2934341430664 61.6060256958008 83.4218826293945
"341" 61.2035598754883 67.8436660766602 81.9397201538086
"342" 62.3357429504395 74.2351379394531 76.5804672241211
"343" 49.3530082702637 45.9200096130371 82.0998687744141
"344" 55.3739967346191 47.9271240234375 84.5261993408203
"345" 61.6591529846191 51.2505187988281 86.5580291748047
"346" 61.282600402832 61.0655097961426 82.9439239501953
"347" 62.5671539306641 67.5071029663086 81.3801040649414
"348" 62.2109451293945 73.8745880126953 77.1747741699219
"349" 52.2994422912598 42.7204818725586 82.4493408203125
"350" 59.1101684570312 44.5444793701172 83.8159332275391
"351" 62.995964050293 45.5142517089844 87.9300994873047
"352" 61.4847564697266 52.8025131225586 83.1486740112305
"353" 62.7958984375 59.2522010803223 82.3345031738281
"354" 63.6740188598633 63.6841163635254 81.6177825927734
"355" 64.4142761230469 71.355712890625 75.9931716918945
"356" 53.4800033569336 37.7967643737793 81.1599273681641
"357" 59.630615234375 40.329719543457 83.5854721069336
"358" 65.5493698120117 42.683292388916 88.9911499023438
"359" 63.5470008850098 48.8092994689941 86.161003112793
"360" 65.2392196655273 56.7273178100586 80.8738632202148
"361" 67.1228332519531 61.0276107788086 79.636848449707
"362" 66.8969573974609 68.9875183105469 74.2019882202148
"363" 57.9411659240723 33.1258277893066 81.0502395629883
"364" 63.8795928955078 36.3491363525391 85.9429702758789
"365" 68.3364562988281 40.5247383117676 88.5520401000977
"366" 67.8323593139648 47.7754058837891 83.3984527587891
"367" 67.1886672973633 53.806079864502 79.3479614257812
"368" 70.2439117431641 59.7119827270508 77.2083587646484
"369" 58.5730018615723 29.0942001342773 79.5000991821289
"370" 64.5131072998047 32.609748840332 82.1645278930664
"371" 69.7967987060547 37.6116752624512 87.0439987182617
"372" 69.4178771972656 46.266227722168 79.6310653686523
"373" 69.6990051269531 49.3146018981934 76.6039733886719
"374" 73.896369934082 54.4318046569824 74.6282272338867
"375" 63.730281829834 24.9845390319824 79.4919357299805
"376" 68.6940002441406 28.3605003356934 81.2086029052734
"377" 72.022087097168 34.785572052002 85.0945434570312
"378" 72.6985473632812 41.216968536377 77.787956237793
"379" 75.1366882324219 46.7793312072754 75.7021713256836
"380" 76.2774276733398 50.7840995788574 72.7528533935547
"381" 64.3764114379883 19.3579044342041 76.6406860351562
"382" 70.9120559692383 27.0773735046387 80.1787643432617
"383" 74.8649978637695 32.9967002868652 80.5283966064453
"384" 79.527702331543 37.8037986755371 80.5815963745117
"385" 82.5856857299805 42.8052520751953 80.1188049316406
"386" 67.7229232788086 16.409029006958 74.9409103393555
"387" 74.2231979370117 26.0728359222412 79.3347091674805
"388" 82.4468536376953 33.9880218505859 83.0896453857422
"389" 72.3489532470703 15.4153861999512 74.0080642700195
"390" 80.18994140625 24.6573123931885 78.3055877685547
