"V1" "V2" "V3"
"1" 29.5448780059814 18.2173690795898 16.0936679840088
"2" 28.991 18.4303 14.8663
"3" 28.3679 18.4408 13.656
"4" 27.7208 18.2978 12.4566
"5" 27.0844 18.4425 11.2798
"6" 26.3711 18.5411 10.136
"7" 25.6019 18.6118 9.0073
"8" 24.7439 18.6434 7.9498
"9" 23.9036 18.7512 6.8722
"10" 23.0391 18.6368 5.9953
"11" 22.1114 18.7043 5.0363
"12" 21.0381 18.591 4.1975
"13" 19.8408 18.4209 3.5493
"14" 18.6286 18.1909 2.9722
"15" 17.3838 17.7887 2.5596
"16" 16.0835494995117 17.3632526397705 2.47492027282715
"17" 26.690860748291 22.4104824066162 34.3052787780762
"18" 27.1588 22.0533 33.7456
"19" 28.0364 22.0326 33.979
"20" 28.857 21.812 34.2108
"21" 29.6686 21.5897 33.845
"22" 30.4858 21.8491 33.505
"23" 31.1118 22.4452 33.6155
"24" 31.3301 22.8099 34.3787
"25" 31.0974 23.1801 35.1895
"26" 30.4655 23.2324 35.7848
"27" 29.6154 23.103 36.0656
"28" 28.7248 23.0875 35.878
"29" 27.908 23.073 35.4479
"30" 27.15 22.8742 34.9611
"31" 29.5448780059814 18.2173690795898 16.0936679840088
"32" 21.6569232940674 17.6660861968994 8.44884490966797
"33" 20.3822441101074 12.692024230957 7.47461223602295
"34" 20.2207 11.7134 8.3266
"35" 20.1785 10.963 9.4083
"36" 20.249 10.5322 10.657
"37" 20.4657 10.2445 11.915
"38" 20.9812 10.11 13.1235
"39" 21.7974 10.0274 14.121
"40" 22.7164 10.1797 15.0625
"41" 23.7713 10.6037 15.7083
"42" 24.8862 11.2635 15.954
"43" 25.8303 12.1675 15.9038
"44" 26.3998 13.2938 15.5349
"45" 26.7761 14.3877 14.9147
"46" 26.9431 15.3298 14.0428
"47" 26.8038 16.0209 12.9318
"48" 26.4714 16.4992 11.762
"49" 25.8283 16.7318 10.6332
"50" 25.0987 16.7961 9.5368
"51" 24.2449 16.7021 8.5399
"52" 23.2512 16.5164 7.6961
"53" 22.2915 15.9609 6.9977
"54" 21.4301 15.0252 6.8435
"55" 20.8619 13.8638 7.0835
"56" 28.3066902160644 17.8413810729981 16.3358783721924
"57" 27.2664 17.9128 14.7901
"58" 26.4011 17.9253 13.1259
"59" 25.3151 18.0369 11.6066
"60" 24.1779 18.0862 10.1118
"61" 22.953 18.0605 8.7058
"62" 21.4809 17.9659 7.5401
"63" 19.9117 17.5689 6.5953
"64" 18.3433 16.7365 6.0373
"65" 16.6622638702393 15.90891456604 6.0528450012207
"66" 28.3066902160644 17.8413810729981 16.3358783721924
"67" 17.2180042266846 12.4223566055298 4.38727474212646
"68" 16.6622638702393 15.90891456604 6.0528450012207
"69" 17.2180042266846 12.4223566055298 4.38727474212646
"70" 17.4573 11.4902 5.9591
"71" 17.5627 10.8436 7.6941
"72" 17.7349 10.3905 9.4892
"73" 17.969 9.9642 11.2821
"74" 18.0353 9.6688 13.1155
"75" 18.2421 9.3851 14.95
"76" 18.3793 9.2286 16.8043
"77" 18.4002 8.9693 18.65
"78" 18.5441 8.7293 20.4976
"79" 18.6131 8.4397 22.3426
"80" 18.8015 8.1292 24.1753
"81" 19.0189 7.7277 25.9839
"82" 19.2751 7.3167 27.7858
"83" 19.5345 7.0298 29.6083
"84" 19.6342 6.6563 31.434
"85" 19.7549 6.2206 33.2466
"86" 19.8978 5.8424 35.0677
"87" 20.1564502716064 5.5092191696167 36.8762588500977
"88" 20.1235828399658 10.625412940979 53.3314666748047
"89" 20.1564502716064 5.5092191696167 36.8762588500977
"90" 16.0835494995117 17.3632526397705 2.47492027282715
"91" 4.98784255981445 13.5754737854004 17.5021743774414
"92" 5.1703 14.1689 16.092
"93" 5.658 14.5174 14.6508
"94" 6.2159 14.8453 13.2305
"95" 6.7878 15.1386 11.8109
"96" 7.481 15.4411 10.449
"97" 8.1487 15.7564 9.0737
"98" 8.9871 16.0579 7.7941
"99" 9.8574 16.389 6.5623
"100" 10.7348 16.8151 5.3885
"101" 11.8757 17.048 4.3504
"102" 13.1551 17.2225 3.5038
"103" 14.5852 17.2418 2.8948
"104" 16.0835494995117 17.3632526397705 2.47492027282715
"105" 4.98784255981445 13.5754737854004 17.5021743774414
"106" 11.5214710235596 15.7587833404541 8.95038795471191
"107" 14.0998811721802 12.0879945755005 7.86407375335693
"108" 14.8379 11.0408 8.4351
"109" 15.4137 10.2964 9.4835
"110" 15.6578 9.7605 10.7683
"111" 15.7752 9.4331 12.1349
"112" 15.7 9.1846 13.5299
"113" 15.0591 8.908 14.7439
"114" 14.0111 8.6994 15.6765
"115" 12.8719 8.7211 16.4721
"116" 11.7442 8.898 17.2736
"117" 10.5227 9.4902 17.3223
"118" 9.6805 10.3541 16.5816
"119" 8.7811 11.2536 15.9659
"120" 8.2166 12.1227 15.0485
"121" 8.0482 12.8795 13.8861
"122" 8.0824 13.4602 12.6003
"123" 8.3352 13.9322 11.2864
"124" 8.9939 14.178 10.0545
"125" 9.7494 14.3702 8.8712
"126" 10.7303 14.366 7.9015
"127" 11.9391 13.818 7.4552
"128" 13.1236 13.0948 7.6482
"129" 6.47073745727539 14.2045021057129 17.1330757141113
"130" 7.0234 14.5008 15.4156
"131" 7.7155 14.8525 13.7602
"132" 8.4746 15.259 12.1473
"133" 9.3987 15.6693 10.6241
"134" 10.5043 16.0575 9.222
"135" 11.7725 16.3574 7.9434
"136" 13.2453 16.4397 6.8861
"137" 14.8845 16.104 6.2636
"138" 16.6622638702393 15.90891456604 6.0528450012207
"139" 6.47073745727539 14.2045021057129 17.1330757141113
"140" 27.3161201477051 22.3935317993164 34.1323204040527
"141" 27.4273490905762 23.4022769927979 33.8994216918945
"142" 27.4337005615234 23.7938003540039 33.8797988891602
"143" 27.717794418335 24.0853900909424 34.8547554016113
"144" 27.9106159210205 24.1527366638184 35.1410789489746
"145" 27.6641063690186 22.3234634399414 34.119255065918
"146" 28.0492420196533 23.3214168548584 33.5584754943848
"147" 28.092794418335 23.6939239501953 34.0485000610352
"148" 28.5020847320557 24.0192089080811 34.5462837219238
"149" 28.4598541259766 24.2351913452148 34.8511619567871
"150" 28.0562305450439 22.3445911407471 34.2289886474609
"151" 28.1359996795654 23.270299911499 33.6095008850098
"152" 28.3055992126465 23.6406993865967 34.0485000610352
"153" 28.7140998840332 23.9962005615234 34.6554985046387
"154" 29.0293006896973 24.2226009368896 35.282398223877
"155" 28.3820934295654 22.3127002716064 34.3386268615723
"156" 28.8744297027588 23.1576347351074 33.7992134094238
"157" 29.0174007415771 23.3791999816895 33.9090003967285
"158" 29.2470092773438 23.7183303833008 34.5082931518555
"159" 29.0979633331299 24.2788238525391 35.2890586853027
"160" 29.0373992919922 23.1105003356934 33.738899230957
"161" 29.3384990692139 23.3393001556396 34.0485000610352
"162" 29.546199798584 23.3320999145508 34.2490005493164
"163" 29.2435569763184 23.6910190582275 34.5117454528809
"164" 30.0174999237061 24.05299949646 35.5056991577148
"165" 29.2306003570557 22.3540000915527 33.8325996398926
"166" 29.6623001098633 23.2159004211426 34.1565017700195
"167" 29.5675067901611 23.3035926818848 34.2291526794434
"168" 29.2475414276123 23.7225494384766 34.5077590942383
"169" 30.0118007659912 24.0912990570068 35.2523994445801
"170" 29.4463996887207 22.4370002746582 33.3903007507324
"171" 29.8918056488037 22.4525852203369 34.6473121643066
"172" 29.5202007293701 23.5601997375488 34.2505989074707
"173" 30.052152633667 24.0448627471924 35.2561073303223
"174" 30.0711364746094 22.1130428314209 34.0562171936035
"175" 29.6623001098633 23.2159004211426 34.1565017700195
"176" 29.7166996002197 23.270299911499 34.2490005493164
"177" 30.093900680542 24.1653995513916 35.0259017944336
"178" 30.3985157012939 22.0727005004883 33.7936096191406
"179" 30.5119190216064 22.4450435638428 34.2506828308105
"180" 29.7166996002197 23.270299911499 34.2490005493164
"181" 30.1212501525879 24.1653614044189 35.0532493591309
"182" 30.318395614624 23.0474472045898 33.3270988464355
"183" 30.8468418121338 22.5878200531006 34.1711578369141
"184" 30.8699855804443 22.822135925293 34.4870300292969
"185" 30.3437061309814 24.4950332641602 34.8457832336426
"186" 31.100305557251 22.5949954986572 33.9876518249512
"187" 30.8663005828857 23.135799407959 33.8168983459473
"188" 30.8663005828857 23.135799407959 33.8168983459473
"189" 28.547794342041 17.8375968933105 15.3081560134888
"190" 27.9121398925781 17.6078414916992 15.1392860412598
"191" 27.3176174163818 17.5507411956787 14.494122505188
"192" 27.994665145874 16.7184677124023 14.1449012756348
"193" 28.3484649658203 16.975248336792 14.4024753570557
"194" 28.7615547180176 17.3911972045898 14.6680784225464
"195" 28.9980602264404 17.9785976409912 15.1356515884399
"196" 28.3003578186035 18.0446434020996 14.2530384063721
"197" 27.774097442627 17.5735664367676 13.9187345504761
"198" 27.2611846923828 17.4696521759033 13.5274152755737
"199" 27.8575534820557 17.0464553833008 13.2786731719971
"200" 28.1905918121338 17.5903244018555 13.4223051071167
"201" 27.7184181213379 17.9615898132324 13.7859773635864
"202" 27.7695655822754 18.0522003173828 13.1738796234131
"203" 27.0354290008545 17.9612464904785 13.1902341842651
"204" 26.4708805084229 17.6700019836426 12.8589687347412
"205" 27.3596630096436 17.0223922729492 12.3853282928467
"206" 27.7351512908936 17.7024078369141 12.3598175048828
"207" 27.1183586120605 17.9633731842041 12.8114233016968
"208" 27.6888999938965 18.4652996063232 12.4288997650146
"209" 27.165075302124 18.0291728973389 12.166916847229
"210" 26.5167846679688 17.961446762085 12.1607398986816
"211" 26.4096069335938 17.9619445800781 11.8686761856079
"212" 26.9769725799561 17.333532333374 11.3699522018433
"213" 27.2716808319092 18.0890655517578 11.4679489135742
"214" 27.1760864257812 18.4352550506592 11.5844049453735
"215" 26.7590370178223 18.1118335723877 11.2886743545532
"216" 26.2074642181396 17.9620456695557 11.2732057571411
"217" 25.6240653991699 18.0236568450928 11.3350458145142
"218" 26.3606796264648 17.2508277893066 10.5730466842651
"219" 26.7298717498779 17.9980735778809 10.569375038147
"220" 26.6821346282959 18.5507888793945 10.7017250061035
"221" 25.6641082763672 18.0237007141113 11.1481304168701
"222" 26.2300033569336 18.1687908172607 10.3615989685059
"223" 25.8717308044434 17.9617195129395 10.3099393844604
"224" 25.0683746337891 18.0237007141113 10.4869661331177
"225" 25.5778160095215 17.6351051330566 9.62282848358154
"226" 25.8996334075928 17.6656112670898 9.57976913452148
"227" 25.9395542144775 18.5645370483398 9.52466773986816
"228" 25.2135009765625 18.0237007141113 10.4499139785767
"229" 24.7333393096924 18.0244808197021 9.90085220336914
"230" 25.0503082275391 17.9018592834473 9.25802326202393
"231" 24.3913345336914 17.7766246795654 9.3497896194458
"232" 25.0085945129395 17.2963008880615 8.58697032928467
"233" 25.1443405151367 18.0361404418945 8.65997123718262
"234" 25.2912654876709 18.5119552612305 8.77789783477783
"235" 24.1623611450195 18.085729598999 9.59870338439941
"236" 23.8738327026367 18.0241050720215 8.99029541015625
"237" 24.2931289672852 17.9002990722656 8.35633182525635
"238" 23.7090873718262 17.764949798584 8.58059978485107
"239" 24.4796772003174 17.4344024658203 7.73884296417236
"240" 24.562068939209 18.5755271911621 7.79274368286133
"241" 24.5517864227295 18.5847492218018 7.77851676940918
"242" 23.109411239624 18.0246601104736 8.25824356079102
"243" 23.096658706665 17.9619998931885 7.99312114715576
"244" 22.970178604126 17.9619998931885 7.9959135055542
"245" 23.7843284606934 17.3896636962891 7.04176139831543
"246" 23.2715435028076 17.8423690795898 7.60566139221191
"247" 22.9806156158447 17.9619998931885 7.94256019592285
"248" 22.6330127716064 18.0516166687012 8.28576564788818
"249" 22.4079742431641 17.9002285003662 7.28656530380249
"250" 22.1885089874268 17.9635524749756 7.35573244094849
"251" 22.5628280639648 17.7758369445801 6.76070117950439
"252" 22.8254489898682 17.973331451416 6.28185558319092
"253" 22.1683807373047 17.8388366699219 7.01922416687012
"254" 21.7363662719727 17.9619998931885 7.22362804412842
"255" 21.3201923370361 17.9620819091797 7.56634759902954
"256" 21.4635925292969 17.8384990692139 6.57710886001587
"257" 21.5102424621582 17.8384990692139 6.59632921218872
"258" 21.8642349243164 17.7150993347168 6.15908765792847
"259" 21.7065010070801 17.6590614318848 6.03203153610229
"260" 21.2996063232422 17.7768821716309 6.31797027587891
"261" 20.9583854675293 17.8396034240723 6.57009553909302
"262" 20.5208683013916 17.7766761779785 6.68204402923584
"263" 20.9656391143799 17.7155265808105 6.06866550445557
"264" 21.2538089752197 17.6670265197754 5.96654415130615
"265" 21.0361824035645 17.5299777984619 5.35134696960449
"266" 20.4047737121582 17.4682006835938 5.4751091003418
"267" 20.0084953308105 17.4687442779541 5.77184867858887
"268" 19.4966678619385 17.4061012268066 5.98533916473389
"269" 20.4120998382568 18.8570003509521 4.69732999801636
"270" 20.7488536834717 17.4520874023438 5.03418874740601
"271" 20.1430568695068 17.4064998626709 5.35905599594116
"272" 19.8987884521484 17.2917957305908 5.00698280334473
"273" 19.2801284790039 17.1829681396484 5.29484415054321
"274" 18.6996593475342 17.028829574585 5.59517955780029
"275" 19.6269378662109 17.2830009460449 5.05458927154541
"276" 19.6309051513672 17.2829074859619 5.09148168563843
"277" 19.2715969085693 17.1592292785645 5.02885627746582
"278" 18.4097957611084 16.8509006500244 5.17109155654907
"279" 17.8331050872803 16.5735454559326 5.50795555114746
"280" 19.32204246521 18.0120162963867 3.36916851997375
"281" 19.0557136535645 17.0977993011475 4.88356685638428
"282" 18.7523956298828 16.9551124572754 4.65862894058228
"283" 18.1509017944336 16.7342109680176 4.85938024520874
"284" 17.7376480102539 16.5187549591064 5.46185159683228
"285" 18.4624996185303 18.2007007598877 2.91086006164551
"286" 18.4094009399414 16.8509006500244 4.91466522216797
"287" 17.8138847351074 16.6047019958496 4.31557273864746
"288" 17.2528800964355 16.2364177703857 4.61927270889282
"289" 17.7712993621826 17.9044990539551 2.72378993034363
"290" 17.819128036499 16.6053619384766 4.44224166870117
"291" 17.3818168640137 16.3329124450684 4.61840438842773
"292" 16.7863845825195 15.9281568527222 4.71862030029297
"293" 17.1730995178223 16.7863998413086 3.17804002761841
"294" 16.7873001098633 16.1453990936279 3.80942010879517
"295" 17.2039527893066 16.2477588653564 4.45024681091309
"296" 16.7673797607422 16.0019207000732 5.03244543075562
"297" 16.5727005004883 16.6431007385254 3.10081005096436
"298" 16.7873001098633 16.1453990936279 3.80942010879517
"299" 5.87860441207886 13.8172912597656 16.6423683166504
"300" 6.5390477180481 14.1182126998901 16.4838352203369
"301" 6.56950569152832 13.947883605957 16.0929889678955
"302" 6.3128981590271 13.0808115005493 15.743278503418
"303" 5.98975515365601 13.3569679260254 15.7750787734985
"304" 5.59858465194702 14.0748977661133 16.031774520874
"305" 5.74731636047363 14.1036586761475 15.8394155502319
"306" 6.68617486953735 14.3204174041748 15.5188407897949
"307" 6.5312967300415 14.2703113555908 14.948694229126
"308" 6.36531782150269 13.5934591293335 14.5358724594116
"309" 5.80587005615234 14.2076444625854 14.5540704727173
"310" 5.85036563873291 14.5642337799072 14.5068206787109
"311" 6.00644731521606 14.3554124832153 14.738621711731
"312" 6.57942676544189 14.3407440185547 14.3595581054688
"313" 7.30879402160645 14.6926136016846 14.0705070495605
"314" 6.72263336181641 13.6932783126831 13.5509586334229
"315" 6.3084921836853 14.2227382659912 13.4769659042358
"316" 6.18810987472534 14.8807001113892 13.398699760437
"317" 6.32255983352661 14.9503002166748 13.1010999679565
"318" 6.37856864929199 14.6269187927246 13.6100368499756
"319" 7.03598737716675 14.5674133300781 13.0420684814453
"320" 7.58037090301514 14.8207902908325 12.825174331665
"321" 7.21767091751099 13.9741516113281 12.2726602554321
"322" 6.77886724472046 14.4926509857178 12.3187875747681
"323" 6.64762020111084 15.0886001586914 12.2660999298096
"324" 8.31319999694824 15.2461004257202 12.1740999221802
"325" 7.64682006835938 14.8756999969482 12.9530029296875
"326" 7.77016019821167 14.9375 12.388204574585
"327" 8.00932884216309 14.9906663894653 11.4730110168457
"328" 7.53165292739868 14.4733800888062 10.9173545837402
"329" 7.31205987930298 15.2975997924805 10.847900390625
"330" 7.39526987075806 15.3604001998901 10.7052001953125
"331" 7.47718334197998 15.1396703720093 10.871075630188
"332" 7.91997337341309 15.0248956680298 10.6364097595215
"333" 8.45322895050049 15.1253890991211 10.3761014938354
"334" 7.76553392410278 15.0944604873657 9.93090534210205
"335" 7.77345609664917 15.5437602996826 9.88774108886719
"336" 8.98323631286621 15.4825811386108 10.6999816894531
"337" 8.10804176330566 15.3915538787842 9.70257759094238
"338" 8.53878879547119 15.2462577819824 9.58707714080811
"339" 8.99376392364502 15.246374130249 9.4073486328125
"340" 8.42685031890869 15.2055654525757 8.90127372741699
"341" 8.35309314727783 15.819673538208 8.83922290802002
"342" 8.48943996429443 15.8909997940063 8.62567043304443
"343" 9.67673397064209 15.6372890472412 9.30107975006104
"344" 8.9442663192749 15.4916772842407 8.68663501739502
"345" 9.60140132904053 15.4647407531738 8.71768951416016
"346" 9.05217456817627 15.7390451431274 7.9928731918335
"347" 9.02089977264404 16.0853004455566 7.78676986694336
"348" 10.5019998550415 16.0485000610352 8.77735996246338
"349" 10.3745241165161 15.884838104248 8.44515705108643
"350" 9.69400787353516 15.6436338424683 7.63640928268433
"351" 10.1801042556763 15.6441497802734 7.91941547393799
"352" 9.74059581756592 15.5311136245728 7.23320150375366
"353" 9.76300621032715 16.1094646453857 6.9503002166748
"354" 9.71024608612061 16.4227256774902 6.74869823455811
"355" 11.6509008407593 16.3570995330811 7.69929170608521
"356" 11.0161123275757 16.0181140899658 7.59399652481079
"357" 10.379355430603 15.8630905151367 6.78763437271118
"358" 10.9338645935059 15.8218812942505 7.0125560760498
"359" 10.6117515563965 15.7405977249146 6.19707727432251
"360" 11.5208978652954 16.061824798584 6.83507966995239
"361" 12.0128660202026 16.2423419952393 6.64538955688477
"362" 12.6825008392334 16.4184188842773 6.71433973312378
"363" 11.8090295791626 16.1109352111816 6.50323581695557
"364" 11.4220361709595 15.9294910430908 6.02564001083374
"365" 11.7875919342041 16.0482234954834 6.32999706268311
"366" 11.9838609695435 16.0000343322754 5.92665815353394
"367" 12.4212522506714 16.1735935211182 6.00357007980347
"368" 13.2578420639038 16.3480739593506 6.14592504501343
"369" 12.4160099029541 16.1738395690918 5.96144151687622
"370" 12.5745573043823 16.233699798584 6.0507287979126
"371" 12.4228343963623 16.1101665496826 5.73313045501709
"372" 13.1697731018066 16.1717281341553 5.54788494110107
"373" 13.692946434021 16.2336521148682 5.57231616973877
"374" 14.5820751190186 16.2338485717773 5.72867870330811
"375" 13.1032676696777 16.1718082427979 5.24266529083252
"376" 12.920238494873 16.1295642852783 4.75641679763794
"377" 13.1833038330078 16.1613292694092 5.14594411849976
"378" 14.1218090057373 16.1720008850098 5.10140705108643
"379" 14.9605445861816 16.110200881958 5.19644737243652
"380" 15.1628999710083 16.0501003265381 5.19653987884521
"381" 13.2324028015137 17.0892543792725 3.57575130462646
"382" 14.0711622238159 16.1719665527344 4.87607431411743
"383" 14.4151725769043 16.1720008850098 4.66764974594116
"384" 14.9853000640869 16.1646995544434 4.14811992645264
"385" 16.6649532318115 15.8755435943604 4.7743182182312
"386" 14.1689405441284 17.1604251861572 3.13812685012817
"387" 14.9853000640869 16.1646995544434 4.14811992645264
"388" 15.2174510955811 16.0321807861328 5.24135160446167
"389" 15.065878868103 16.8324146270752 3.03493046760559
"390" 15.3081979751587 16.2381553649902 3.64873933792114
