"V1" "V2" "V3"
"1" 30647.62109375 16408.181640625 12549.6044921875
"2" 29676.1704 15504.6896 12044.3486
"3" 28881.5068 14111.6389 12294.1145
"4" 27964.6018 12807.0121 12602.5058
"5" 26872.6354 11618.7181 12800.917
"6" 25775.8283 10435.3341 12936.2507
"7" 24801.968 9134.7776 12894.4884
"8" 23706.3763 7935.5584 12907.3339
"9" 22699.0428 6676.3433 12805.0234
"10" 21687.4669 5417.0324 12759.9388
"11" 20543.3421 4272.7873 12874.0879
"12" 19459.3686 3148.2693 12579.3139
"13" 18357.4784 2282.258 12016.7908
"14" 17065.4527 1688.4432 12770.0981
"15" 15555.0521 1293.4481 13022.3488
"16" 14050.083984375 1109.2255859375 13419.2099609375
"17" 29454.08984375 29332.791015625 8919.328125
"18" 30143.8309 28651.197 9220.5844
"19" 31036.2415 28741.2872 9553.829
"20" 31657.5147 29170.8475 10120.1637
"21" 32276.0531 28476.6585 10386.5723
"22" 33205.6672 28243.9092 10161.0362
"23" 34010.1177 28581.9899 9723.3766
"24" 34164.9792 29398.6042 9167.8795
"25" 33587.6405 30016.8039 8958.0278
"26" 32784.9475 30446.5739 9310.5459
"27" 32238.9934 30870.9033 8599.5063
"28" 31387.1154 30920.349 8088.6218
"29" 30382.9768 30818.8803 8151.6
"30" 29633.7946 30209.5872 8454.8026
"31" 30647.62109375 16408.181640625 12549.6044921875
"32" 21464.078125 14887.9267578125 15986.166015625
"33" 21546.87109375 8471.9375 26111.25
"34" 21301.8327 9656.2364 27389.6518
"35" 21228.9452 11467.7933 28053.2887
"36" 21106.1024 13289.2858 28680.3969
"37" 21085.9991 15128.9324 29185.5352
"38" 21873.6723 16836.7378 29262.3019
"39" 23463.8483 17906.4326 29396.7452
"40" 25257.0499 18455.1922 29047.5519
"41" 27056.0102 18615.3204 28427.7255
"42" 28299.0517 18755.5129 26973.1776
"43" 29427.7767 18541.9667 25458.844
"44" 30249.9488 17957.8137 23822.0299
"45" 30343.4741 17086.4505 22122.4829
"46" 29763.4597 15891.1165 20733.3647
"47" 28898.1386 14687.0417 19498.0126
"48" 27900.7637 13505.0496 18341.6104
"49" 26752.3501 12118.5596 17724.7057
"50" 25671.8003 10572.2787 17349.9538
"51" 24584.6067 9226.646 18080.0559
"52" 23584.5362 7965.2588 19129.8267
"53" 22833.0044 7377.5609 20779.009
"54" 22256.1665 7272.0604 22604.5182
"55" 21909.5789 7547.762 24467.7595
"56" 25001.025390625 19699.6875 15165.736328125
"57" 23689.6568 18060.5566 15652.7666
"58" 22241.8749 16528.8609 16004.5516
"59" 21407.0734 14563.0745 15980.2881
"60" 20770.1004 12541.8255 15586.1846
"61" 20103.4964 10495.1079 15470.939
"62" 19291.1527 8522.5901 15206.5893
"63" 18284.1528 6636.7235 14944.186
"64" 16567.7338 5498.1956 15372.0398
"65" 14540.66796875 5399.53955078125 15976.515625
"66" 25001.025390625 19699.6875 15165.736328125
"67" 14413.052734375 3520.78515625 26282.02734375
"68" 14540.66796875 5399.53955078125 15976.515625
"69" 14413.052734375 3520.78515625 26282.02734375
"70" 14486.8949 5348.8785 27810.2372
"71" 14841.749 7529.8558 28766.6069
"72" 15047.8769 9923.0153 29016.1526
"73" 15288.7884 12298.1175 29348.9349
"74" 15382.302 14686.4914 29646.6434
"75" 15606.5874 17064.5037 29972.5615
"76" 15933.1558 19425.0742 30365.6121
"77" 16275.2734 21807.9843 30523.9538
"78" 16768.7754 24162.7225 30308.3975
"79" 17275.2493 26503.7922 30079.6337
"80" 17744.6059 28871.1734 29951.6989
"81" 18006.9337 31267.0147 29878.5054
"82" 18222.5391 33622.0632 29411.6034
"83" 18559.6482 35895.0511 28711.9709
"84" 18708.6855 38207.2374 28117.126
"85" 19146.8522 40542.8311 28381.5049
"86" 19492.3683 42908.2067 28688.1938
"87" 19905.3671875 45252.4375 28945.802734375
"88" 20918.98046875 43708.2265625 14560.203125
"89" 19905.3671875 45252.4375 28945.802734375
"90" 14050.083984375 1109.2255859375 13419.2099609375
"91" 2604.57421875 20957.36328125 11329.74609375
"92" 3378.2521 19496.0307 10885.3048
"93" 3872.7595 17767.2382 11520.6744
"94" 4483.3419 16001.6308 11902.5376
"95" 5118.9353 14228.4468 12225.987
"96" 5835.7238 12469.9757 12359.9188
"97" 6536.0847 10697.6384 12328.8046
"98" 7154.3869 8888.5324 12325.7964
"99" 7840.177 7112.1296 12369.5435
"100" 8725.2817 5449.7698 12604.9107
"101" 9624.9545 3930.4102 11941.731
"102" 10756.4994 2645.0123 12558.4616
"103" 12304.9282 1743.5215 13048.2606
"104" 14050.083984375 1109.2255859375 13419.2099609375
"105" 2604.57421875 20957.36328125 11329.74609375
"106" 11198.234375 17705.78125 16233.4453125
"107" 8204.6640625 10608.0302734375 26671.66796875
"108" 8814.8697 12243.9663 27577.4105
"109" 9514.0654 14008.1995 28172.8197
"110" 10142.4309 15821.946 28674.2364
"111" 10312.9328 17788.5687 28879.9859
"112" 9663.9507 19608.9295 28744.7949
"113" 8199.7175 20893.2999 28565.8863
"114" 6530.1722 21758.9721 27950.1788
"115" 5017.3664 22299.2079 26829.715
"116" 3808.9413 22552.5514 25270.1332
"117" 3052.8766 22571.5309 23452.2208
"118" 2864.8901 21719.2491 21676.401
"119" 3007.7046 20477.0872 20128.9595
"120" 3490.5799 18997.927 18912.7354
"121" 4171.6254 17426.3667 17896.2031
"122" 4947.4977 15737.6587 17225.6395
"123" 5711.0371 13913.0735 17153.2582
"124" 6290.1334 12266.8433 18028.5032
"125" 6667.8612 10799.6969 19319.2653
"126" 7053.7941 10003.4284 21034.5693
"127" 7311.1114 9746.2916 22983.7399
"128" 7680.7532 9841.1689 24930.4816
"129" 9258.138671875 21979.0546875 14666.736328125
"130" 10155.1159 20144.5191 15355.5723
"131" 10617.6509 18093.9344 15660.5072
"132" 10622.5513 15941.6519 15612.8404
"133" 10680.2935 13848.5325 15131.3565
"134" 10740.7774 11694.8579 14970.4854
"135" 10829.3715 9564.6118 14635.2021
"136" 11278.154 7483.4229 14596.9485
"137" 12600.7155 6039.3897 15459.3954
"138" 14540.66796875 5399.53955078125 15976.515625
"139" 9258.138671875 21979.0546875 14666.736328125
"140" 29818.068359375 29318.8359375 8817.994140625
"141" 29962.234375 29644.38671875 8572.7373046875
"142" 30170.48828125 29929.39453125 8518.3544921875
"143" 30369.962890625 30309.900390625 8393.4267578125
"144" 30749.94921875 30585.521484375 8078.6396484375
"145" 30189.349609375 29129.833984375 8958.7314453125
"146" 30301.9140625 29583.994140625 8830.5048828125
"147" 30471.560546875 29901.080078125 8551.8408203125
"148" 30728.85546875 30151.49609375 8465.4013671875
"149" 31195.37890625 30436.724609375 8333.0859375
"150" 30610.40234375 29091.3359375 9106.4658203125
"151" 30792.71484375 29520.65234375 9086.2744140625
"152" 30934.369140625 29931.265625 8933.98046875
"153" 31254.39453125 30313.806640625 8641.5263671875
"154" 31653.376953125 30492.5078125 8536.0712890625
"155" 30965.291015625 29087.009765625 9271.0244140625
"156" 31140.36328125 29514.5625 9255.33203125
"157" 31285.728515625 29880.248046875 9137.732421875
"158" 31568.322265625 30221.453125 8970.2333984375
"159" 31987.990234375 30503.517578125 8877.7685546875
"160" 31439.962890625 29255.39453125 9562.70703125
"161" 31621.49609375 29578.98828125 9518.205078125
"162" 31753.265625 29868.091796875 9397.470703125
"163" 31923.9921875 30164.87109375 9307.728515625
"164" 32292.087890625 30445.234375 9202.9931640625
"165" 31794.630859375 29426.21875 9848.359375
"166" 32060.37109375 29645.76953125 9744.7509765625
"167" 32138.421875 29833.484375 9619.41015625
"168" 32421.28125 30055.677734375 9565.89453125
"169" 32696.4453125 30349.796875 9373.189453125
"170" 32223.865234375 29129.830078125 10015.0146484375
"171" 32433.6015625 29399.490234375 9824.33984375
"172" 32653.8828125 29744.62890625 9674.4541015625
"173" 32988.24609375 30156.87109375 9327.9462890625
"174" 32545.51171875 28835.259765625 10035.17578125
"175" 32680.26953125 29125.125 9842.3583984375
"176" 32882.1953125 29381.83203125 9719.734375
"177" 33108.4140625 29833.703125 9436.9208984375
"178" 32833.55859375 28517.572265625 10042.95703125
"179" 33024.87890625 28945.78515625 9780.650390625
"180" 33233.46484375 29310.400390625 9553.3828125
"181" 33425.66015625 29709.185546875 9269.2998046875
"182" 33212.5234375 28561.583984375 9888.564453125
"183" 33385.6953125 28867.1328125 9674.8349609375
"184" 33511.79296875 29190.26171875 9475.9794921875
"185" 33635.74609375 29615.033203125 9175.4619140625
"186" 33687.81640625 28727.587890625 9638.6591796875
"187" 33791.41015625 29024.021484375 9441.5546875
"188" 33932.59375 29336.54296875 9236.119140625
"189" 30139.900390625 15564 13939.5
"190" 30185.400390625 15732.5 16356.5
"191" 28768.92578125 15251.1396484375 18141.68359375
"192" 25269.30078125 17345.560546875 16882.513671875
"193" 25331.712890625 18140.51171875 16593.154296875
"194" 25266.876953125 18452.802734375 16332.0185546875
"195" 25136.80078125 19015.599609375 15782.400390625
"196" 29309.798828125 15141.6435546875 13382.4892578125
"197" 29043.71875 14677.7841796875 15153.234375
"198" 28192.5546875 14867.140625 17811.61328125
"199" 25253.5625 16689.41796875 16756.1171875
"200" 25175.685546875 17568.134765625 16549.732421875
"201" 24907.74609375 17989.91796875 16103.443359375
"202" 28767.73046875 14194.9501953125 13406.50390625
"203" 28619.96875 14364.1162109375 15023.0791015625
"204" 27517.619140625 14323.037109375 17105.236328125
"205" 25460.689453125 15595.9501953125 16938.916015625
"206" 25059.880859375 16517.41796875 16377.49609375
"207" 24642.087890625 17174.611328125 16116.4169921875
"208" 24159.865234375 17722.537109375 15748.94921875
"209" 28133.400390625 13521.7998046875 13666.599609375
"210" 27855.365234375 13767.5810546875 15652.0478515625
"211" 26423.701171875 14426.298828125 17072.3984375
"212" 25498.484375 15293.6962890625 16455.4140625
"213" 24813.890625 16178.93359375 16090.984375
"214" 23998.376953125 17104.486328125 15769.5498046875
"215" 27642.76171875 12732.791015625 13776.4365234375
"216" 27406.90625 12996.4287109375 15395.91015625
"217" 26378.533203125 14079.751953125 16367.5791015625
"218" 25767.900390625 14788.26953125 16626.05078125
"219" 24865.162109375 15362.291015625 15961.927734375
"220" 24123.701171875 16144.50390625 15750.6220703125
"221" 23173.599609375 16920.80078125 15762.400390625
"222" 27007.865234375 11999.8623046875 13812.54296875
"223" 26800.640625 12217.24609375 15197.578125
"224" 25947.748046875 13076.1455078125 15944.91015625
"225" 25111.697265625 13975.92578125 16773.26953125
"226" 24517.087890625 14422.9990234375 15883.4580078125
"227" 23863.919921875 15218.419921875 15676.466796875
"228" 23109.451171875 16239.1474609375 15686.490234375
"229" 26268.578125 11148.6826171875 13906.51953125
"230" 25455.189453125 11878.2470703125 15633.970703125
"231" 25124.099609375 12093.7998046875 16678.80078125
"232" 24437.400390625 12826.7998046875 16572.30078125
"233" 23991.701171875 13764.7470703125 15890.6142578125
"234" 23428.921875 14717.8154296875 15600.634765625
"235" 22790.03515625 15683.517578125 15682.416015625
"236" 25359.220703125 10101.5087890625 13986.744140625
"237" 24919.44140625 10762.80859375 15601.9521484375
"238" 24599.2890625 11399.611328125 16598.546875
"239" 23886.921875 12066.3154296875 16512.99609375
"240" 23199.583984375 13367.80078125 15898.228515625
"241" 22892.18359375 14477.791015625 15531.5439453125
"242" 24551.65625 9127.47265625 13670.80078125
"243" 24543.400390625 9362.7158203125 14931.8701171875
"244" 24091.9609375 10032.5302734375 16265.8115234375
"245" 23531.201171875 10820.4853515625 16411.6796875
"246" 23128.58203125 11586.8212890625 15599.5517578125
"247" 22616.55859375 12451.3134765625 15676.12890625
"248" 22356.41015625 14010.1357421875 15562.0078125
"249" 23634.396484375 7994.83837890625 13700.5908203125
"250" 23475.328125 8412.3916015625 15243.45703125
"251" 22991.943359375 9063.6044921875 16618.005859375
"252" 22636.30078125 9705.6796875 15628.400390625
"253" 22347.21875 10032.5947265625 14918.27734375
"254" 21711.771484375 10905.990234375 15607.5966796875
"255" 21449.25 12194.798828125 15478.388671875
"256" 22585.115234375 6751.48291015625 13498.8916015625
"257" 22563.02734375 7203.53759765625 15089.650390625
"258" 22619.2890625 7890.82177734375 16197.0634765625
"259" 22004.2578125 8224.970703125 15538.12109375
"260" 21577.375 8373.6171875 14667.9921875
"261" 21370.853515625 9042.3154296875 14655.9619140625
"262" 21445.97265625 9259.73046875 14783.609375
"263" 21849.0625 5822.6953125 13485.29296875
"264" 22109.390625 6578.43408203125 15839.9560546875
"265" 21542.8359375 6735.619140625 15433.2822265625
"266" 20475.3046875 6715.7216796875 15101.224609375
"267" 20018.89453125 6762.029296875 14566.3564453125
"268" 19752.35546875 6931.580078125 14678.8466796875
"269" 20728.875 4637.24658203125 13430.2998046875
"270" 21044.87109375 5457.71533203125 15349.900390625
"271" 20504.015625 5862.70556640625 15224.0517578125
"272" 19387.427734375 6129.16064453125 15369.501953125
"273" 18936.734375 5533.00537109375 15384.373046875
"274" 18133.646484375 5571.56201171875 14813.2763671875
"275" 19760.728515625 4145.0947265625 14359.9443359375
"276" 18864.197265625 4611.9580078125 15534.0107421875
"277" 18358.638671875 4977.71142578125 15760.1298828125
"278" 17544.955078125 4851.00048828125 15279.4287109375
"279" 16705.154296875 4995.0732421875 15383.2236328125
"280" 18773.0703125 3074.40966796875 13468.8857421875
"281" 18851.421875 3872.00463867188 15816.861328125
"282" 17993.84375 4343.5048828125 16167.5615234375
"283" 17075.984375 4371.8271484375 15527.763671875
"284" 15867.7041015625 4652.01953125 15692.2900390625
"285" 17731.53515625 2272.15356445312 13100.9345703125
"286" 17526.638671875 3371.77685546875 15214.845703125
"287" 16993.359375 4019.88745117188 16673.22265625
"288" 15700.73046875 4438.4326171875 16576.013671875
"289" 16845.49609375 2060.15795898438 13582.30078125
"290" 16382.962890625 2922.36596679688 15207.7333984375
"291" 15882.89453125 3683.3271484375 17277
"292" 14854.845703125 4562.85009765625 17452.091796875
"293" 15882.2568359375 1889.55773925781 13956.81640625
"294" 15634.5693359375 2331.87817382812 15747.6630859375
"295" 15263.201171875 3053.63427734375 17510.150390625
"296" 14453.08984375 3780.0166015625 17585.568359375
"297" 14924.17578125 1904.99658203125 14762.830078125
"298" 13985.099609375 2633.8701171875 17110.19921875
"299" 3213.81005859375 19943.400390625 12580.400390625
"300" 2808.7890625 20066.732421875 15320.5625
"301" 3134.21484375 19971.1796875 16627.861328125
"302" 7945 20096.30078125 16305.599609375
"303" 8158.5400390625 20745.80078125 16103.099609375
"304" 8758.06640625 21540.375 15245.2138671875
"305" 3469.83178710938 19664.662109375 12243.7822265625
"306" 3211.20556640625 19087.291015625 14821.9794921875
"307" 4312.92626953125 18792.171875 17261.39453125
"308" 7893.580078125 19857.099609375 16201
"309" 8198.267578125 20275.70703125 15934.9970703125
"310" 8947.9736328125 20748.80078125 15327.7578125
"311" 3654.8818359375 18778.49609375 12609.625
"312" 3888.45239257812 18272.248046875 14328.4716796875
"313" 4829.810546875 18146.94140625 16909.51953125
"314" 7577.02978515625 18875.19921875 16135.900390625
"315" 7889.5712890625 19464.78515625 15984.2294921875
"316" 8635.33984375 19897.24609375 15494.7041015625
"317" 9508.92578125 20050.822265625 15217.251953125
"318" 3961.0986328125 17824.93359375 12828.4912109375
"319" 4433.64013671875 17577.015625 15148.12890625
"320" 5680.7958984375 17706.31640625 16693.51953125
"321" 6807.26123046875 17997.4453125 16411.625
"322" 7609.681640625 18678.62890625 15829.7958984375
"323" 8341.41015625 19213.52734375 15507.7236328125
"324" 9394.9423828125 19383.525390625 15850.9169921875
"325" 4246.7236328125 17013.955078125 13022.00390625
"326" 4540.25 16890.072265625 14871.1962890625
"327" 6238.22998046875 17264.099609375 16518.900390625
"328" 6851.13916015625 17819.251953125 16026.3837890625
"329" 7819.048828125 18020.876953125 15495.63671875
"330" 8828.099609375 18586.728515625 15261.4912109375
"331" 4796.19189453125 15536.6123046875 13349.134765625
"332" 5788.4296875 15969.9189453125 15361.8671875
"333" 6594.1435546875 16157.576171875 16480.3984375
"334" 7604.5947265625 17137.78515625 15385.1142578125
"335" 8018.3232421875 17434.7578125 15391.6640625
"336" 9047.744140625 18067.796875 15243.15625
"337" 5250.76611328125 14403.048828125 13628.958984375
"338" 6206.0888671875 15018.8701171875 15192.7158203125
"339" 6827.05712890625 15266.6962890625 16253.65234375
"340" 7283.330078125 15938.900390625 16096.900390625
"341" 8071.349609375 16532.515625 15428.873046875
"342" 8845.708984375 17294.103515625 15206.427734375
"343" 5690.56591796875 13179.18359375 13296.537109375
"344" 6001.6015625 13645.703125 14976.087890625
"345" 6783.60009765625 14160.599609375 16401.900390625
"346" 7954.51611328125 14812.880859375 15197.80859375
"347" 7770.89404296875 15102.8662109375 14954.365234375
"348" 8972.2705078125 16188.654296875 15073.0986328125
"349" 6225.34033203125 11758.263671875 13416.0302734375
"350" 6567.91796875 12085.1884765625 14898.083984375
"351" 6755.47998046875 12773.099609375 16308.400390625
"352" 7356.455078125 12876.681640625 15773.5986328125
"353" 8202.830078125 13212.3291015625 14829.6787109375
"354" 8108.6083984375 13073.599609375 14512.1806640625
"355" 8269.4326171875 12934.779296875 14738.6552734375
"356" 6782.3017578125 10253.73828125 13116.478515625
"357" 7018.5615234375 10510.9189453125 14718.943359375
"358" 7265.6728515625 10812.3662109375 16510.078125
"359" 7702.619140625 10844.240234375 15873.333984375
"360" 8103.20556640625 10678.9931640625 14468.224609375
"361" 8718.6474609375 10503.998046875 14145.548828125
"362" 9209.162109375 10027.22265625 14173.8251953125
"363" 7591.7021484375 8241.9482421875 13631.5791015625
"364" 7662.95166015625 8676.626953125 15286.0595703125
"365" 7030.43603515625 9203.2861328125 16051.3876953125
"366" 8068.44287109375 9013.2373046875 15024.7939453125
"367" 8920.9248046875 8644.6357421875 14683.4794921875
"368" 9753.3232421875 7987.19580078125 14241.3203125
"369" 8211.0322265625 6921.7958984375 13533.8935546875
"370" 8415.5634765625 7090.99365234375 14920.49609375
"371" 7411.81591796875 7160.54736328125 15739.2861328125
"372" 9877.552734375 6892.4501953125 14972.51171875
"373" 10302.8828125 6580.84765625 14801.333984375
"374" 11358.8935546875 6144.8505859375 14944.0849609375
"375" 9145.3505859375 5444.85791015625 13696.0224609375
"376" 9294.486328125 5626.79541015625 15289.2109375
"377" 9943.5615234375 5609.1455078125 15492.95703125
"378" 10811 5710.02978515625 15463.7001953125
"379" 12012.150390625 5226.4951171875 15462.8466796875
"380" 13112.642578125 5031.71044921875 15804.94921875
"381" 10145.5830078125 3854.26025390625 13045.11328125
"382" 10640.4375 4228.57421875 14687.6318359375
"383" 10994.7060546875 4816.8623046875 16483.466796875
"384" 11985.55859375 4775.1904296875 16462.103515625
"385" 13247.1591796875 4947.5126953125 17237.03125
"386" 11040.5986328125 2986.2744140625 13487.7109375
"387" 11703.751953125 3674.84375 15079.8857421875
"388" 12777.392578125 4130.5859375 17307.16015625
"389" 12266.9990234375 2420.65234375 14163.8291015625
"390" 12773.43359375 3116.9951171875 16684.11328125
