"V1" "V2" "V3"
"1" 11.0292177200317 24.585657119751 50.8961944580078
"2" 11.0261 24.6067 48.143
"3" 10.9684 24.3154 45.4111
"4" 11.1439 23.9777 42.681
"5" 11.4677 23.8864 39.9531
"6" 11.8089 23.6194 37.2342
"7" 12.1311 23.2496 34.5242
"8" 12.5825 23.1336 31.8082
"9" 13.0372 22.8994 29.0994
"10" 13.4215 22.6813 26.3836
"11" 14.1642 22.4574 23.7401
"12" 15.1453 22.4544 21.1753
"13" 16.4692 22.3357 18.7808
"14" 18.2088 22.4767 16.6675
"15" 20.2885 22.476 14.8699
"16" 22.8632583618164 22.4474315643311 13.9459543228149
"17" 10.4462509155273 14.0472040176392 73.1294097900391
"18" 9.7889 15.7778 72.534
"19" 8.6846 16.8044 72.6874
"20" 7.1043 17.3981 73.5063
"21" 5.2869 17.8 73.3849
"22" 3.3735 17.6447 73.5006
"23" 1.7955 17.0423 74.1657
"24" 1.5483 15.9056 75.602
"25" 2.3988 14.9872 77.0902
"26" 4.0923 15.2156 77.8662
"27" 5.7609 14.8411 77.6305
"28" 7.2186 13.7702 76.9772
"29" 8.7775 12.9251 76.2209
"30" 10.0051 13.1339 74.7796
"31" 11.0292177200317 24.585657119751 50.8961944580078
"32" 19.7008495330811 26.551944732666 30.1972465515137
"33" 21.566535949707 35.936840057373 24.1605453491211
"34" 20.7486 36.4151 25.3133
"35" 19.7045 36.5832 26.3689
"36" 18.5267 36.5419 27.2909
"37" 17.2172 36.3029 27.9866
"38" 15.8207 35.781 28.1502
"39" 14.4227 35.2542 28.3048
"40" 13.3926 34.5414 27.5754
"41" 12.8182 33.7861 26.4432
"42" 12.6239 33.0239 25.1654
"43" 12.7136 32.4557 23.7879
"44" 13.0159 32.0057 22.3873
"45" 13.4666 31.8303 20.9915
"46" 14.0703 31.8576 19.6167
"47" 14.9038 31.8596 18.3782
"48" 15.991 32.0135 17.3638
"49" 17.2525 32.513 16.8075
"50" 18.4726 33.3348 17.0655
"51" 19.6678 33.9582 17.6448
"52" 20.6207 34.6382 18.5791
"53" 21.2357 35.1907 19.833
"54" 21.7023 35.6088 21.1777
"55" 21.6344 35.7728 22.6691
"56" 11.9925403594971 24.5249080657959 50.6347389221191
"57" 13.0693 25.0804 46.5045
"58" 13.6465 25.0671 42.2471
"59" 13.9982 25.1264 37.9561
"60" 14.7266 25.1549 33.7245
"61" 15.6782 24.7852 29.5461
"62" 16.6439 24.3381 25.3755
"63" 18.3975 23.8323 21.4859
"64" 20.1473 23.9614 17.5897
"65" 23.2541484832764 24.379768371582 14.7694940567017
"66" 11.9925403594971 24.5249080657959 50.6347389221191
"67" 23.9697856903076 32.4941101074219 13.5322914123535
"68" 23.2541484832764 24.379768371582 14.7694940567017
"69" 23.9697856903076 32.4941101074219 13.5322914123535
"70" 24.5074 34.511 17.679
"71" 25.1066 35.7397 22.1399
"72" 25.5966 36.6322 26.6967
"73" 26.2513 36.8806 31.2913
"74" 26.5171 36.5526 35.9332
"75" 26.9823 36.1993 40.5692
"76" 27.4 35.6235 45.1881
"77" 27.7261 35.6202 49.846
"78" 28.2261 35.8004 54.4858
"79" 28.3528 35.7582 59.1412
"80" 28.9102 35.8407 63.7797
"81" 29.345 35.8052 68.4291
"82" 29.7711 35.6655 73.0777
"83" 30.2095 35.5258 77.7284
"84" 30.8972 35.2734 82.342
"85" 31.4919 34.8859 86.9606
"86" 31.9426 34.3124 91.5729
"87" 32.3171157836914 33.6894912719727 96.188346862793
"88" 29.8290557861328 7.3376054763794 98.4864807128906
"89" 32.3171157836914 33.6894912719727 96.188346862793
"90" 22.8632583618164 22.4474315643311 13.9459543228149
"91" 41.957576751709 22.18408203125 47.997745513916
"92" 41.3135 22.1808 44.858
"93" 40.6394 21.9358 41.7303
"94" 39.8053 21.7333 38.6405
"95" 38.9028 21.6684 35.5582
"96" 37.7296 21.4918 32.5736
"97" 36.6651 21.4532 29.5483
"98" 35.5155 21.3249 26.5608
"99" 34.2651 21.2001 23.6109
"100" 32.8665 21.1887 20.7269
"101" 30.9557 21.3668 18.1572
"102" 28.6711 21.7694 15.9514
"103" 26.0274 22.3219 14.3503
"104" 22.8632583618164 22.4474315643311 13.9459543228149
"105" 41.957576751709 22.18408203125 47.997745513916
"106" 30.45458984375 26.2270889282227 29.6416721343994
"107" 28.4043025970459 35.680103302002 23.2149772644043
"108" 29.3829 36.0771 24.3562
"109" 30.6844 36.0666 25.229
"110" 32.0671 35.8179 25.9202
"111" 33.496 35.4223 26.4182
"112" 34.8388 34.7019 26.4954
"113" 36.0622 33.7819 26.1438
"114" 36.9374 32.9024 25.3965
"115" 36.992 31.9715 24.1676
"116" 36.7799 31.2524 22.7942
"117" 36.267 30.7325 21.4116
"118" 35.6212 30.3123 20.0429
"119" 34.881 30.1268 18.6819
"120" 33.9185 30.3769 17.4733
"121" 32.7815 30.7985 16.482
"122" 31.5085 31.2974 15.7872
"123" 30.2779 32.203 15.8105
"124" 29.1864 33.1183 16.4457
"125" 28.3745 33.9257 17.4505
"126" 27.9127 34.6162 18.775
"127" 27.6223 35.1014 20.2282
"128" 28.0133 35.3907 21.7216
"129" 41.3982429504395 22.1082572937012 48.0853271484375
"130" 39.7047 22.9542 44.1774
"131" 38.1724 23.1586 40.1292
"132" 36.784 23.253 36.0161
"133" 35.256 23.3891 31.9515
"134" 33.5502 23.4207 27.9589
"135" 31.6385 23.3484 24.0685
"136" 29.1567 23.1978 20.5185
"137" 26.817 23.5918 16.9202
"138" 23.2541484832764 24.379768371582 14.7694940567017
"139" 41.3982429504395 22.1082572937012 48.0853271484375
"140" 8.98852825164795 14.1165895462036 72.0878601074219
"141" 10.5127000808716 14.4384002685547 73.9331970214844
"142" 10.3799514770508 14.1862993240356 74.2997131347656
"143" 9.58486652374268 13.8927154541016 75.8162231445312
"144" 7.74256992340088 13.4203996658325 76.6757965087891
"145" 8.45057106018066 14.6197671890259 72.3714752197266
"146" 8.21329116821289 14.4194965362549 72.5830535888672
"147" 7.65030097961426 13.9481639862061 73.219612121582
"148" 7.15294742584229 13.6074800491333 73.9172592163086
"149" 6.45194673538208 13.4063940048218 74.9760971069336
"150" 8.01360034942627 15.1381998062134 72.6466979980469
"151" 7.59079313278198 15.1464176177979 73.0763397216797
"152" 7.09820556640625 14.4077119827271 73.663948059082
"153" 6.44885921478271 14.0363454818726 74.6810836791992
"154" 5.86138296127319 13.8925876617432 75.8745498657227
"155" 7.6391224861145 15.2073888778687 72.9365921020508
"156" 7.15853023529053 15.2427997589111 73.4628982543945
"157" 6.57384872436523 14.9293537139893 74.1725540161133
"158" 6.08847951889038 14.3707094192505 75.1163101196289
"159" 6.21428108215332 15.1077489852905 76.6925354003906
"160" 7.44393014907837 16.6961002349854 73.7182998657227
"161" 6.18726491928101 15.2170381546021 73.8353958129883
"162" 5.81582498550415 14.9402828216553 74.616943359375
"163" 5.47475671768188 14.6717576980591 75.5136642456055
"164" 5.49641513824463 15.2207279205322 76.8741455078125
"165" 6.67824792861938 16.8893795013428 74.1757278442383
"166" 5.72615575790405 15.0786724090576 74.3021011352539
"167" 5.3668737411499 14.9068059921265 74.9615020751953
"168" 5.00582408905029 14.6977033615112 75.8278045654297
"169" 4.77805948257446 14.4274473190308 76.7684783935547
"170" 5.18806982040405 17.0352001190186 73.9729995727539
"171" 5.04397201538086 16.524341583252 75.1679534912109
"172" 4.68394708633423 16.0180892944336 75.9856109619141
"173" 4.58999729156494 14.3710765838623 76.6479797363281
"174" 4.84881019592285 17.0741996765137 73.8401031494141
"175" 4.4840202331543 16.5548000335693 74.7863998413086
"176" 4.22577333450317 16.2217998504639 75.1776962280273
"177" 3.75468993186951 15.3587999343872 76.2913970947266
"178" 4.33160018920898 17.3036994934082 73.591796875
"179" 3.71659326553345 16.7574787139893 74.8157577514648
"180" 3.42587733268738 15.7903900146484 75.563362121582
"181" 3.28105998039246 15.451000213623 76.463996887207
"182" 2.98795008659363 16.8125 74.0919036865234
"183" 2.67371320724487 16.5114593505859 74.3854827880859
"184" 2.88787961006165 15.8601903915405 75.2820358276367
"185" 3.04263997077942 15.5755996704102 76.186897277832
"186" 2.44545292854309 16.5488834381104 74.5608596801758
"187" 2.23026990890503 15.9130001068115 75.2435989379883
"188" 2.10086059570312 15.5382051467896 76.0384063720703
"189" 10.9541130065918 27.6871719360352 46.1985931396484
"190" 10.8578815460205 29.1386890411377 42.961051940918
"191" 10.7960243225098 30.3237838745117 39.4280242919922
"192" 11.0128736495972 29.5223541259766 41.00341796875
"193" 11.3526077270508 27.941577911377 43.3970680236816
"194" 11.1882514953613 27.2672023773193 45.8628578186035
"195" 11.2666301727295 26.2033863067627 47.8171768188477
"196" 10.9667749404907 26.2347965240479 42.7372207641602
"197" 11.4510746002197 27.4415531158447 39.5000648498535
"198" 11.3126420974731 30.3218517303467 36.4897308349609
"199" 11.5960874557495 28.213191986084 39.3183250427246
"200" 11.9160947799683 27.1408653259277 41.7849617004395
"201" 11.640097618103 26.057466506958 43.4433746337891
"202" 11.2591867446899 26.0924949645996 38.488941192627
"203" 11.610818862915 27.0070724487305 36.6638221740723
"204" 11.9628601074219 29.5475006103516 33.2792549133301
"205" 11.9400291442871 28.3441619873047 35.6331405639648
"206" 12.3867216110229 27.1504554748535 38.5676956176758
"207" 12.1058025360107 26.2194881439209 40.3013114929199
"208" 11.7400016784668 26.0858383178711 41.4692726135254
"209" 11.6379871368408 25.9442272186279 34.6047401428223
"210" 12.1237993240356 27.9965476989746 32.5523147583008
"211" 12.2615127563477 29.064603805542 30.6447601318359
"212" 13.1075305938721 27.9000473022461 33.3772277832031
"213" 12.23996925354 26.8883762359619 36.3877983093262
"214" 12.1207141876221 26.1097965240479 38.6569862365723
"215" 11.887113571167 25.6748218536377 31.8821029663086
"216" 12.3700180053711 26.814359664917 29.8057498931885
"217" 12.5731992721558 28.6738224029541 28.0037536621094
"218" 12.4447364807129 28.3371868133545 29.4583339691162
"219" 13.0873947143555 27.0637187957764 33.0007820129395
"220" 12.6869945526123 26.0453548431396 35.4526329040527
"221" 14.2823877334595 25.862340927124 37.2317428588867
"222" 12.1804456710815 25.3501071929932 29.1348342895508
"223" 12.5925397872925 26.197732925415 27.6222400665283
"224" 13.1593255996704 28.0144100189209 25.3442077636719
"225" 12.9525098800659 28.9495506286621 25.9040489196777
"226" 13.3947086334229 27.3651542663574 29.0771083831787
"227" 13.291971206665 25.8560485839844 31.8542633056641
"228" 12.9804458618164 26.07834815979 34.4128799438477
"229" 12.756196975708 25.3646869659424 25.9374961853027
"230" 13.4826917648315 26.3823795318604 23.948709487915
"231" 14.0311794281006 28.7202682495117 21.6497325897217
"232" 14.8522872924805 27.9150943756104 24.3896408081055
"233" 14.1844425201416 27.1216793060303 27.6404285430908
"234" 13.8721857070923 25.8932914733887 30.2796840667725
"235" 13.5593376159668 26.0753612518311 32.2389068603516
"236" 13.4307823181152 25.0036334991455 23.2407245635986
"237" 14.3286104202271 26.2946872711182 21.450044631958
"238" 14.5293798446655 29.1668891906738 20.0779914855957
"239" 15.2194204330444 27.8926372528076 22.9334659576416
"240" 14.3480377197266 26.5158882141113 26.751277923584
"241" 15.3194332122803 26.1395645141602 29.7982769012451
"242" 14.0449018478394 24.6479263305664 21.441915512085
"243" 14.7660598754883 25.8510913848877 20.1792087554932
"244" 15.3008365631104 28.7611293792725 18.9140453338623
"245" 16.3047523498535 27.5340785980225 20.8057346343994
"246" 15.5308017730713 26.6225299835205 23.202091217041
"247" 15.9800491333008 25.7652854919434 25.8394794464111
"248" 17.1376686096191 26.3506278991699 29.0948429107666
"249" 15.0268783569336 24.7479553222656 19.2643489837646
"250" 15.9044857025146 26.28196144104 18.0513439178467
"251" 16.3221969604492 28.9367771148682 17.3189010620117
"252" 16.5120525360107 27.2634124755859 20.1407642364502
"253" 16.1029415130615 25.6508464813232 22.0347652435303
"254" 17.1217288970947 25.1248912811279 24.4490604400635
"255" 17.2258682250977 25.5968551635742 26.6439189910889
"256" 16.1336784362793 24.5630741119385 17.6613025665283
"257" 16.8758544921875 25.7158489227295 16.6066036224365
"258" 16.7576236724854 28.7245464324951 16.7735424041748
"259" 17.4787101745605 26.7395057678223 18.3421421051025
"260" 16.9262161254883 25.4386863708496 19.7651710510254
"261" 17.5653915405273 24.9818649291992 21.8015651702881
"262" 18.5380668640137 25.4871730804443 23.1119709014893
"263" 16.9137001037598 24.4304008483887 16.8409004211426
"264" 17.7756881713867 26.9497699737549 15.5025939941406
"265" 18.7262363433838 27.2024478912354 16.6449775695801
"266" 18.013355255127 25.9916191101074 16.945671081543
"267" 18.049861907959 24.8347225189209 18.0366897583008
"268" 18.5811309814453 24.7973880767822 18.9794960021973
"269" 18.1760177612305 24.851318359375 15.0193214416504
"270" 18.5081405639648 26.4128379821777 14.6309909820557
"271" 19.2039833068848 27.1102428436279 15.4718036651611
"272" 19.2332515716553 26.6729679107666 15.7041654586792
"273" 19.2278747558594 25.4272079467773 15.783917427063
"274" 19.0928382873535 24.737964630127 15.8758583068848
"275" 19.0980052947998 24.9658603668213 14.0829820632935
"276" 19.6154880523682 28.140495300293 13.9956836700439
"277" 19.8912258148193 26.5975532531738 14.500506401062
"278" 20.2479991912842 25.1662139892578 14.5010318756104
"279" 20.7326469421387 24.6115875244141 14.2466506958008
"280" 19.8038005828857 24.4433002471924 13.8290996551514
"281" 20.1720428466797 26.1770820617676 14.4964303970337
"282" 20.3235855102539 25.8267192840576 14.9096164703369
"283" 21.219181060791 25.6829242706299 14.9962043762207
"284" 22.0308017730713 25.567325592041 13.9591646194458
"285" 20.6769409179688 24.0516052246094 13.7746143341064
"286" 20.6567344665527 25.9066257476807 12.9289474487305
"287" 22.9726009368896 25.9092998504639 13.8509998321533
"288" 22.8453006744385 25.9195003509521 14.3678998947144
"289" 21.3357315063477 24.4738578796387 13.6949405670166
"290" 20.6444206237793 26.3246994018555 12.9043607711792
"291" 20.1682071685791 27.7195472717285 13.1197690963745
"292" 23.4724998474121 26.1809997558594 12.5223999023438
"293" 22.0157680511475 24.8929615020752 13.6663045883179
"294" 22.9397659301758 25.8527088165283 14.044659614563
"295" 22.1094951629639 26.2770023345947 12.5540447235107
"296" 23.4724998474121 26.1809997558594 12.5223999023438
"297" 22.6906661987305 25.454740524292 13.5419692993164
"298" 22.2763633728027 26.2596282958984 12.5124826431274
"299" 41.4558525085449 24.4756031036377 43.5452613830566
"300" 41.0428009033203 26.9813003540039 40.7279014587402
"301" 41.0642852783203 28.1751708984375 38.6200485229492
"302" 40.8462066650391 26.8644618988037 40.4406242370605
"303" 40.8713989257812 25.2345943450928 42.1129951477051
"304" 41.8658981323242 24.0056457519531 44.9817276000977
"305" 41.1822624206543 24.1353435516357 41.8522834777832
"306" 39.9397163391113 25.335786819458 37.8993492126465
"307" 39.4974746704102 27.913595199585 35.5018119812012
"308" 39.963695526123 25.250337600708 37.9167137145996
"309" 39.8636131286621 24.8470554351807 40.1418685913086
"310" 40.8172492980957 23.6201782226562 41.6246147155762
"311" 40.1789894104004 24.0577220916748 38.3162956237793
"312" 39.3595771789551 25.0152187347412 35.3296890258789
"313" 38.2347221374512 26.5718746185303 31.5518436431885
"314" 38.9742164611816 25.4062728881836 34.3507537841797
"315" 39.5231132507324 25.1989612579346 36.3145027160645
"316" 39.5843887329102 23.8330669403076 38.0330657958984
"317" 39.7910957336426 23.7778778076172 38.5663299560547
"318" 39.2316055297852 24.0184726715088 34.7107582092285
"319" 38.0297012329102 26.431941986084 30.4936027526855
"320" 37.5066452026367 27.1359901428223 28.2261905670166
"321" 37.7845993041992 26.4074993133545 29.4316997528076
"322" 37.8982086181641 25.4396343231201 32.8943977355957
"323" 38.5462036132812 24.569450378418 34.5519714355469
"324" 37.7442054748535 24.4328918457031 34.9793281555176
"325" 38.2728385925293 23.9468994140625 31.6161346435547
"326" 37.3184127807617 25.0324039459229 28.6006450653076
"327" 36.5074005126953 27.1341609954834 24.9065456390381
"328" 37.0937004089355 26.454984664917 27.2609615325928
"329" 37.6111221313477 24.9509963989258 29.571605682373
"330" 37.339225769043 23.9875679016113 31.6235599517822
"331" 36.7714004516602 23.6967620849609 26.8044204711914
"332" 35.9442863464355 24.8061447143555 24.4306106567383
"333" 35.5586929321289 27.3253688812256 22.3646697998047
"334" 36.5035438537598 25.4305610656738 26.365062713623
"335" 36.2035903930664 24.9484748840332 27.8972415924072
"336" 36.3854370117188 24.0870151519775 29.8214340209961
"337" 35.5699119567871 23.9645233154297 23.6184215545654
"338" 34.954345703125 26.344747543335 21.6277408599854
"339" 34.7645835876465 27.1210517883301 20.6439685821533
"340" 34.8071365356445 26.0077476501465 23.3214225769043
"341" 36.200252532959 24.7798519134521 25.2856845855713
"342" 35.8074226379395 23.886531829834 27.5755290985107
"343" 34.6493644714355 23.5438117980957 21.6153774261475
"344" 33.8362998962402 25.3125991821289 20.0877990722656
"345" 33.7047653198242 27.6117839813232 18.5455169677734
"346" 34.640079498291 25.5839519500732 21.65749168396
"347" 34.8993873596191 24.3026943206787 23.7870979309082
"348" 34.2177810668945 24.4232788085938 26.0763359069824
"349" 33.4174995422363 23.8402996063232 19.3043994903564
"350" 32.6421852111816 25.9787540435791 18.0050964355469
"351" 32.5131950378418 27.9950885772705 16.8866539001465
"352" 32.4394569396973 26.2434005737305 18.8362331390381
"353" 33.1003913879395 25.3216533660889 20.4408016204834
"354" 33.5593185424805 24.1981620788574 21.4048290252686
"355" 32.483341217041 24.3759593963623 22.891471862793
"356" 32.1774215698242 23.5642337799072 17.630464553833
"357" 31.3973350524902 25.3676300048828 16.6233310699463
"358" 31.1954803466797 28.2512531280518 15.5056486129761
"359" 30.9108982086182 26.7531242370605 16.7791233062744
"360" 31.6745204925537 24.9469928741455 18.1832904815674
"361" 31.0327816009521 24.6560859680176 19.2905902862549
"362" 30.3182506561279 24.1030502319336 19.7876148223877
"363" 30.1077060699463 23.9493026733398 15.4281339645386
"364" 29.6001129150391 26.1700077056885 14.7181777954102
"365" 29.2274684906006 27.4295463562012 14.1744108200073
"366" 29.5358219146729 26.5747203826904 15.8467359542847
"367" 29.8008613586426 25.1934661865234 16.3613624572754
"368" 29.1557922363281 24.1162757873535 16.958984375
"369" 28.9620990753174 24.0592002868652 14.5018997192383
"370" 28.5517978668213 25.3982830047607 14.0192079544067
"371" 28.9839172363281 27.9839611053467 13.7410478591919
"372" 28.0459995269775 25.7749004364014 15.0773000717163
"373" 27.9951324462891 24.8101348876953 14.4527950286865
"374" 27.0018978118896 24.0241088867188 14.4076728820801
"375" 27.4057140350342 24.4290962219238 13.3663196563721
"376" 27.3195781707764 25.8794250488281 13.0799837112427
"377" 27.2491130828857 26.3106575012207 14.1260919570923
"378" 26.7846622467041 25.604154586792 13.3871469497681
"379" 25.6841888427734 25.6822032928467 13.8977680206299
"380" 24.7420024871826 25.676872253418 14.0314235687256
"381" 26.3148574829102 24.0646915435791 13.2056503295898
"382" 26.2512035369873 25.398775100708 13.8959054946899
"383" 25.6228809356689 25.6121578216553 14.2863740921021
"384" 23.9816417694092 26.1825733184814 12.4647054672241
"385" 23.5641479492188 25.8438777923584 14.1616802215576
"386" 25.1411418914795 24.2904720306396 13.6151933670044
"387" 25.0163078308105 25.5193424224854 14.1858835220337
"388" 26.4102115631104 27.2366542816162 12.4590711593628
"389" 24.1705722808838 25.0949153900146 13.8488864898682
"390" 24.7199077606201 26.2049694061279 12.275598526001
