"V1" "V2" "V3"
"1" 39.7798614501953 19.916446685791 48.1242904663086
"2" 39.4059 19.2713 46.7234
"3" 38.6629 17.9712 45.9846
"4" 37.8908 16.6075 45.3955
"5" 37.1363 15.1553 45.1279
"6" 36.3392 13.7041 44.8786
"7" 35.4313 12.3005 44.7966
"8" 34.4837 10.9421 44.9833
"9" 33.3928 9.6833 45.0165
"10" 32.3614 8.3968 45.2573
"11" 31.1894 7.2243 45.1785
"12" 30.0561 5.9946 45.2862
"13" 28.7076 5.0045 45.226
"14" 27.3841 4.1286 45.5812
"15" 26.1332 3.5955 46.489
"16" 24.7187423706055 3.2596287727356 47.3135948181152
"17" 35.4799766540527 35.4534378051758 42.9487457275391
"18" 36.4802 35.2153 43.3056
"19" 37.3241 35.7548 43.5869
"20" 38.3629 35.6597 43.215
"21" 39.354 35.6664 42.7389
"22" 40.2581 35.725 42.1055
"23" 40.6326 36.3277 41.4125
"24" 40.0344 37.0698 41.1456
"25" 39.0747 37.4341 41.2623
"26" 38.0499 37.4688 41.6586
"27" 37.0605 37.6971 41.9153
"28" 36.0323 37.6824 41.6182
"29" 35.2115 37.0645 41.6764
"30" 35.0013 36.1477 42.232
"31" 39.7798614501953 19.916446685791 48.1242904663086
"32" 28.7933502197266 14.0043163299561 47.7082901000977
"33" 29.2614898681641 6.29868745803833 57.289234161377
"34" 29.4474 7.7367 58.5029
"35" 29.8126 9.2753 59.5366
"36" 30.3302 10.9069 60.3302
"37" 31.1567 12.5488 60.7357
"38" 32.2819 14.0611 60.8981
"39" 33.6511 15.3213 60.7201
"40" 34.9595 16.5339 60.0839
"41" 36.2809 17.5232 59.1767
"42" 37.538 17.5903 57.7801
"43" 38.3291 17.6458 56.0752
"44" 38.7306 17.6243 54.2326
"45" 38.879 17.1711 52.41
"46" 38.3219 15.9868 51.1067
"47" 37.4475 14.6096 50.1484
"48" 36.599 13.103 49.4307
"49" 35.616 11.5006 49.2519
"50" 34.5174 9.9802 49.4737
"51" 33.3073 8.6208 49.9994
"52" 32.1043 7.4386 50.831
"53" 31.0299 6.5966 52.1373
"54" 30.2578 5.9488 53.7371
"55" 29.6235 5.8117 55.4934
"56" 33.8172607421875 22.4952392578125 48.1341552734375
"57" 32.7514 20.9473 47.743
"58" 31.8988 19.1755 47.7389
"59" 30.7921 17.5867 47.9217
"60" 29.8676 15.8599 48.0632
"61" 28.9201 14.1921 47.7357
"62" 28.0801 12.4553 47.382
"63" 26.9612 10.8502 47.3904
"64" 26.204 9.2311 47.422
"65" 24.7182769775391 8.43697166442871 48.3737411499023
"66" 33.8172607421875 22.4952392578125 48.1341552734375
"67" 25.6011943817139 3.16945457458496 57.6696662902832
"68" 24.7182769775391 8.43697166442871 48.3737411499023
"69" 25.6011943817139 3.16945457458496 57.6696662902832
"70" 25.4692 5.3276 59.2836
"71" 25.2636 7.847 60.4196
"72" 25.1141 10.3885 61.529
"73" 25.228 13.0003 62.4702
"74" 25.2097 15.6266 63.3731
"75" 25.2324 18.2903 64.155
"76" 24.9626 20.9828 64.7292
"77" 25.0701 23.7325 65.0064
"78" 24.8809 26.4998 65.1591
"79" 24.7066 29.2633 65.3696
"80" 24.2623 31.9939 65.2798
"81" 24.0063 34.7391 65.2362
"82" 23.6317 37.4598 65.435
"83" 23.5152 40.2148 65.7579
"84" 23.2659 42.9613 65.5405
"85" 23.0152 45.7054 65.4667
"86" 22.6456 48.4061 64.9575
"87" 22.2722702026367 51.1233139038086 64.550537109375
"88" 21.8600482940674 49.4272384643555 47.3551788330078
"89" 22.2722702026367 51.1233139038086 64.550537109375
"90" 24.7187423706055 3.2596287727356 47.3135948181152
"91" 8.91141891479492 17.924596786499 49.7260208129883
"92" 9.2709 17.1619 48.29
"93" 10.1596 15.7387 47.5148
"94" 11.0918 14.2553 46.9332
"95" 12.1523 12.8068 46.5023
"96" 13.2768 11.3848 46.1461
"97" 14.5536 10.057 46.0123
"98" 15.8994 8.7901 45.9405
"99" 17.2817 7.5617 45.8913
"100" 18.6371 6.3126 45.9583
"101" 20.1218 5.2423 45.7174
"102" 21.695 4.2904 45.6186
"103" 23.1861 3.6137 46.3511
"104" 24.7187423706055 3.2596287727356 47.3135948181152
"105" 8.91141891479492 17.924596786499 49.7260208129883
"106" 20.0356693267822 14.1517181396484 48.4336433410645
"107" 21.1725463867188 5.73219299316406 57.4283866882324
"108" 20.8492 7.0397 58.8562
"109" 20.3763 8.6314 59.9042
"110" 19.8313 10.3276 60.7389
"111" 18.9162 11.9484 61.3298
"112" 17.7917 13.5374 61.4954
"113" 16.2724 14.7838 61.4137
"114" 14.8669 16.0553 60.9614
"115" 13.4297 16.8733 59.9922
"116" 11.9644 16.982 58.6992
"117" 10.8789 16.8192 57.1043
"118" 10.3282 16.4567 55.2692
"119" 10.4216 15.5524 53.612
"120" 11.3518 14.1656 52.57
"121" 12.2641 12.7543 51.5647
"122" 13.2814 11.2196 50.8699
"123" 14.517 9.7459 50.4982
"124" 15.9589 8.4545 50.7892
"125" 17.4826 7.3845 51.4156
"126" 18.8535 6.4008 52.4073
"127" 20.0272 5.6824 53.7464
"128" 20.8 5.3915 55.5257
"129" 14.5156307220459 20.884464263916 49.1186065673828
"130" 15.5763 19.3938 48.8094
"131" 16.581 17.8284 48.6391
"132" 17.6677 16.3265 48.3502
"133" 18.6578 14.7712 48.4698
"134" 19.8988 13.4249 48.1336
"135" 21.1258 12.0575 47.7712
"136" 22.3054 10.6298 47.6392
"137" 23.2427 9.0075 47.7348
"138" 24.7182769775391 8.43697166442871 48.3737411499023
"139" 14.5156307220459 20.884464263916 49.1186065673828
"140" 35.5835342407227 35.5680160522461 42.524040222168
"141" 35.5711898803711 35.9267654418945 42.2738380432129
"142" 35.5102043151855 36.1211242675781 42.1466369628906
"143" 35.4140014648438 36.3239593505859 42.0539398193359
"144" 35.4729614257812 37.4486274719238 41.4999847412109
"145" 36.0196647644043 35.556339263916 42.667667388916
"146" 35.9795341491699 35.9740905761719 42.4504280090332
"147" 35.8450813293457 36.0685920715332 42.3390731811523
"148" 35.7591972351074 36.2087516784668 42.2288436889648
"149" 36.5203628540039 37.5573463439941 41.5435523986816
"150" 36.407958984375 35.7209968566895 42.8353462219238
"151" 36.4210891723633 36.1308670043945 42.5955810546875
"152" 36.2467002868652 36.0903396606445 42.5232048034668
"153" 36.8261985778809 37.0092010498047 42.1330986022949
"154" 36.6861991882324 37.5320014953613 41.5903015136719
"155" 36.7853851318359 35.8185424804688 42.9416313171387
"156" 36.8008995056152 36.2189865112305 42.6939964294434
"157" 37.2112007141113 36.3900985717773 42.5531997680664
"158" 37.2841110229492 36.9904708862305 42.1390037536621
"159" 37.0605621337891 37.2070693969727 41.9764556884766
"160" 37.211498260498 35.9281806945801 43.0010871887207
"161" 37.2754440307617 36.2367324829102 42.7076568603516
"162" 37.3061943054199 36.577709197998 42.459400177002
"163" 37.3478469848633 36.9295539855957 42.1892013549805
"164" 36.9681015014648 37.4225997924805 41.7453002929688
"165" 37.5860595703125 36.0647583007812 42.9963531494141
"166" 37.7254295349121 36.3688011169434 42.6580963134766
"167" 37.7701034545898 36.6487121582031 42.4069709777832
"168" 38.1005020141602 36.8823280334473 41.9338874816895
"169" 37.9180374145508 37.1981010437012 41.891056060791
"170" 38.1509704589844 35.9208374023438 42.7692375183105
"171" 38.1903266906738 36.2824478149414 42.3741569519043
"172" 38.2131423950195 36.7008171081543 42.0007400512695
"173" 38.312198638916 37.3129005432129 41.5200996398926
"174" 38.5971183776855 35.8141937255859 42.4481620788574
"175" 38.5752792358398 36.1158180236816 42.2264099121094
"176" 38.6371307373047 36.4131851196289 41.950382232666
"177" 38.5772590637207 36.9347496032715 41.6063957214355
"178" 39.1504402160645 35.7677917480469 42.3614387512207
"179" 39.1055793762207 36.1282653808594 42.0293655395508
"180" 39.0800399780273 36.4854888916016 41.7038192749023
"181" 39.0526657104492 36.9266014099121 41.4052886962891
"182" 39.5959396362305 35.912467956543 42.1206283569336
"183" 39.5190467834473 36.1907997131348 41.8188743591309
"184" 39.5420455932617 36.4750900268555 41.5671539306641
"185" 39.2342948913574 36.7975883483887 41.4281044006348
"186" 40.2040939331055 35.9598693847656 41.8993034362793
"187" 40.4123039245605 36.4718170166016 41.1979789733887
"188" 40.2647018432617 36.7449989318848 41.0601005554199
"189" 38.6824951171875 19.2394981384277 48.4995040893555
"190" 38.0694274902344 19.1620407104492 49.1418609619141
"191" 37.2519569396973 18.5632667541504 49.4656448364258
"192" 36.3393974304199 18.9454574584961 49.6117401123047
"193" 35.8806114196777 19.8012638092041 48.8914375305176
"194" 34.987476348877 20.5428276062012 48.4945220947266
"195" 34.3670234680176 21.3360385894775 48.0859336853027
"196" 38.2976188659668 18.2759304046631 47.2349166870117
"197" 37.4294929504395 18.3422317504883 48.560359954834
"198" 36.9752388000488 17.7310161590576 49.0414237976074
"199" 36.1787528991699 18.3674640655518 48.4493293762207
"200" 35.1399612426758 19.187068939209 47.8880920410156
"201" 34.1400032043457 19.7447109222412 47.6855964660645
"202" 37.7119903564453 17.3269138336182 47.009204864502
"203" 37.1563415527344 17.0706520080566 47.7593727111816
"204" 36.24169921875 16.9427661895752 48.7090148925781
"205" 35.8671989440918 17.1059684753418 48.504467010498
"206" 34.904052734375 18.0311679840088 47.4365158081055
"207" 33.9049263000488 18.6234931945801 47.4624557495117
"208" 33.6000366210938 18.7420978546143 47.4574356079102
"209" 37.1229782104492 16.171142578125 46.7078895568848
"210" 36.5000648498535 15.9781179428101 47.6208534240723
"211" 35.7375221252441 15.8540096282959 48.6198921203613
"212" 35.0927925109863 16.3247184753418 47.9179840087891
"213" 34.2023429870605 17.3249683380127 47.0457572937012
"214" 33.3942756652832 17.7790641784668 47.3124732971191
"215" 36.8058052062988 15.2270402908325 46.1429824829102
"216" 36.1734161376953 14.9989309310913 47.214672088623
"217" 35.5112152099609 14.8658351898193 48.369815826416
"218" 35.0056343078613 15.0260820388794 47.7096710205078
"219" 34.0362777709961 16.0800285339355 46.9997634887695
"220" 32.889030456543 16.9136581420898 47.4692993164062
"221" 31.7940998077393 18.0599994659424 47.2765998840332
"222" 36.2177200317383 14.0836706161499 45.8466377258301
"223" 34.3546752929688 14.97008228302 47.4312477111816
"224" 34.6947708129883 14.0046844482422 47.7922477722168
"225" 34.1119689941406 13.8423376083374 47.7430725097656
"226" 33.7921714782715 14.5828876495361 47.2184715270996
"227" 32.4352722167969 15.6047563552856 47.3067512512207
"228" 31.4863719940186 16.8270530700684 47.5045585632324
"229" 35.3342056274414 12.7270812988281 45.9430847167969
"230" 33.4727745056152 13.6634750366211 47.4298706054688
"231" 33.8927383422852 12.665976524353 47.975399017334
"232" 33.5230102539062 12.9027223587036 47.8537139892578
"233" 32.8026580810547 13.8971815109253 47.0060081481934
"234" 32.2789001464844 14.8386001586914 46.9654006958008
"235" 30.6229000091553 16.17799949646 47.4336013793945
"236" 34.6705322265625 11.8041563034058 45.9122619628906
"237" 32.7551574707031 12.6286239624023 47.5426063537598
"238" 33.3758888244629 11.5371036529541 48.1993370056152
"239" 32.7250633239746 12.1212978363037 47.881534576416
"240" 31.6969146728516 13.494517326355 47.250659942627
"241" 31.8773822784424 14.2929573059082 47.2970428466797
"242" 33.8880920410156 10.6058387756348 45.6799736022949
"243" 31.9873237609863 11.754677772522 47.6060562133789
"244" 32.9351959228516 10.5237216949463 48.066951751709
"245" 32.1371192932129 11.0551071166992 48.0944366455078
"246" 31.528205871582 11.9576826095581 47.3275108337402
"247" 31.5529613494873 13.085000038147 47.2256240844727
"248" 29.4995002746582 14.4837999343872 47.6873016357422
"249" 32.9765090942383 9.50717926025391 45.8947372436523
"250" 31.2852191925049 10.5437564849854 47.920295715332
"251" 31.7086944580078 9.55001544952393 48.4328308105469
"252" 31.164192199707 10.7357549667358 47.7810668945312
"253" 30.7430438995361 11.5897789001465 47.4531021118164
"254" 28.9153003692627 12.4404001235962 47.5787010192871
"255" 28.6074123382568 13.0431461334229 47.4686698913574
"256" 31.7433204650879 8.11968612670898 46.1068687438965
"257" 30.2400779724121 9.55663013458252 47.8674240112305
"258" 30.9147624969482 8.7057056427002 48.2916221618652
"259" 30.0909595489502 9.54895782470703 47.7810668945312
"260" 29.5058994293213 10.0735998153687 47.2375984191895
"261" 29.342212677002 10.3552598953247 47.2104225158691
"262" 27.9439487457275 11.6919965744019 47.3555641174316
"263" 31.2777900695801 7.54970169067383 45.6927032470703
"264" 30.8190994262695 7.73341512680054 47.8810653686523
"265" 30.5818710327148 7.26334095001221 47.5993232727051
"266" 28.9060935974121 8.65771293640137 47.613410949707
"267" 28.0529003143311 8.95098972320557 47.1996994018555
"268" 26.521900177002 9.78176021575928 47.1119003295898
"269" 30.1930503845215 6.4168176651001 45.8498229980469
"270" 29.07200050354 7.59820985794067 48.2190017700195
"271" 29.1618614196777 7.18946838378906 48.2968063354492
"272" 28.4973239898682 7.62405300140381 48.0025482177734
"273" 27.7372264862061 8.02989864349365 47.457103729248
"274" 27.4034519195557 8.55427265167236 47.3108787536621
"275" 29.2411003112793 5.88007020950317 47.1164016723633
"276" 28.6583442687988 6.32939052581787 48.2349815368652
"277" 27.8531627655029 6.90060377120972 48.287914276123
"278" 27.2458000183105 7.501540184021 47.5532989501953
"279" 25.745002746582 7.86144018173218 47.8411445617676
"280" 28.5171375274658 5.11896514892578 46.0952758789062
"281" 28.1979999542236 5.42128562927246 47.8530616760254
"282" 27.9057636260986 5.22630834579468 47.9009437561035
"283" 26.358699798584 6.61687994003296 48.2363014221191
"284" 25.7089099884033 7.28899908065796 48.0453186035156
"285" 27.5697002410889 4.50607013702393 45.4785995483398
"286" 26.9026927947998 6.66055059432983 48.4126091003418
"287" 26.7007694244385 5.61393976211548 48.9770927429199
"288" 25.8113327026367 6.31948328018188 48.9402542114258
"289" 26.8634185791016 4.2152624130249 46.5300140380859
"290" 26.0128002166748 6.31408977508545 48.7976989746094
"291" 25.8299236297607 5.10356092453003 49.4697494506836
"292" 25.2681293487549 5.51972484588623 50.1188125610352
"293" 25.9779109954834 3.95172476768494 47.6040496826172
"294" 25.8226375579834 4.20037746429443 48.6247329711914
"295" 25.608039855957 4.4028263092041 49.9161987304688
"296" 25.0562038421631 4.89737033843994 49.9857864379883
"297" 25.3752994537354 3.77987146377563 48.0955200195312
"298" 25.0969371795654 4.32433366775513 49.5007095336914
"299" 10.0158729553223 17.4920482635498 50.081974029541
"300" 10.7146892547607 17.4540786743164 50.6115798950195
"301" 11.2360534667969 17.5487365722656 50.6652946472168
"302" 12.0172367095947 18.0127468109131 50.6875762939453
"303" 12.8836641311646 18.5338363647461 50.1551666259766
"304" 14.0047998428345 19.5419006347656 49.3203010559082
"305" 10.1668653488159 16.7013339996338 49.0494842529297
"306" 11.2849292755127 16.7755012512207 50.1973571777344
"307" 11.7985401153564 16.5189437866211 50.3171691894531
"308" 12.3064098358154 16.9969825744629 49.6363220214844
"309" 13.3876781463623 17.7986431121826 49.0823516845703
"310" 14.6128187179565 18.535665512085 48.8908424377441
"311" 11.2054004669189 15.5503997802734 48.5936012268066
"312" 11.5446176528931 15.6137428283691 49.53564453125
"313" 12.5261611938477 15.594518661499 50.0409965515137
"314" 12.7988967895508 15.8831214904785 49.849479675293
"315" 13.3171167373657 16.5983371734619 48.7241859436035
"316" 14.6312990188599 17.2503280639648 48.6076393127441
"317" 14.9353256225586 17.1744651794434 48.6178359985352
"318" 11.3111534118652 14.6844892501831 48.0351829528809
"319" 12.5778131484985 14.6450510025024 49.2723808288574
"320" 13.1749649047852 14.4393510818481 49.9247665405273
"321" 13.4372310638428 14.5553913116455 49.7574234008789
"322" 13.8007917404175 15.3491487503052 48.4897079467773
"323" 14.9354476928711 16.1318492889404 48.4136657714844
"324" 16.0992240905762 16.3979721069336 48.6252746582031
"325" 11.9185905456543 13.7950315475464 47.9007110595703
"326" 13.8187837600708 14.3923578262329 48.8189888000488
"327" 14.137656211853 13.5227718353271 49.1025123596191
"328" 14.2802438735962 13.5787515640259 48.8786163330078
"329" 15.0361108779907 14.4674797058105 48.0801239013672
"330" 15.8386688232422 14.9208269119263 48.1280250549316
"331" 13.0232467651367 12.2846651077271 47.4786338806152
"332" 14.748010635376 13.2146682739258 48.7377052307129
"333" 14.8055095672607 12.3185710906982 49.1932487487793
"334" 15.3621053695679 13.2140035629272 48.3662033081055
"335" 15.8676681518555 13.6893262863159 48.0042152404785
"336" 17.1419620513916 15.2753286361694 48.4480857849121
"337" 13.7686500549316 11.3592319488525 47.2860794067383
"338" 15.7754402160645 12.2235021591187 48.5831489562988
"339" 15.7427349090576 11.496467590332 49.0864334106445
"340" 16.0483436584473 12.0361385345459 48.5042457580566
"341" 16.6588897705078 12.8823623657227 47.8459205627441
"342" 16.9245071411133 13.3255300521851 48.119270324707
"343" 14.6445713043213 10.2613229751587 46.9020080566406
"344" 16.5447006225586 11.6161003112793 48.4390983581543
"345" 16.40380859375 10.5421810150146 49.0991821289062
"346" 17.0668201446533 11.5090808868408 48.2706260681152
"347" 17.2431030273438 12.2253904342651 47.997989654541
"348" 19.2877292633057 13.4463319778442 48.3777618408203
"349" 15.6288967132568 9.33280944824219 47.0475807189941
"350" 17.4564189910889 10.518651008606 48.5832061767578
"351" 17.1014957427979 9.51866626739502 49.0368766784668
"352" 17.726282119751 10.1804695129395 48.938892364502
"353" 18.258092880249 10.8379755020142 48.1161727905273
"354" 18.5604991912842 10.9807996749878 48.0377998352051
"355" 20.2934398651123 12.2043943405151 47.9342346191406
"356" 16.6837005615234 8.23865985870361 46.6353988647461
"357" 18.6023101806641 9.44152164459229 48.4554862976074
"358" 18.1401481628418 8.3687219619751 49.0102958679199
"359" 18.7476005554199 8.88532733917236 48.941162109375
"360" 19.3957366943359 9.773024559021 47.8079147338867
"361" 19.8607997894287 9.95940971374512 47.6157989501953
"362" 21.3339996337891 10.9147996902466 47.7478981018066
"363" 18.1578006744385 7.11105012893677 46.8051986694336
"364" 18.7927761077881 7.19525194168091 48.4043426513672
"365" 19.3379039764404 7.52070236206055 48.765869140625
"366" 19.9062404632568 8.0169620513916 48.5873489379883
"367" 20.4611835479736 8.628098487854 47.8720855712891
"368" 21.3798999786377 8.94744968414307 47.4715003967285
"369" 19.0503997802734 6.34783983230591 46.684700012207
"370" 20.6477031707764 7.44665098190308 48.4840850830078
"371" 20.1532859802246 6.67434406280518 48.6424789428711
"372" 21.2831649780273 7.4208927154541 48.2980003356934
"373" 21.8191051483154 7.68876886367798 47.9092636108398
"374" 23.2380657196045 8.05955600738525 47.6954803466797
"375" 20.4092998504639 5.45732021331787 46.9920997619629
"376" 20.8991451263428 5.68264818191528 48.2535171508789
"377" 21.0830726623535 5.9528751373291 48.5077972412109
"378" 22.4236431121826 6.86464786529541 48.3193740844727
"379" 23.0321979522705 6.76009321212769 48.386833190918
"380" 23.9788646697998 6.98405933380127 48.2292671203613
"381" 21.4015827178955 4.79373502731323 46.5684127807617
"382" 22.3005867004395 6.09241914749146 48.7108917236328
"383" 22.6506977081299 5.34113121032715 48.8193588256836
"384" 23.2475547790527 5.67831945419312 49.3135375976562
"385" 24.1921997070312 5.84286212921143 49.5635528564453
"386" 22.4759826660156 4.25643301010132 46.7394790649414
"387" 23.0364894866943 4.41259574890137 48.2888069152832
"388" 24.1129207611084 4.95639657974243 49.7179908752441
"389" 23.4643497467041 3.99399161338806 47.7303810119629
"390" 24.20827293396 4.32402420043945 49.4142417907715
