"V1" "V2" "V3"
"1" 10.2114295959473 16.1665668487549 2.76732182502747
"2" 10.0997 16.7869 2.4052
"3" 9.9758 17.5728 2.3085
"4" 9.8182 18.3586 2.3162
"5" 9.6041 19.127 2.2484
"6" 9.4256 19.9026 2.3166
"7" 9.2376 20.6799 2.3668
"8" 9.0679 21.4486 2.5237
"9" 8.8928 22.2245 2.6433
"10" 8.7161 23.0045 2.7215
"11" 8.4861 23.767 2.7673
"12" 8.2077 24.4985 2.9166
"13" 8.0627 25.243 3.1819
"14" 8.0073 25.9756 3.3267
"15" 8.1155 26.596 3.8078
"16" 8.34287738800049 27.1256256103516 4.33924102783203
"17" 16.6642150878906 13.2190856933594 1.67588758468628
"18" 16.3482 13.0709 1.8996
"19" 16.1342 12.7247 1.9635
"20" 15.8937 12.3834 1.9493
"21" 15.6076 12.0786 1.8868
"22" 15.3888 11.8185 1.6511
"23" 15.3727 11.6346 1.2756
"24" 15.609 11.4201 1.0291
"25" 15.9993 11.5295 1.1093
"26" 16.264 11.8215 1.265
"27" 16.5405 12.1219 1.3016
"28" 16.831 12.4041 1.1924
"29" 17.057 12.7436 1.2235
"30" 16.9758 13.0585 1.449
"31" 10.2114295959473 16.1665668487549 2.76732182502747
"32" 10.4137420654297 22.5592555999756 3.69040536880493
"33" 8.08570861816406 22.7861633300781 9.14367866516113
"34" 8.4682 21.9075 9.7142
"35" 8.9369 21.0356 10.2099
"36" 9.3044 20.0462 10.5216
"37" 9.6291 19.0654 10.6471
"38" 9.9344 18.0002 10.5911
"39" 10.0199 17.0134 10.2561
"40" 10.4284 16.0536 9.8822
"41" 10.6138 15.1696 9.2472
"42" 10.5857 14.7488 8.2589
"43" 10.3611 14.8306 7.1736
"44" 10.2526 15.2299 6.1415
"45" 10.1333 15.8276 5.2159
"46" 9.9391 16.6407 4.501
"47" 9.8457 17.5578 3.8839
"48" 9.5747 18.5755 3.5355
"49" 9.2649 19.6365 3.5359
"50" 8.9955 20.6589 3.8833
"51" 8.7865 21.6475 4.3528
"52" 8.4253 22.4237 5.0503
"53" 8.0942 22.7898 6.0295
"54" 7.9111 23.1561 7.0556
"55" 7.8669 23.1092 8.0988
"56" 11.3891191482544 18.0415534973144 3.73495697975159
"57" 11.1507 18.8717 3.4157
"58" 10.7009 19.704 3.3431
"59" 10.4862 20.6129 3.4693
"60" 10.3748 21.5544 3.5677
"61" 10.3129 22.5062 3.5774
"62" 10.2101 23.4351 3.6951
"63" 9.8033 24.2673 3.9127
"64" 9.5494 25.1062 4.2879
"65" 9.81472873687744 25.8786067962646 4.68511581420898
"66" 11.3891191482544 18.0415534973144 3.73495697975159
"67" 8.23468971252441 26.7442626953125 8.48603343963623
"68" 9.81472873687744 25.8786067962646 4.68511581420898
"69" 8.23468971252441 26.7442626953125 8.48603343963623
"70" 8.6178 26.0073 9.3917
"71" 9.3261 25.2264 10.0651
"72" 10.0565 24.3665 10.6079
"73" 10.855 23.5316 11.0933
"74" 11.6997 22.7491 11.5765
"75" 12.57 21.9725 12.0123
"76" 13.424 21.1133 12.3197
"77" 14.4005 20.3541 12.4881
"78" 15.353 19.5491 12.3905
"79" 16.3225 18.7581 12.3765
"80" 17.2107 17.9305 12.6581
"81" 18.0987 17.0567 12.7688
"82" 19.0331 16.227 12.6888
"83" 19.9745 15.4055 12.6218
"84" 20.9085 14.5806 12.4962
"85" 21.8262 13.7463 12.3138
"86" 22.7794 12.9609 12.1198
"87" 23.6651344299316 12.1062116622925 11.9397392272949
"88" 25.9825420379639 11.3619718551636 4.46768379211426
"89" 23.6651344299316 12.1062116622925 11.9397392272949
"90" 8.34287738800049 27.1256256103516 4.33924102783203
"91" 19.4688587188721 26.6469020843506 4.8919472694397
"92" 18.9249 26.8913 4.346
"93" 18.0379 27.0256 4.0639
"94" 17.1574 27.2032 3.7984
"95" 16.2291 27.2703 3.6583
"96" 15.3035 27.4243 3.706
"97" 14.3754 27.5315 3.6925
"98" 13.4352 27.5694 3.6585
"99" 12.5208 27.6889 3.4794
"100" 11.6191 27.855 3.2841
"101" 10.6969 27.9371 3.2986
"102" 9.7936 27.7986 3.441
"103" 8.9924 27.543 3.8405
"104" 8.34287738800049 27.1256256103516 4.33924102783203
"105" 19.4688587188721 26.6469020843506 4.8919472694397
"106" 13.4222602844238 25.9689140319824 4.40704202651978
"107" 11.8272094726562 26.9687156677246 9.79300403594971
"108" 12.4841 26.5334 10.6582
"109" 13.3269 26.0138 11.2751
"110" 14.3101 25.5568 11.7169
"111" 15.3805 25.2519 11.9689
"112" 16.5216 25.2407 11.9392
"113" 17.6718 25.2607 11.8032
"114" 18.7575 25.1036 11.471
"115" 19.7173 25.1988 10.8261
"116" 20.1305 25.5818 9.842
"117" 20.1439 25.9653 8.7434
"118" 19.7894 26.1976 7.6582
"119" 19.1699 26.4937 6.7126
"120" 18.3794 26.6944 5.8823
"121" 17.4532 26.9551 5.241
"122" 16.3456 27.1736 4.9634
"123" 15.1821 27.2492 4.9662
"124" 14.0914 27.4032 5.2499
"125" 13.0195 27.4997 5.661
"126" 12.2268 27.4753 6.4427
"127" 11.8199 27.435 7.5365
"128" 11.6675 27.1462 8.645
"129" 17.672815322876 25.2486839294434 4.9897518157959
"130" 16.8454 25.4101 4.6584
"131" 15.9761 25.6799 4.6108
"132" 15.0698 25.8528 4.5315
"133" 14.1608 25.9832 4.4571
"134" 13.258 26.0214 4.2507
"135" 12.3597 25.9558 4.1628
"136" 11.4762 26.1822 4.2129
"137" 10.5959 26.2876 4.4388
"138" 9.81472873687744 25.8786067962646 4.68511581420898
"139" 17.672815322876 25.2486839294434 4.9897518157959
"140" 16.5240001678467 13.1142730712891 1.54224920272827
"141" 16.6636409759521 13.0497550964355 1.44431757926941
"142" 16.7608680725098 12.9801445007324 1.35030543804169
"143" 16.8435802459717 12.8637790679932 1.27364993095398
"144" 16.9130363464355 12.698055267334 1.16447997093201
"145" 16.369930267334 13.0181274414062 1.59725761413574
"146" 16.4897022247314 12.9477396011353 1.47992920875549
"147" 16.5896167755127 12.8535432815552 1.39484214782715
"148" 16.6800575256348 12.7320938110352 1.31003999710083
"149" 16.8122005462646 12.5181999206543 1.12809002399445
"150" 16.2297515869141 12.8905086517334 1.60973834991455
"151" 16.3212738037109 12.8023672103882 1.50981044769287
"152" 16.4729709625244 12.6845655441284 1.4192099571228
"153" 16.5443077087402 12.5459814071655 1.32316374778748
"154" 16.5748519897461 12.3897390365601 1.27333581447601
"155" 16.120454788208 12.7472763061523 1.63789439201355
"156" 16.211935043335 12.6331129074097 1.54639029502869
"157" 16.3173084259033 12.522970199585 1.45560002326965
"158" 16.3390998840332 12.4454002380371 1.4192099571228
"159" 16.4182624816895 12.2407388687134 1.30367946624756
"160" 16.0623245239258 12.520170211792 1.73437404632568
"161" 16.1263751983643 12.4171733856201 1.63197636604309
"162" 16.1977272033691 12.3276166915894 1.52424120903015
"163" 16.2565307617188 12.2228708267212 1.42484939098358
"164" 16.3006496429443 12.0970096588135 1.34642994403839
"165" 15.962290763855 12.3486604690552 1.73569297790527
"166" 16.0005760192871 12.2552270889282 1.60400998592377
"167" 16.0743408203125 12.1727514266968 1.5104866027832
"168" 16.1410961151123 12.0646848678589 1.38210833072662
"169" 16.1977462768555 11.9618654251099 1.2996084690094
"170" 15.7730283737183 12.1959285736084 1.69953310489655
"171" 15.8776073455811 12.1109867095947 1.5462554693222
"172" 16.0087947845459 12.011176109314 1.38529551029205
"173" 16.1204624176025 11.8750190734863 1.24951314926147
"174" 15.6408967971802 12.0815000534058 1.63246870040894
"175" 15.752872467041 12.0377283096313 1.5210098028183
"176" 15.8390340805054 11.9546537399292 1.39213800430298
"177" 16.0030384063721 11.832857131958 1.24341535568237
"178" 15.50133228302 12.0136709213257 1.56973886489868
"179" 15.654465675354 11.9161510467529 1.42909336090088
"180" 15.7839689254761 11.832667350769 1.27961575984955
"181" 15.9123706817627 11.7096385955811 1.15652108192444
"182" 15.4742603302002 11.862455368042 1.44639813899994
"183" 15.5831699371338 11.7889318466187 1.30030477046967
"184" 15.6885814666748 11.7423248291016 1.18919742107391
"185" 15.7932996749878 11.6084003448486 1.05531001091003
"186" 15.4294004440308 11.7175998687744 1.27365005016327
"187" 15.684100151062 11.6812000274658 1.12809002399445
"188" 15.7204999923706 11.5355997085571 1.01891994476318
"189" 10.4491996765137 16.6167316436768 3.10131549835205
"190" 10.8949012756348 16.9720020294189 3.63899993896484
"191" 10.4488821029663 16.935375213623 3.97149109840393
"192" 10.5664348602295 17.3319911956787 3.96945285797119
"193" 10.4075002670288 17.0305004119873 3.1659300327301
"194" 10.3711996078491 17.2124996185303 3.1659300327301
"195" 10.3711996078491 17.2124996185303 3.1659300327301
"196" 10.1846885681152 17.3066291809082 2.70977377891541
"197" 10.3373880386353 17.2545623779297 3.20119667053223
"198" 10.4439001083374 17.4200401306152 3.63696217536926
"199" 10.3823299407959 17.8626480102539 3.50459790229797
"200" 10.5580568313599 18.2374839782715 3.48735785484314
"201" 10.7076101303101 18.5056953430176 3.4206600189209
"202" 10.0390157699585 17.9726734161377 2.61147236824036
"203" 10.1163997650146 17.9189128875732 2.97649431228638
"204" 10.2983999252319 18.0092525482178 3.44173550605774
"205" 9.62704563140869 18.0087356567383 2.92750406265259
"206" 10.3627071380615 18.6743049621582 3.3478798866272
"207" 9.89807987213135 18.5161247253418 2.46814680099487
"208" 9.86168956756592 18.6317005157471 2.43812990188599
"209" 9.89807987213135 18.5506324768066 2.6160774230957
"210" 10.0072002410889 18.5256481170654 2.96040320396423
"211" 10.2270622253418 18.63498878479 3.31149005889893
"212" 9.49575328826904 18.7429866790771 2.72919607162476
"213" 9.75251960754395 18.9855651855469 2.31892871856689
"214" 9.71613025665283 19.1410999298096 2.32895994186401
"215" 9.8253002166748 19.104700088501 2.72924995422363
"216" 9.84291839599609 19.1129837036133 2.86432003974915
"217" 9.98472690582275 19.1443271636963 3.23870992660522
"218" 9.27945041656494 19.2794246673584 2.83898305892944
"219" 9.60696029663086 19.5057773590088 2.39485096931458
"220" 9.57056999206543 19.6821250915527 2.36047577857971
"221" 9.42500972747803 20.1601009368896 2.36535000801086
"222" 9.60696029663086 19.7216262817383 2.54611563682556
"223" 9.65874290466309 19.7457427978516 2.80337047576904
"224" 9.78890991210938 19.7910842895508 3.16929340362549
"225" 9.72562694549561 20.0833148956299 3.17144322395325
"226" 9.71613025665283 20.1736850738525 3.19918918609619
"227" 9.38862037658691 20.332239151001 2.39198327064514
"228" 10.480299949646 20.4876003265381 3.31149005889893
"229" 10.3803758621216 20.5240001678467 3.31149005889893
"230" 9.5341796875 20.4979991912842 2.9870617389679
"231" 9.80063343048096 20.6298007965088 3.35960340499878
"232" 8.90628719329834 20.6933917999268 3.04213786125183
"233" 9.38862037658691 20.8873291015625 2.87061977386475
"234" 9.24306011199951 20.960599899292 2.47451996803284
"235" 10.2620000839233 21.1061992645264 3.4206600189209
"236" 10.1527996063232 21.2518005371094 3.4206600189209
"237" 9.35223007202148 21.1907691955566 3.1526460647583
"238" 9.7625150680542 21.34055519104 3.49343991279602
"239" 8.76998996734619 21.3121604919434 3.10799813270569
"240" 9.13389015197754 21.4337005615234 2.58368992805481
"241" 9.13389015197754 21.4337005615234 2.58368992805481
"242" 9.94146633148193 22.1351146697998 3.45705008506775
"243" 9.12674331665039 21.8431739807129 3.20434594154358
"244" 10.0786876678467 22.1044864654541 3.45705008506775
"245" 8.64414501190186 21.8635673522949 3.29177474975586
"246" 8.95193958282471 22.0183010101318 2.94759011268616
"247" 9.13389015197754 21.5792999267578 2.69285988807678
"248" 10.0436000823975 22.452600479126 3.4206600189209
"249" 9.9379415512085 22.7389984130859 3.4206600189209
"250" 9.41148662567139 22.6586799621582 3.52982997894287
"251" 9.04109859466553 22.6645812988281 3.50340104103088
"252" 8.58804035186768 22.6590213775635 3.09165048599243
"253" 8.80638027191162 22.7437000274658 2.80203008651733
"254" 9.75677871704102 22.9509086608887 3.4206600189209
"255" 10.104513168335 22.9984588623047 3.4206600189209
"256" 9.6797399520874 23.5079002380371 3.52982997894287
"257" 9.03417110443115 23.3165607452393 3.59315896034241
"258" 8.80004978179932 23.298469543457 3.41433000564575
"259" 8.99940586090088 23.3400135040283 3.82095003128052
"260" 9.28898048400879 23.4985408782959 3.52982997894287
"261" 9.54707527160645 23.5252914428711 3.52982997894287
"262" 9.60696029663086 23.5443000793457 3.52982997894287
"263" 9.49779033660889 24.0174007415771 3.67539000511169
"264" 9.53478908538818 23.8942699432373 3.98957943916321
"265" 8.31803321838379 23.9274921417236 3.67539000511169
"266" 8.71501636505127 24.197961807251 3.78455996513367
"267" 9.22707176208496 24.2853317260742 3.74816989898682
"268" 9.46418190002441 24.3870944976807 3.82952451705933
"269" 9.20666980743408 24.5995998382568 3.85734009742737
"270" 9.10387229919434 24.4218730926514 4.08622407913208
"271" 8.45667362213135 24.5406131744385 3.92967391014099
"272" 8.38142204284668 24.6057224273682 3.96090888977051
"273" 8.85317420959473 24.8663463592529 3.91607666015625
"274" 9.27945041656494 24.9634990692139 4.07567977905273
"275" 8.425217628479 25.0478248596191 3.70603823661804
"276" 8.87296581268311 24.934720993042 3.96651005744934
"277" 8.39480972290039 24.9212856292725 4.04467105865479
"278" 8.22414016723633 25.5821990966797 3.52982997894287
"279" 9.49779033660889 25.2910003662109 4.36679983139038
"280" 8.22597408294678 25.5274925231934 3.6225323677063
"281" 8.98473358154297 25.1617908477783 4.12476062774658
"282" 8.3842191696167 25.4504241943359 4.36610174179077
"283" 8.82816410064697 25.6039237976074 4.42490768432617
"284" 8.87915992736816 25.5500392913818 4.37103891372681
"285" 8.15135955810547 25.8645629882812 3.52109408378601
"286" 8.50494575500488 25.7181797027588 4.38335847854614
"287" 8.4858512878418 26.0338172912598 4.67989444732666
"288" 8.91181182861328 26.0642166137695 4.84888410568237
"289" 8.1877498626709 26.528299331665 3.85734009742737
"290" 9.39536571502686 26.1711483001709 4.8398699760437
"291" 8.94076251983643 26.2935810089111 4.96901655197144
"292" 8.68376064300537 26.6473999023438 5.05465793609619
"293" 9.5341796875 26.5071792602539 4.8398699760437
"294" 9.38862037658691 26.6375999450684 4.9126501083374
"295" 9.00954151153564 26.4183826446533 5.02110290527344
"296" 9.04820728302002 26.3688297271729 4.98542976379395
"297" 9.24306011199951 26.2007999420166 4.87625980377197
"298" 8.92976951599121 26.4709091186523 5.02182006835938
"299" 19.0411605834961 26.4554996490479 5.06380414962769
"300" 18.8136005401611 26.346399307251 5.13100004196167
"301" 18.822338104248 26.346399307251 5.13973236083984
"302" 18.9591999053955 26.4190998077393 5.02182006835938
"303" 18.7772006988525 26.4918994903564 4.87625980377197
"304" 17.940299987793 26.0188007354736 4.98542976379395
"305" 18.5676345825195 26.693058013916 4.63876724243164
"306" 18.4606513977051 26.4190998077393 5.0611720085144
"307" 18.209939956665 26.2657299041748 5.40852451324463
"308" 18.2677993774414 26.7830009460449 4.51236009597778
"309" 17.8129005432129 26.7830009460449 4.50379991531372
"310" 17.0805778503418 25.7892150878906 4.69431018829346
"311" 17.9039001464844 25.9825000762939 4.98542976379395
"312" 17.8734378814697 26.6388473510742 4.7293529510498
"313" 17.7090854644775 26.3484554290771 5.05820989608765
"314" 17.6854991912842 27.146900177002 4.40319013595581
"315" 17.082426071167 26.2057247161865 4.80348014831543
"316" 16.7307815551758 26.0377101898193 4.6318187713623
"317" 16.1935997009277 26.164400100708 3.31149005889893
"318" 17.4153327941895 26.9460334777832 4.2402024269104
"319" 17.1861362457275 26.7513084411621 4.58043146133423
"320" 17.0182075500488 26.4529914855957 4.76708984375
"321" 17.0182991027832 27.3288993835449 4.33078384399414
"322" 16.7995891571045 27.146900177002 3.86994886398315
"323" 16.1935997009277 26.164400100708 3.31149005889893
"324" 15.8573131561279 26.0012359619141 4.47596979141235
"325" 16.2299003601074 26.164400100708 3.27509999275208
"326" 16.5868587493896 26.8963851928711 4.32622575759888
"327" 16.1792030334473 26.656135559082 4.62489700317383
"328" 15.9264230728149 26.8224906921387 4.50927066802979
"329" 16.0508632659912 27.1833000183105 3.78169846534729
"330" 16.0480003356934 26.164400100708 3.23870992660522
"331" 16.084400177002 26.164400100708 3.27509999275208
"332" 15.7005596160889 26.9689407348633 4.32647037506104
"333" 15.4255657196045 26.7612838745117 4.57045984268188
"334" 15.3145160675049 27.3288993835449 3.85172605514526
"335" 15.2110004425049 27.3652992248535 3.78455996513367
"336" 14.9653778076172 25.9097003936768 4.40319013595581
"337" 14.9583835601807 26.3079147338867 4.40319013595581
"338" 14.954852104187 27.0377998352051 4.35352945327759
"339" 14.7002782821655 26.7946166992188 4.54874992370605
"340" 14.6158256530762 27.1962738037109 4.18492364883423
"341" 14.5350046157837 27.0151901245117 4.43958377838135
"342" 14.5195999145508 26.164400100708 4.36679983139038
"343" 14.128758430481 26.2641410827637 4.36679983139038
"344" 14.1539602279663 26.2389392852783 4.36679983139038
"345" 14.0798816680908 26.7843914031982 4.51236009597778
"346" 14.0216474533081 27.4682025909424 3.85734009742737
"347" 13.8100004196167 27.4381008148193 3.77599000930786
"348" 13.5370998382568 26.1979122161865 4.25762987136841
"349" 13.3550996780396 26.3827991485596 4.22124004364014
"350" 13.504638671875 27.2536334991455 4.28372812271118
"351" 13.3699407577515 26.7521800994873 4.40319013595581
"352" 13.4329395294189 27.7605495452881 4.11205434799194
"353" 13.1530151367188 26.7494106292725 4.33041000366211
"354" 13.246000289917 27.510799407959 3.67539000511169
"355" 12.7706537246704 26.3153285980225 4.03928995132446
"356" 12.7075071334839 26.4480934143066 4.03928995132446
"357" 12.6188097000122 26.6695461273193 4.18049669265747
"358" 12.5751352310181 27.0502471923828 4.33041000366211
"359" 12.5182247161865 27.8382759094238 4.25605964660645
"360" 12.3260173797607 26.9149303436279 4.22124004364014
"361" 12.1388444900513 26.6493549346924 4.10846948623657
"362" 11.8621425628662 26.4262046813965 4.07567977905273
"363" 11.8631000518799 26.4918994903564 4.07567977905273
"364" 11.8726329803467 27.2645740509033 4.44805192947388
"365" 11.7964754104614 26.9797115325928 4.18485021591187
"366" 11.6707706451416 27.3518161773682 4.45206356048584
"367" 11.5274267196655 27.7292003631592 3.97309470176697
"368" 10.989800453186 27.656400680542 3.38426995277405
"369" 11.3536996841431 26.7292137145996 4.14845991134644
"370" 11.2016735076904 27.0770797729492 4.18838739395142
"371" 11.221489906311 27.1545028686523 4.18485021591187
"372" 10.922061920166 27.1226577758789 4.43957996368408
"373" 10.7169809341431 26.8873252868652 4.33041000366211
"374" 10.4439001083374 26.4918994903564 4.40319013595581
"375" 10.6308212280273 27.6007976531982 3.88145685195923
"376" 10.5913829803467 26.9442806243896 4.33041000366211
"377" 10.6412563323975 27.2781715393066 4.22124004364014
"378" 10.1577825546265 27.0747699737549 4.40319013595581
"379" 9.94185638427734 26.7086772918701 4.61414337158203
"380" 9.06002998352051 27.4381008148193 4.22016048431396
"381" 10.0054149627686 27.6097774505615 3.760178565979
"382" 9.91660118103027 27.3531703948975 4.37892484664917
"383" 9.77593994140625 26.9025325775146 4.660560131073
"384" 8.95193290710449 27.3652992248535 4.52235317230225
"385" 9.1201114654541 26.5893268585205 5.02182006835938
"386" 10.0436000823975 26.7465991973877 4.51236009597778
"387" 9.45286273956299 27.2722644805908 4.65029573440552
"388" 9.11776351928711 26.5520801544189 5.02182006835938
"389" 9.60696029663086 26.4375038146973 4.80348014831543
"390" 8.96372318267822 26.7478504180908 5.05820989608765
