"V1" "V2" "V3"
"1" 31.6288375854492 13.7691354751587 5.27196884155273
"2" 31.41 12.9261 5.1348
"3" 31.3139 12.0577 5.0456
"4" 31.0612 11.2223 4.9636
"5" 30.8572 10.3641 4.9815
"6" 30.5758 9.5284 4.9722
"7" 30.2622 8.707 5.0429
"8" 29.9573 7.9016 5.2219
"9" 29.7197 7.0912 5.4741
"10" 29.3841 6.3567 5.8049
"11" 29.0251 5.6067 6.0862
"12" 28.7741 4.7938 6.311
"13" 28.5586 3.9541 6.4301
"14" 28.0661 3.2419 6.4143
"15" 27.5272 2.7636 6.9031
"16" 26.872896194458 2.39550828933716 7.36579322814941
"17" 28.1848487854004 22.0298900604248 1.3522744178772
"18" 28.5857 21.8679 1.7076
"19" 29.0654 22.0587 1.867
"20" 29.5437 22.354 1.8111
"21" 30.095 22.3535 1.8999
"22" 30.6472 22.2444 1.8665
"23" 31.089 22.3358 1.6033
"24" 31.1158 22.6152 1.1337
"25" 30.8087 22.9518 0.8355
"26" 30.2715 23.0501 0.8301
"27" 29.7195 23.032 0.9184
"28" 29.1703 22.9978 0.8143
"29" 28.667 22.756 0.7338
"30" 28.2691 22.4152 0.9412
"31" 31.6288375854492 13.7691354751587 5.27196884155273
"32" 27.7216148376465 8.74311828613281 6.34460639953613
"33" 29.0378761291504 7.15726232528687 13.7758541107178
"34" 29.0255 8.3084 14.2766
"35" 29.2638 9.5074 14.592
"36" 29.4013 10.7338 14.8604
"37" 29.6515 11.9597 14.8793
"38" 30.1674 13.1007 14.7331
"39" 30.6698 14.2262 14.46
"40" 31.0012 15.0033 13.5658
"41" 31.6236 15.3543 12.5325
"42" 31.9771 15.3223 11.3382
"43" 32.0444 15.0582 10.1062
"44" 32.1676 14.6276 8.9307
"45" 31.9817 13.8743 7.9501
"46" 31.6204 12.928 7.1997
"47" 31.3787 11.7734 6.7882
"48" 31.226 10.5281 6.688
"49" 30.7853 9.3763 6.9138
"50" 30.1625 8.3229 7.1826
"51" 29.6882 7.4558 7.9393
"52" 29.4373 6.8712 9.0261
"53" 29.2344 6.4685 10.206
"54" 29.0581 6.2873 11.4437
"55" 29.0131 6.5816 12.6488
"56" 28.9804458618164 14.1344966888428 6.39636039733887
"57" 29.0256 13.0653 6.1035
"58" 28.8072 11.9811 6.1957
"59" 28.5276 10.9244 6.1964
"60" 28.1848 9.8685 6.2972
"61" 27.8388 8.8192 6.3589
"62" 27.5304 7.7627 6.5203
"63" 27.4664 6.7208 6.9203
"64" 26.9824 5.9069 7.4282
"65" 26.0401039123535 5.60509538650513 7.88423538208008
"66" 28.9804458618164 14.1344966888428 6.39636039733887
"67" 26.8601417541504 3.75456047058106 12.8561840057373
"68" 26.0401039123535 5.60509538650513 7.88423538208008
"69" 26.8601417541504 3.75456047058106 12.8561840057373
"70" 26.4554 4.7914 13.8378
"71" 26.0164 6.0321 14.5656
"72" 25.6752 7.4 15.0865
"73" 25.2834 8.8173 15.4065
"74" 24.8832 10.2527 15.6119
"75" 24.4814 11.6951 15.7528
"76" 24.0594 13.1325 15.8844
"77" 23.705 14.5917 15.9854
"78" 23.3245 16.0437 16.0948
"79" 22.9058 17.4821 16.2201
"80" 22.5588 18.9435 16.1778
"81" 22.0647 20.3549 16.0118
"82" 21.697 21.8025 15.8456
"83" 21.4355 23.2618 15.6095
"84" 21.0572 24.664 15.2888
"85" 20.7345 26.1025 15.0127
"86" 20.3729 27.5357 14.7583
"87" 20.0561943054199 28.9690742492676 14.5119533538818
"88" 19.2244396209717 29.7940196990967 4.91244792938232
"89" 20.0561943054199 28.9690742492676 14.5119533538818
"90" 26.872896194458 2.39550828933716 7.36579322814941
"91" 16.9137077331543 9.88106918334961 5.76863384246826
"92" 17.5843 9.1662 5.5086
"93" 18.2176 8.3883 5.3291
"94" 18.8896 7.6311 5.2546
"95" 19.6497 6.9571 5.1809
"96" 20.4264 6.298 5.1611
"97" 21.2314 5.6868 5.2848
"98" 22.0309 5.0983 5.5049
"99" 22.7897 4.5053 5.8242
"100" 23.5569 3.898 6.1003
"101" 24.2608 3.2872 6.5098
"102" 25.0285 2.7527 6.8259
"103" 25.9613 2.3828 6.9104
"104" 26.872896194458 2.39550828933716 7.36579322814941
"105" 16.9137077331543 9.88106918334961 5.76863384246826
"106" 23.1594886779785 7.41655158996582 6.39011383056641
"107" 23.1249465942383 5.36937999725342 13.7512435913086
"108" 22.4518 6.3564 14.284
"109" 21.6559 7.2881 14.7298
"110" 20.9709 8.3774 14.976
"111" 20.0631 9.317 14.9766
"112" 18.9916 10.0671 14.8794
"113" 18.0118 10.8026 14.4461
"114" 17.2319 11.3185 13.5942
"115" 16.6079 11.1837 12.4628
"116" 16.3028 10.88 11.2297
"117" 16.2646 10.4951 9.9824
"118" 16.5587 10.0049 8.8126
"119" 17.2863 9.2605 8.0396
"120" 18.1493 8.4372 7.4944
"121" 18.9362 7.4709 7.1474
"122" 19.858 6.5397 7.118
"123" 20.8464 5.6884 7.2514
"124" 21.7911 5.0637 7.8679
"125" 22.5063 4.6992 8.8855
"126" 22.9753 4.5768 10.0991
"127" 23.3769 4.5387 11.3454
"128" 23.4081 4.7434 12.6325
"129" 19.3166923522949 11.4390754699707 6.53580284118652
"130" 19.7381 10.4375 6.3229
"131" 20.3419 9.5212 6.2261
"132" 21.1849 8.7976 6.2566
"133" 21.9908 8.0427 6.3335
"134" 22.8428 7.3289 6.4112
"135" 23.7305 6.67 6.4993
"136" 24.3182 5.8797 6.998
"137" 25.0867 5.3094 7.4796
"138" 26.0401039123535 5.60509538650513 7.88423538208008
"139" 19.3166923522949 11.4390754699707 6.53580284118652
"140" 28.4760551452637 21.9502468109131 1.34684181213379
"141" 28.4366149902344 22.1490020751953 1.17862832546234
"142" 28.3719997406006 22.0708999633789 1.19210004806519
"143" 28.4400997161865 22.4796009063721 0.885559976100922
"144" 28.5422992706299 22.6840000152588 0.715260028839111
"145" 28.7145862579346 21.9412174224854 1.42589521408081
"146" 28.6895122528076 22.1490383148193 1.25019335746765
"147" 29.0531997680664 21.7984008789062 1.36240005493164
"148" 28.8148002624512 22.6158008575439 0.851499974727631
"149" 28.9169998168945 22.7180004119873 0.817439019680023
"150" 28.9510078430176 22.0232086181641 1.47817993164062
"151" 28.9675464630127 22.2217426300049 1.29618060588837
"152" 29.0872001647949 21.7984008789062 1.36240005493164
"153" 28.9855499267578 22.6530303955078 0.916832208633423
"154" 29.0977630615234 22.7692260742188 0.912994980812073
"155" 29.1480445861816 22.1385307312012 1.53113651275635
"156" 29.2003936767578 22.3076477050781 1.34098172187805
"157" 29.1140441894531 21.7984008789062 1.38921308517456
"158" 29.8365993499756 22.7520999908447 1.05586004257202
"159" 29.3469181060791 22.8284721374512 1.00073397159576
"160" 29.4153671264648 22.2950325012207 1.56499576568604
"161" 29.4800548553467 22.4115009307861 1.38724398612976
"162" 29.5021114349365 22.5666046142578 1.24128222465515
"163" 29.8365993499756 22.7520999908447 1.05586004257202
"164" 29.600456237793 22.8611602783203 1.02180004119873
"165" 29.6547775268555 22.3931350708008 1.5461061000824
"166" 29.7440414428711 22.4796009063721 1.37135624885559
"167" 29.7760257720947 22.5827941894531 1.22517466545105
"168" 29.8371829986572 22.7580089569092 1.05585944652557
"169" 29.8712635040283 22.9211807250977 0.954894363880157
"170" 29.9953689575195 22.3952331542969 1.58300721645355
"171" 30.0266132354736 22.4796009063721 1.33950233459473
"172" 30.0448474884033 22.6778907775879 1.09601557254791
"173" 30.0923557281494 22.9316349029541 0.919619619846344
"174" 30.2826480865479 22.3259220123291 1.59133887290955
"175" 30.2579498291016 22.4244441986084 1.38861382007599
"176" 30.2945098876953 22.551815032959 1.18797421455383
"177" 30.2817859649658 22.8204784393311 0.919620156288147
"178" 30.5642910003662 22.252613067627 1.65606415271759
"179" 30.5421733856201 22.4115009307861 1.37167906761169
"180" 30.5347347259521 22.5829372406006 1.12284183502197
"181" 30.5452709197998 22.8433990478516 0.896452009677887
"182" 30.7934513092041 22.2917671203613 1.55021250247955
"183" 30.7984390258789 22.4361553192139 1.31186985969543
"184" 30.7665328979492 22.5890464782715 1.11673426628113
"185" 30.6729316711426 22.7861003875732 0.919619977474213
"186" 31.0291881561279 22.4199066162109 1.35445594787598
"187" 30.9771728515625 22.547700881958 1.16937947273254
"188" 30.9946002960205 22.6840000152588 1.02180004119873
"189" 31.2362613677979 13.5154752731323 5.77712726593018
"190" 31.1507263183594 13.7121887207031 6.2331919670105
"191" 30.7559719085693 13.5851230621338 6.50067377090454
"192" 30.5990409851074 13.5602312088013 6.50545978546143
"193" 30.2532291412354 13.5357780456543 6.49328422546387
"194" 29.8433246612549 13.5625076293945 6.39878463745117
"195" 29.4545726776123 13.6716661453247 6.30737018585205
"196" 31.1308002471924 12.6676216125488 5.46195459365845
"197" 30.9569435119629 12.8791236877441 5.96740436553955
"198" 30.7058391571045 12.9701814651489 6.30109977722168
"199" 30.3997249603271 12.7938652038574 6.35650014877319
"200" 29.9575138092041 12.8070707321167 6.25680112838745
"201" 29.6112461090088 12.8466911315918 6.13079977035522
"202" 30.9605007171631 11.9599628448486 5.3642692565918
"203" 30.842809677124 12.1077661514282 5.78057098388672
"204" 30.4878845214844 12.2419242858887 6.20658493041992
"205" 30.8924007415771 12.1360034942627 5.71423387527466
"206" 29.9177265167236 12.1537790298462 6.19891977310181
"207" 29.6069641113281 12.1960554122925 6.09673976898193
"208" 29.2878761291504 12.2200326919556 6.02861976623535
"209" 30.7901992797852 11.3260564804077 5.37769031524658
"210" 30.635648727417 11.4482383728027 5.80853414535522
"211" 30.3847560882568 11.5821571350098 6.13079977035522
"212" 30.167839050293 11.453179359436 6.19891977310181
"213" 29.7355346679688 11.5671443939209 6.02964210510254
"214" 29.549524307251 11.773419380188 6.02861976623535
"215" 30.6672401428223 10.7076663970947 5.3196873664856
"216" 30.487434387207 10.8019771575928 5.72531890869141
"217" 30.2083110809326 10.9381799697876 6.10112380981445
"218" 30.5424003601074 10.6525506973267 5.54476308822632
"219" 30.6198997497559 10.6837291717529 5.37034702301025
"220" 29.496000289917 11.035400390625 6.06267976760864
"221" 29.0531997680664 11.307900428772 6.02861976623535
"222" 30.4834899902344 10.0575971603394 5.30831956863403
"223" 30.322078704834 10.1129932403564 5.64994239807129
"224" 30.057897567749 10.1840801239014 6.11381769180298
"225" 29.9576568603516 10.0356388092041 6.16485977172852
"226" 30.3134002685547 9.93448829650879 5.56713628768921
"227" 30.3134002685547 10.0818004608154 5.61990022659302
"228" 28.8829002380371 10.9333000183105 6.09673976898193
"229" 30.2136039733887 9.3249044418335 5.38082885742188
"230" 30.0187892913818 9.34263610839844 5.85660743713379
"231" 29.6658897399902 9.41664600372314 6.30150938034058
"232" 30.3810710906982 9.17078399658203 6.00161266326904
"233" 30.1089992523193 9.16213989257812 5.51772022247314
"234" 30.1431007385254 9.4686803817749 5.61990022659302
"235" 28.3719997406006 10.0818004608154 6.19891977310181
"236" 29.9046993255615 8.53230953216553 5.50983810424805
"237" 29.7378921508789 8.61937427520752 6.02512073516846
"238" 29.2885150909424 8.75958824157715 6.44042015075684
"239" 30.0408992767334 8.37876033782959 6.19891977310181
"240" 30.0069007873535 8.74773979187012 5.3133602142334
"241" 28.3719997406006 9.50273990631104 6.30109977722168
"242" 29.6662998199463 7.86785984039307 5.65396022796631
"243" 29.5086040496826 7.91426229476929 6.09084177017212
"244" 29.0676956176758 8.09750843048096 6.57357978820801
"245" 29.8205680847168 7.79799222946167 6.36921977996826
"246" 29.6173877716064 7.87508821487427 5.80045318603516
"247" 29.7679996490479 7.99537992477417 5.40669012069702
"248" 28.3038997650146 9.02589988708496 6.33515977859497
"249" 29.3596992492676 7.0844898223877 5.83560991287231
"250" 29.1457386016846 7.24091577529907 6.51155471801758
"251" 28.9861221313477 7.18951368331909 6.63782119750977
"252" 29.1786479949951 7.23387956619263 6.45838308334351
"253" 29.3596992492676 7.0504298210144 5.79019021987915
"254" 28.0252342224121 7.79357528686523 6.47139978408813
"255" 27.5155143737793 7.97003984451294 6.40327978134155
"256" 28.031400680542 7.01635980606079 6.67575979232788
"257" 28.9463024139404 6.52370405197144 6.7327561378479
"258" 28.7485427856445 6.58436632156372 6.91603708267212
"259" 28.951000213623 6.54941368103027 6.73390293121338
"260" 29.1212997436523 6.33515977859497 5.85832023620605
"261" 27.9972991943359 7.11853981018066 6.64169979095459
"262" 27.8997936248779 7.11853981018066 6.64169979095459
"263" 27.92919921875 6.40327978134155 6.94823980331421
"264" 28.1006336212158 6.36936855316162 7.22071981430054
"265" 28.9588050842285 5.59286069869995 6.94823980331421
"266" 28.25950050354 5.90677499771118 7.08447980880737
"267" 28.7465991973877 5.41553020477295 6.40327978134155
"268" 27.2821006774902 6.64169979095459 7.01635980606079
"269" 27.7248001098633 5.65396022796631 7.28883981704712
"270" 27.6545104980469 5.75614023208618 7.28883981704712
"271" 28.2249946594238 5.28049182891846 7.28406238555908
"272" 28.1064910888672 5.49218988418579 7.56131982803345
"273" 27.6840305328369 5.58428049087524 7.3569598197937
"274" 27.2138996124268 5.75614023208618 7.3569598197937
"275" 28.3407249450684 4.57767343521118 7.1315541267395
"276" 27.7806587219238 5.0983567237854 7.55022716522217
"277" 27.9467525482178 5.10332632064819 7.73729372024536
"278" 28.3034000396729 4.49133014678955 7.12209987640381
"279" 26.6690006256104 5.44960021972656 7.69755983352661
"280" 28.0653991699219 3.8828399181366 7.05041980743408
"281" 27.899284362793 4.49635791778564 7.69285869598389
"282" 27.8027763366699 4.45051145553589 7.73317098617554
"283" 27.2464046478271 4.79636859893799 7.87554359436035
"284" 26.8733005523682 5.17712020874023 7.79973983764648
"285" 27.8950996398926 3.4741199016571 6.81199979782104
"286" 27.6652317047119 4.05650615692139 7.82527875900269
"287" 27.191801071167 4.15887069702148 8.22702026367188
"288" 26.8083038330078 4.480140209198 8.32332611083984
"289" 27.554500579834 3.11309003829956 7.11852979660034
"290" 26.9074001312256 4.35966014862061 8.31066989898682
"291" 26.8224411010742 4.04796266555786 8.63921356201172
"292" 26.62473487854 3.90234327316284 8.77817344665527
"293" 26.3964996337891 2.69074010848999 7.7316198348999
"294" 27.1745452880859 3.29847121238708 8.22649002075195
"295" 26.74072265625 3.73021268844604 8.75341987609863
"296" 26.5324172973633 3.98155069351196 8.75688934326172
"297" 27.0285034179688 2.92567586898804 7.87966918945312
"298" 26.7430362701416 3.39709424972534 8.63640880584717
"299" 17.4301071166992 9.79458808898926 6.20968008041382
"300" 17.5207195281982 9.94277477264404 6.68691825866699
"301" 17.7765884399414 10.1036357879639 6.84605979919434
"302" 18.0640773773193 10.2117033004761 6.87383031845093
"303" 18.5088386535645 10.325457572937 6.72961568832397
"304" 19.0203056335449 10.6573095321655 6.49062442779541
"305" 17.822093963623 9.22830867767334 5.86507701873779
"306" 18.032283782959 9.40885353088379 6.4602108001709
"307" 18.2456741333008 9.51685905456543 6.67575979232788
"308" 18.6866645812988 9.53828144073486 6.64169979095459
"309" 17.8815002441406 9.16213989257812 5.72208023071289
"310" 19.4410400390625 9.98316287994385 6.30835008621216
"311" 18.3191413879395 8.68490314483643 5.75058174133301
"312" 18.509147644043 8.7834529876709 6.20992469787598
"313" 18.8149166107178 8.99006748199463 6.53774738311768
"314" 18.6317462921143 8.75339889526367 6.30200386047363
"315" 18.4946002960205 8.58312034606934 5.85832977294922
"316" 19.7206993103027 9.36651039123535 6.30109977722168
"317" 20.1168060302734 9.31102752685547 6.2329797744751
"318" 18.8149948120117 8.12508678436279 5.65256690979004
"319" 19.1413860321045 8.19138336181641 6.2211856842041
"320" 19.4041976928711 8.33965587615967 6.42230415344238
"321" 19.1758003234863 7.97003984451294 5.92643976211548
"322" 19.1073207855225 7.90224933624268 5.72208023071289
"323" 19.1417007446289 7.86785984039307 5.72208023071289
"324" 20.5641746520996 8.78208446502686 6.24102067947388
"325" 19.2833023071289 7.59973812103271 5.59552001953125
"326" 19.6035232543945 7.59881925582886 5.98296880722046
"327" 20.1088809967041 7.61621999740601 6.36945915222168
"328" 20.0072536468506 7.34289884567261 6.12115001678467
"329" 19.8392486572266 7.13624715805054 5.61990022659302
"330" 20.9468994140625 8.41281986236572 6.26703977584839
"331" 20.1832160949707 6.79230260848999 5.56045579910278
"332" 20.4034042358398 6.9632773399353 6.11323165893555
"333" 20.7112159729004 7.00261354446411 6.40327978134155
"334" 20.4827041625977 6.66246366500854 5.75548648834229
"335" 20.538200378418 6.57357978820801 5.6880202293396
"336" 21.6738796234131 8.08562755584717 6.26703977584839
"337" 20.8106994628906 6.36921977996826 5.79020977020264
"338" 21.0494804382324 6.43019723892212 6.26029872894287
"339" 21.3652801513672 6.53960514068604 6.5152268409729
"340" 21.4464950561523 6.742995262146 6.57357978820801
"341" 21.0832004547119 6.06264019012451 5.69711017608643
"342" 22.1610527038574 7.47114133834839 6.40327978134155
"343" 21.5599994659424 5.82426023483276 5.92643976211548
"344" 21.5796298980713 5.9049186706543 6.19700193405151
"345" 21.9471683502197 6.10531663894653 6.67575979232788
"346" 21.7642993927002 5.68636798858643 5.99292707443237
"347" 21.7888717651367 5.58584022521973 5.84880304336548
"348" 22.8201999664307 7.22071981430054 6.36921977996826
"349" 22.8882999420166 6.30109977722168 6.6076397895813
"350" 22.2879886627197 5.40276670455933 6.50602149963379
"351" 22.6344261169434 5.70317363739014 6.81199979782104
"352" 22.4268398284912 5.58584022521973 6.87239551544189
"353" 22.3092994689941 5.14306020736694 6.06267976760864
"354" 22.2411994934082 5.17712020874023 5.96049976348877
"355" 23.4987144470215 6.36921977996826 6.53951978683472
"356" 23.4622688293457 5.75614023208618 6.70981979370117
"357" 22.9066009521484 4.88636016845703 6.74277114868164
"358" 23.3348121643066 5.09968423843384 6.9822998046875
"359" 23.1315383911133 5.10322666168213 7.36179208755493
"360" 23.4246730804443 5.39418745040894 6.88011980056763
"361" 23.1949005126953 4.32562017440796 6.16485977172852
"362" 23.9101009368896 5.75614023208618 6.77793979644775
"363" 24.1221866607666 5.04999732971191 7.15259981155396
"364" 23.6035995483398 4.35261583328247 7.38618087768555
"365" 23.9553031921387 4.63741874694824 7.19778156280518
"366" 23.8030109405518 4.64221620559692 7.51720380783081
"367" 24.0354957580566 4.86773061752319 7.18665981292725
"368" 24.386999130249 5.17712020874023 7.18665981292725
"369" 24.1047420501709 3.68870401382446 6.74055004119873
"370" 24.2850379943848 4.01223659515381 7.39125394821167
"371" 24.3586883544922 4.17363500595093 7.42507982254028
"372" 24.4724998474121 4.25053787231445 7.48353338241577
"373" 24.2847995758057 3.61035990715027 6.94822978973389
"374" 25.1021995544434 5.00682020187378 7.49319982528687
"375" 24.6879272460938 3.27102184295654 7.28453540802002
"376" 24.9294204711914 3.83365225791931 7.76567983627319
"377" 24.749698638916 3.78232169151306 7.6856369972229
"378" 25.1848659515381 4.10974407196045 7.88241004943848
"379" 25.5153884887695 4.42618036270142 7.97614192962646
"380" 25.7152996063232 4.22344017028809 8.17440032958984
"381" 25.3066005706787 3.03133988380432 7.32290983200073
"382" 25.3831272125244 3.29921174049377 7.80356645584106
"383" 25.5745086669922 3.6986985206604 8.22412300109863
"384" 25.8650722503662 3.81491422653198 8.42632961273193
"385" 26.222864151001 4.15548086166382 8.64774799346924
"386" 25.7152996063232 2.82698011398315 7.3569598197937
"387" 25.7867221832275 3.15996479988098 8.07579517364502
"388" 26.2157344818115 3.79407095909119 8.79766082763672
"389" 25.8174991607666 2.92915010452271 7.69755983352661
"390" 26.3276462554932 3.26309084892273 8.67863464355469
