"V1" "V2" "V3"
"1" 4.04102420806885 20.4094753265381 15.0645780563354
"2" 4.3517 19.7929 14.2548
"3" 4.7005 19.2933 13.3824
"4" 5.1564 19.0004 12.4867
"5" 5.4639 18.6293 11.5496
"6" 5.9174 18.4309 10.6057
"7" 6.4647 18.1827 9.7264
"8" 7.0572 17.987 8.8622
"9" 7.7357 17.8635 8.0598
"10" 8.3409 17.8761 7.2018
"11" 9.0529 17.9245 6.4112
"12" 9.786 17.9972 5.64
"13" 10.472 17.9023 4.8472
"14" 11.0589 17.4255 4.1
"15" 11.6821 16.844 3.5969
"16" 12.6567134857178 17.1435947418213 3.37158489227295
"17" 5.30809593200684 17.1670780181885 24.4614639282227
"18" 4.6742 17.3506 24.4142
"19" 4.0283 17.411 24.6136
"20" 3.3602 17.4598 24.6619
"21" 2.705 17.3688 24.5114
"22" 2.2224 17.028 24.7063
"23" 2.1857 16.6201 25.2355
"24" 2.2813 16.3837 25.856
"25" 2.8324 16.4464 26.153
"26" 3.4977 16.5368 26.1231
"27" 4.137 16.318 26.081
"28" 4.6998 16.141 25.8317
"29" 5.1555 16.2671 25.3603
"30" 5.4057 16.666 24.887
"31" 4.04102420806885 20.4094753265381 15.0645780563354
"32" 9.52928161621094 19.1703414916992 9.15327262878418
"33" 9.18775749206543 27.4246520996094 6.63465166091919
"34" 9.3748 28.4115 7.7263
"35" 9.6562 29.1661 8.9921
"36" 9.7753 29.8131 10.3382
"37" 9.5439 30.2798 11.7431
"38" 8.5631 30.3772 12.8547
"39" 7.4573 30.1119 13.8361
"40" 6.3177 29.6733 14.7079
"41" 5.2744 29.0664 15.6054
"42" 4.4847 28.0208 16.2999
"43" 3.6407 26.7958 16.3307
"44" 3.0956 25.4577 15.9572
"45" 3.116 24.0913 15.3643
"46" 3.4794 22.9371 14.476
"47" 3.8992 22.0806 13.3192
"48" 4.6794 21.526 12.1662
"49" 5.5778 21.2206 10.9983
"50" 6.3482 21.2064 9.7152
"51" 7.1471 21.3441 8.446
"52" 7.8328 22.0829 7.3601
"53" 8.3575 23.1843 6.5065
"54" 8.6418 24.6062 6.1123
"55" 8.8487 26.0725 6.0604
"56" 6.30891990661621 21.0296516418457 16.6737995147705
"57" 6.6421 20.6277 15.2391
"58" 6.8012 20.3837 13.7171
"59" 7.3922 20.0169 12.3155
"60" 8.2144 19.6279 11.0343
"61" 8.9566 19.2573 9.697
"62" 9.8742 19.0813 8.4382
"63" 10.6691 19.1932 7.0869
"64" 11.9025 19.4675 6.2081
"65" 13.3976125717163 19.6499080657959 6.05392742156982
"66" 6.30891990661621 21.0296516418457 16.6737995147705
"67" 14.0072555541992 25.5920085906982 1.48055648803711
"68" 13.3976125717163 19.6499080657959 6.05392742156982
"69" 14.0072555541992 25.5920085906982 1.48055648803711
"70" 14.2825 26.8861 2.9554
"71" 14.3941 27.7086 4.7604
"72" 14.5411 28.6392 6.5149
"73" 14.6796 29.3453 8.3701
"74" 14.6722 29.9486 10.2644
"75" 14.7208 30.4271 12.1973
"76" 14.8482 30.6316 14.1748
"77" 15.0523 30.6947 16.155
"78" 15.23 30.6357 18.1406
"79" 15.28 30.6211 20.1327
"80" 15.2787 30.5635 22.1249
"81" 15.3646 30.4057 24.1085
"82" 15.4672 30.2548 26.0856
"83" 15.3785 29.8516 28.0352
"84" 15.3812 29.495 29.9941
"85" 15.3503 29.2833 31.9607
"86" 15.2342 29.0718 33.9369
"87" 15.1982307434082 28.9351367950439 35.9069938659668
"88" 13.8150043487549 19.1862773895264 36.2897567749023
"89" 15.1982307434082 28.9351367950439 35.9069938659668
"90" 12.6567134857178 17.1435947418213 3.37158489227295
"91" 22.3493347167969 16.9297637939453 14.6228647232056
"92" 21.6434 16.3554 13.8046
"93" 21.0043 16.059 12.7959
"94" 20.4103 15.9622 11.7249
"95" 19.7577 15.935 10.6813
"96" 19.0805 15.8554 9.6601
"97" 18.3407 15.9478 8.6909
"98" 17.595 16.1206 7.7291
"99" 16.9036 16.449 6.7646
"100" 16.1356 16.8197 5.8835
"101" 15.3253 17.0715 4.9922
"102" 14.519 16.8959 4.1192
"103" 13.6003 16.4065 3.5583
"104" 12.6567134857178 17.1435947418213 3.37158489227295
"105" 22.3493347167969 16.9297637939453 14.6228647232056
"106" 16.4820461273193 17.9714393615723 9.03165340423584
"107" 19.6970977783203 25.5491046905518 6.27493286132812
"108" 20.1878 26.2923 7.575
"109" 20.2969 27.1073 8.9165
"110" 20.4393 27.7406 10.3367
"111" 20.9684 27.9476 11.773
"112" 22.0601 27.6299 12.8517
"113" 23.1138 26.9356 13.7917
"114" 23.9921 26.0918 14.7794
"115" 24.5849 24.9158 15.5752
"116" 25.004 23.4475 15.8064
"117" 25.0516 21.9361 15.6162
"118" 24.709 20.4722 15.1594
"119" 23.8752 19.428 14.3453
"120" 23.0858 18.5594 13.2967
"121" 22.0935 18.2834 12.104
"122" 21.1086 18.1499 10.8781
"123" 20.2848 18.3909 9.5672
"124" 19.4942 18.85 8.2982
"125" 18.9841 19.8241 7.2143
"126" 18.8645 21.1374 6.3541
"127" 19.0655 22.6095 5.8296
"128" 19.3068 24.1199 5.73
"129" 20.7146034240723 18.5741271972656 16.2798862457275
"130" 19.9902 18.2865 15.0116
"131" 19.6324 18.0634 13.5288
"132" 18.8458 17.9146 12.2131
"133" 17.9664 17.8333 10.9457
"134" 17.0547 17.7404 9.703
"135" 16.1806 17.9365 8.4478
"136" 15.4575 18.3236 7.1412
"137" 14.548 18.8284 6.0067
"138" 13.3976125717163 19.6499080657959 6.05392742156982
"139" 20.7146034240723 18.5741271972656 16.2798862457275
"140" 5.04789257049561 16.896541595459 24.6497859954834
"141" 5.06746673583984 16.6916809082031 24.8601951599121
"142" 5.09351015090942 16.5585994720459 24.987699508667
"143" 5.00977325439453 16.2250747680664 25.4247303009033
"144" 4.82645034790039 16.1132831573486 25.7272853851318
"145" 4.85561609268188 16.9363307952881 24.669620513916
"146" 4.86026000976562 16.8589000701904 24.7495002746582
"147" 4.79406976699829 16.7526245117188 24.9088973999023
"148" 4.59401988983154 16.2807006835938 25.6224994659424
"149" 4.46346664428711 16.3027000427246 25.7052383422852
"150" 4.54166030883789 17.1288452148438 24.6331558227539
"151" 4.4527006149292 16.9891128540039 24.8337631225586
"152" 4.44427013397217 16.8052005767822 25.0883007049561
"153" 4.24848556518555 16.4351024627686 25.6887588500977
"154" 4.10626888275146 16.3889255523682 25.899751663208
"155" 4.26005887985229 17.1402587890625 24.7685680389404
"156" 3.96312165260315 17.09450340271 24.943452835083
"157" 3.8650267124176 17.0116348266602 25.0937080383301
"158" 3.13318991661072 16.6688003540039 25.5282001495361
"159" 3.64650011062622 16.5478992462158 25.8964996337891
"160" 3.97997832298279 17.1566638946533 24.8766937255859
"161" 3.72351503372192 17.1237049102783 24.9890956878662
"162" 3.16813993453979 16.7992992401123 25.3318004608154
"163" 3.10298609733582 16.6787719726562 25.4895362854004
"164" 3.62442541122437 16.5462551116943 25.9218978881836
"165" 3.68269944190979 17.1737442016602 24.9483184814453
"166" 3.54783487319946 17.0080795288086 25.1746940612793
"167" 3.16813993453979 16.7992992401123 25.3318004608154
"168" 3.09624004364014 16.6809997558594 25.480899810791
"169" 3.36679816246033 16.6034202575684 25.817943572998
"170" 3.31265044212341 17.2256832122803 24.9041080474854
"171" 3.24196791648865 16.9754772186279 25.1736240386963
"172" 3.18276882171631 16.7305850982666 25.4550666809082
"173" 2.86851978302002 16.4786758422852 25.8218002319336
"174" 3.01559162139893 17.1919460296631 24.8325748443604
"175" 3.01698136329651 17.0024566650391 25.0661563873291
"176" 2.82941007614136 16.7287006378174 25.2569999694824
"177" 2.94553160667419 16.5473384857178 25.6666145324707
"178" 2.76779699325562 17.1660480499268 24.6992149353027
"179" 2.75595998764038 16.9262008666992 24.9785003662109
"180" 2.83630681037903 16.722864151001 25.2708072662354
"181" 2.71780729293823 16.4694442749023 25.6564769744873
"182" 2.56898474693298 16.9939804077148 24.7788562774658
"183" 2.59645009040833 16.8552474975586 24.9705905914307
"184" 2.58735203742981 16.5912055969238 25.3139533996582
"185" 2.70790004730225 16.4736003875732 25.630199432373
"186" 2.37191605567932 16.7450675964355 25.0204105377197
"187" 2.34313988685608 16.5874004364014 25.2247009277344
"188" 2.12968993186951 16.4064998626709 25.5734004974365
"189" 4.45704364776611 20.867115020752 14.9022207260132
"190" 4.14914798736572 21.4477939605713 15.0714282989502
"191" 4.4750714302063 21.6469383239746 15.0430593490601
"192" 4.87589120864868 21.7557773590088 14.9999675750732
"193" 4.30019855499268 20.9596576690674 15.0690717697144
"194" 4.28624057769775 20.8165969848633 15.0517854690552
"195" 6.18359756469727 21.1249217987061 15.9258842468262
"196" 4.79733896255493 20.0838146209717 14.0615844726562
"197" 4.96424293518066 20.874116897583 14.436692237854
"198" 4.73900508880615 20.8371887207031 14.6298742294312
"199" 4.38795948028564 20.6328163146973 14.3523082733154
"200" 4.6596851348877 20.3151206970215 14.4174451828003
"201" 4.81021022796631 20.3448009490967 14.2510004043579
"202" 5.08412981033325 19.7021083831787 13.310133934021
"203" 5.30162811279297 20.3698921203613 13.5873947143555
"204" 5.4387059211731 20.7884120941162 13.8510007858276
"205" 4.77000999450684 20.4785995483398 13.5193996429443
"206" 5.01282930374146 19.9799365997314 13.637396812439
"207" 5.05139493942261 19.981725692749 13.5858030319214
"208" 5.11883020401001 19.9733009338379 13.4784002304077
"209" 5.39398002624512 19.5456409454346 12.6058473587036
"210" 5.68487453460693 20.2049579620361 12.8850240707397
"211" 5.5713906288147 20.2688732147217 13.1140089035034
"212" 4.99833011627197 19.9734001159668 12.4801998138428
"213" 5.30454730987549 19.6139965057373 12.8441581726074
"214" 5.28737640380859 19.6031398773193 12.8655910491943
"215" 5.63902568817139 19.2323989868164 11.881157875061
"216" 5.98425388336182 19.8562450408936 12.138313293457
"217" 6.2156138420105 20.2998943328857 12.417067527771
"218" 5.91233921051025 20.5310821533203 11.9573984146118
"219" 5.66062641143799 19.4143199920654 12.04017162323
"220" 5.6959433555603 19.2663650512695 11.8585796356201
"221" 5.93813991546631 19.5900001525879 11.8964004516602
"222" 5.9948353767395 18.9775314331055 11.1217908859253
"223" 6.23943185806274 19.4777069091797 11.2713346481323
"224" 6.79712390899658 20.09836769104 11.5808229446411
"225" 6.02329015731812 19.8703002929688 10.9083003997803
"226" 6.0388445854187 19.560266494751 10.9410181045532
"227" 6.21823978424072 19.1623992919922 10.9989004135132
"228" 7.25748014450073 19.9447994232178 11.7791996002197
"229" 6.48602867126465 18.8107166290283 10.2628784179688
"230" 6.91905879974365 19.4344844818115 10.4511594772339
"231" 7.40362691879272 19.8452796936035 10.7317886352539
"232" 6.54629707336426 20.0487060546875 9.90714263916016
"233" 7.22469282150269 19.6826210021973 10.3479061126709
"234" 6.73276996612549 19.0387001037598 10.2068004608154
"235" 7.93834066390991 19.6465377807617 10.8324241638184
"236" 7.0919132232666 18.6081275939941 9.34523582458496
"237" 7.52509450912476 19.37229347229 9.6376371383667
"238" 8.07538032531738 20.0941009521484 9.84181022644043
"239" 6.56752109527588 19.649112701416 8.85515975952148
"240" 7.06125688552856 18.5688896179199 9.3630313873291
"241" 7.16490983963013 18.763500213623 9.42171001434326
"242" 7.86650276184082 18.7506465911865 8.64985466003418
"243" 7.99508666992188 19.1140003204346 8.7902717590332
"244" 8.44256973266602 20.1543998718262 9.16147041320801
"245" 7.72028589248657 19.9919891357422 8.49209594726562
"246" 7.48857355117798 19.0520572662354 8.44501209259033
"247" 7.71260023117065 18.5231990814209 8.63241958618164
"248" 7.72113656997681 18.5355930328369 8.63213157653809
"249" 8.36190032958984 18.6128005981445 7.85329008102417
"250" 8.75709819793701 19.3557319641113 8.12017345428467
"251" 8.35153770446777 19.3706092834473 7.79775714874268
"252" 8.29707336425781 19.429594039917 7.58102369308472
"253" 8.36122989654541 18.3334999084473 7.64023017883301
"254" 8.39330673217773 18.317102432251 7.5826735496521
"255" 9.81713676452637 19.0746059417725 8.4047155380249
"256" 9.78081035614014 19.1128005981445 7.66317987442017
"257" 9.64187622070312 19.1621589660645 7.61599159240723
"258" 8.81296539306641 19.2640209197998 7.02448701858521
"259" 8.88198852539062 19.4218444824219 6.79583215713501
"260" 9.02763557434082 18.244197845459 6.73846960067749
"261" 9.10009098052979 18.4821968078613 6.83993339538574
"262" 9.18622016906738 18.3784999847412 6.65407991409302
"263" 10.2234001159668 19.1450004577637 7.10359001159668
"264" 9.55626392364502 19.8816089630127 6.80994033813477
"265" 9.6003475189209 19.8642673492432 6.30911111831665
"266" 10.0357313156128 19.3959712982178 6.14527463912964
"267" 10.0043725967407 18.4730854034424 5.73037147521973
"268" 11.0550003051758 19.274299621582 6.70727014541626
"269" 10.7338056564331 19.2344932556152 6.35134124755859
"270" 9.89468383789062 19.677562713623 5.86305713653564
"271" 10.1481618881226 19.567346572876 5.71212720870972
"272" 10.2809658050537 19.590503692627 5.48333644866943
"273" 10.6359329223633 18.8702526092529 5.32209253311157
"274" 11.4626131057739 19.2725105285645 6.13847970962524
"275" 10.6999502182007 18.9044151306152 5.27222061157227
"276" 10.8186368942261 19.5314083099365 5.82263469696045
"277" 10.7401962280273 19.5334072113037 5.40405130386353
"278" 11.2809000015259 18.8113994598389 4.71618986129761
"279" 12.1326999664307 19.4004993438721 5.90669012069702
"280" 10.946141242981 18.5005187988281 4.79432535171509
"281" 11.2249231338501 19.3517780303955 5.38750839233398
"282" 11.3514947891235 19.7831020355225 5.06422233581543
"283" 11.9084558486938 19.5470161437988 5.27395486831665
"284" 12.2300996780396 19.4685001373291 5.58163976669312
"285" 11.03600025177 17.6131000518799 4.26997995376587
"286" 11.595929145813 19.1498260498047 4.69077062606812
"287" 12.1292533874512 19.5137767791748 4.45938110351562
"288" 12.6285972595215 19.8210411071777 4.87497138977051
"289" 11.9477996826172 17.7430992126465 3.77157998085022
"290" 11.9716634750366 18.9532241821289 4.26773595809937
"291" 12.8601779937744 19.8441543579102 4.64181327819824
"292" 13.140700340271 19.9085998535156 4.01434993743896
"293" 12.1351003646851 17.8241004943848 3.70239996910095
"294" 12.52268409729 18.9829235076904 3.97190451622009
"295" 13.0675258636475 19.8435745239258 4.44272994995117
"296" 13.1788349151611 19.8510684967041 4.66737127304077
"297" 12.4703044891357 18.2142772674561 3.64187383651733
"298" 13.0390901565552 19.5852031707764 4.04592323303223
"299" 22.0943031311035 17.4866886138916 14.5669822692871
"300" 22.305591583252 18.0130043029785 14.7662258148193
"301" 22.3733596801758 17.7234954833984 14.8358278274536
"302" 22.4652004241943 17.6622009277344 14.917799949646
"303" 22.3907585144043 17.5158920288086 14.868444442749
"304" 20.5959987640381 18.3927211761475 15.4568748474121
"305" 21.593957901001 16.9476833343506 13.9192476272583
"306" 21.6877899169922 17.7803039550781 14.1577634811401
"307" 21.7904815673828 17.7822818756104 14.2796154022217
"308" 21.6147708892822 17.6735286712646 14.0617628097534
"309" 21.6553020477295 17.0975303649902 14.0205841064453
"310" 20.3955593109131 18.2150402069092 14.481575012207
"311" 21.1532497406006 16.7632026672363 13.2433967590332
"312" 21.1554584503174 17.4493293762207 13.3576593399048
"313" 21.1930732727051 17.7716369628906 13.5171556472778
"314" 21.6039142608643 17.2826099395752 13.1961812973022
"315" 21.2073936462402 16.9233245849609 13.3216619491577
"316" 21.0208587646484 16.869255065918 13.0116605758667
"317" 19.8770790100098 17.9742794036865 13.3243255615234
"318" 20.7327556610107 16.6040802001953 12.532283782959
"319" 20.584774017334 17.4422397613525 12.6043119430542
"320" 20.5579109191895 17.6193218231201 12.6713352203369
"321" 21.0265007019043 17.1667003631592 12.1310997009277
"322" 20.3388824462891 17.6617412567139 12.4190940856934
"323" 20.5226345062256 16.7568168640137 12.1901111602783
"324" 19.1446285247803 17.8370265960693 12.4249849319458
"325" 20.3268966674805 16.5160961151123 11.8086013793945
"326" 20.153247833252 17.0825786590576 11.7482137680054
"327" 19.8288650512695 17.5939083099365 11.6352958679199
"328" 20.2610645294189 17.2438297271729 11.0288028717041
"329" 19.8392906188965 16.6469135284424 11.0763072967529
"330" 18.7905006408691 17.7770004272461 11.5304002761841
"331" 19.5735816955566 16.4433479309082 10.5527210235596
"332" 19.3708324432373 17.2594356536865 10.8241596221924
"333" 19.2286357879639 17.49631690979 10.7000827789307
"334" 19.5419216156006 16.987907409668 10.2540035247803
"335" 19.2556781768799 16.6905536651611 10.2170543670654
"336" 18.2022228240967 17.7622966766357 10.8926467895508
"337" 18.955114364624 16.547815322876 9.71445846557617
"338" 18.7444324493408 17.471248626709 9.99344921112061
"339" 18.57444190979 17.5700874328613 9.85040187835693
"340" 19.0962181091309 17.3063087463379 9.37049961090088
"341" 18.6784439086914 16.76194190979 9.40530014038086
"342" 18.4761009216309 17.0503997802734 9.3760404586792
"343" 18.2911472320557 16.9554443359375 9.01647663116455
"344" 18.240119934082 17.3019866943359 9.16228294372559
"345" 17.9066371917725 17.689245223999 9.21720314025879
"346" 18.5297260284424 17.1368427276611 8.52025890350342
"347" 18.0074138641357 16.6394748687744 8.43488025665283
"348" 17.8652324676514 17.0078620910645 8.42370223999023
"349" 17.781551361084 16.7327251434326 8.13724231719971
"350" 17.3010196685791 17.6797218322754 8.62123870849609
"351" 17.5074005126953 18.2800998687744 8.23176002502441
"352" 18.2894821166992 17.6657638549805 7.69055461883545
"353" 17.6723594665527 17.310245513916 7.74778985977173
"354" 17.3746013641357 16.7881393432617 7.56454372406006
"355" 16.411018371582 17.8243236541748 7.96977186203003
"356" 17.1731224060059 16.8000183105469 7.29691600799561
"357" 16.8245048522949 18.2304954528809 7.80539321899414
"358" 17.2305355072021 18.355863571167 7.40001535415649
"359" 17.6482925415039 17.9591693878174 6.81036138534546
"360" 17.074348449707 17.4456748962402 6.67948484420776
"361" 16.6149101257324 17.0390281677246 6.6092381477356
"362" 16.3249282836914 17.1881160736084 6.2646484375
"363" 16.3791027069092 17.3680477142334 6.40195178985596
"364" 16.5979785919189 18.5583744049072 6.63690233230591
"365" 16.4414253234863 18.4574527740479 6.79583024978638
"366" 16.7988891601562 18.3260765075684 6.00745916366577
"367" 16.4784412384033 17.9176502227783 5.8388876914978
"368" 15.7783861160278 17.5176448822021 5.69536876678467
"369" 15.869101524353 17.4636878967285 5.78378534317017
"370" 15.5830631256104 18.5938377380371 6.29000091552734
"371" 16.1382579803467 18.4657096862793 6.00363254547119
"372" 15.6893615722656 18.5846824645996 5.69811964035034
"373" 15.1983327865601 18.4645328521729 5.72843408584595
"374" 14.5797004699707 18.7346000671387 6.06384992599487
"375" 15.2466888427734 17.8764057159424 5.12048292160034
"376" 15.1611633300781 18.8319988250732 5.68812036514282
"377" 15.6005439758301 18.6462326049805 5.39919471740723
"378" 14.8593473434448 18.6704692840576 5.14583444595337
"379" 14.3407468795776 19.0562305450439 5.25702524185181
"380" 13.8569345474243 19.2963123321533 5.38908290863037
"381" 14.9063997268677 17.4241008758545 4.66765022277832
"382" 14.6442012786865 18.3210716247559 4.66004657745361
"383" 14.4390068054199 19.0326614379883 4.92617034912109
"384" 13.9844198226929 19.1282291412354 4.24801063537598
"385" 13.48952293396 19.6974716186523 4.43407106399536
"386" 13.9170122146606 17.5470962524414 3.90245127677917
"387" 14.1664791107178 18.5550060272217 4.28744602203369
"388" 13.4733371734619 19.7108535766602 4.61707067489624
"389" 13.7248010635376 17.6429557800293 3.79457640647888
"390" 13.5104675292969 19.476921081543 4.09251499176025
