"V1" "V2" "V3"
"1" 27.7465133666992 17.897253036499 8.33401012420654
"2" 27.4868 16.8953 7.8427
"3" 27.0864 15.909 7.4183
"4" 26.6304 14.9339 7.0248
"5" 26.1353 13.9385 6.7663
"6" 25.5421 13.0062 6.4773
"7" 24.8984 12.0589 6.4056
"8" 24.1987 11.1929 6.1538
"9" 23.4606 10.3186 6.1091
"10" 22.6238 9.5406 6.005
"11" 21.7647 8.7844 6.0716
"12" 20.8424 8.1066 6.1625
"13" 19.8912 7.484 6.3275
"14" 18.9062 6.9219 6.5054
"15" 17.8926 6.4192 6.7037
"16" 16.880126953125 6.15739631652832 7.16006278991699
"17" 27.73974609375 33.0390014648438 5.73547077178955
"18" 28.2907 32.7948 5.9287
"19" 28.8918 32.9825 6.121
"20" 29.4748 33.0901 6.3105
"21" 29.9659 32.7296 6.5171
"22" 30.4182 32.5702 6.4976
"23" 30.7615 33.0089 6.1949
"24" 30.8892 33.6191 5.9988
"25" 30.4845 33.8658 5.8457
"26" 29.8712 34.0488 5.7056
"27" 29.2978 34.2233 5.4484
"28" 28.7036 34.3337 5.1976
"29" 28.1781 34.0799 5.1962
"30" 27.8426 33.5924 5.3931
"31" 27.7465133666992 17.897253036499 8.33401012420654
"32" 20.4998512268066 11.2950096130371 7.05329704284668
"33" 18.972017288208 9.75476741790771 13.0892829895019
"34" 18.4313 10.6124 14.0348
"35" 18.146 11.7118 14.8176
"36" 18.188 12.9896 15.3566
"37" 18.4498 14.2593 15.8229
"38" 19.0719 15.4711 16.1071
"39" 19.824 16.6059 16.2801
"40" 20.9852 17.365 16.4071
"41" 22.1801 18.0648 16.5344
"42" 23.437 18.0693 16.0615
"43" 24.4662 17.7293 15.2005
"44" 25.1951 17.4188 14.0666
"45" 25.6891 16.8489 12.8956
"46" 26.0331 16.1837 11.7337
"47" 25.9425 15.2145 10.7484
"48" 25.6014 14.2525 9.8096
"49" 25.0436 13.1422 9.2227
"50" 24.2836 12.0278 8.9024
"51" 23.3305 11.0145 8.8548
"52" 22.3165 10.1122 9.0772
"53" 21.3234 9.4579 9.7741
"54" 20.4733 9.205 10.8208
"55" 19.7563 9.4524 11.9781
"56" 25.0156917572021 19.2565059661865 8.0710620880127
"57" 24.8141 17.7013 7.7942
"58" 24.4569 16.1621 7.5512
"59" 23.7102 14.7705 7.3428
"60" 22.7365 13.5357 7.0613
"61" 21.5449 12.4718 6.9584
"62" 20.5101 11.2677 7.0522
"63" 19.4601 10.1261 7.4314
"64" 18.0783 9.5741 7.8645
"65" 16.7791633605957 9.61547660827637 8.36511039733887
"66" 25.0156917572021 19.2565059661865 8.0710620880127
"67" 16.514762878418 7.80109214782715 12.9651222229004
"68" 16.7791633605957 9.61547660827637 8.36511039733887
"69" 16.514762878418 7.80109214782715 12.9651222229004
"70" 16.3873 9.8337 14.2583
"71" 16.4445 12.1065 15.1417
"72" 16.4103 14.4503 15.814
"73" 16.411 16.8351 16.3361
"74" 16.4527 19.1984 16.8634
"75" 16.5525 21.5178 17.6187
"76" 16.7255 23.8131 18.419
"77" 16.766 26.1384 19.155
"78" 16.8341 28.5247 19.6588
"79" 16.8624 30.953 19.7864
"80" 16.9594 33.3792 19.9781
"81" 16.9499 35.767 20.4678
"82" 16.8795 38.1264 21.0912
"83" 16.756 40.5049 21.6253
"84" 16.7202 42.9086 22.0479
"85" 16.7531 45.3162 22.4282
"86" 16.8481 47.7243 22.8084
"87" 17.0150547027588 50.1394729614258 23.1222953796387
"88" 18.1504688262939 45.9657363891602 11.5936374664307
"89" 17.0150547027588 50.1394729614258 23.1222953796387
"90" 16.880126953125 6.15739631652832 7.16006278991699
"91" 6.72386074066162 18.3549079895019 6.7106523513794
"92" 7.1617 17.2119 6.1988
"93" 7.6494 16.036 5.8256
"94" 8.1877 14.856 5.5458
"95" 8.7794 13.6797 5.3779
"96" 9.5196 12.6305 5.4444
"97" 10.2358 11.5397 5.2544
"98" 11.0163 10.4668 5.2264
"99" 11.9181 9.5095 5.4025
"100" 12.8556 8.6095 5.6728
"101" 13.8581 7.7996 5.9709
"102" 14.9457 7.087 6.2397
"103" 15.9257 6.3638 6.694
"104" 16.880126953125 6.15739631652832 7.16006278991699
"105" 6.72386074066162 18.3549079895019 6.7106523513794
"106" 13.5826797485352 11.5870704650879 6.72868728637695
"107" 14.0395441055298 9.82616710662842 12.4398574829102
"108" 14.6342 10.465 13.5905
"109" 14.8971 11.615 14.4193
"110" 14.9117 12.9154 15.0572
"111" 14.6031 14.2681 15.4768
"112" 14.0313 15.5884 15.692
"113" 13.16 16.725 15.8632
"114" 12.1358 17.7543 15.8257
"115" 11.182 18.648 15.5314
"116" 9.8938 18.5083 14.9442
"117" 9.0085 18.163 13.8526
"118" 8.4192 17.7839 12.5845
"119" 8.1346 17.1954 11.288
"120" 8.0481 16.3634 10.1143
"121" 8.2226 15.3561 9.0944
"122" 8.7073 14.2673 8.288
"123" 9.3551 13.01 7.9526
"124" 10.1498 11.7998 7.8682
"125" 11.0765 10.7085 8.101
"126" 11.9924 9.8253 8.7574
"127" 12.7251 9.4007 9.9204
"128" 13.3587 9.4246 11.2174
"129" 8.8850154876709 18.6827163696289 6.79310512542725
"130" 9.7092 17.5644 6.6266
"131" 10.1814 16.1861 6.4704
"132" 10.7871 14.8596 6.3329
"133" 11.6706 13.6869 6.3331
"134" 12.7036 12.6687 6.4651
"135" 13.6553 11.5826 6.6926
"136" 14.433 10.4272 7.1098
"137" 15.5589 9.6041 7.5453
"138" 16.7791633605957 9.61547660827637 8.36511039733887
"139" 8.8850154876709 18.6827163696289 6.79310512542725
"140" 28.0293025970459 32.9528427124023 5.49509000778198
"141" 27.9654998779297 33.0116004943848 5.43132019042969
"142" 27.9270000457764 33.0886993408203 5.39279985427856
"143" 28.3213005065918 34.0901985168457 4.10237979888916
"144" 28.3213005065918 34.0901985168457 4.10237979888916
"145" 28.278980255127 32.9665374755859 5.62920188903809
"146" 28.1965999603271 32.8190002441406 5.58540010452271
"147" 28.0811004638672 32.8960990905762 5.50835990905762
"148" 28.3213005065918 34.0901985168457 4.10237979888916
"149" 28.3213005065918 34.0901985168457 4.10237979888916
"150" 28.5434074401855 33.0415191650391 5.73948001861572
"151" 28.6503791809082 32.887580871582 5.77799987792969
"152" 28.7359008789062 33.0116004943848 5.77799987792969
"153" 28.3213005065918 34.0901985168457 4.10237979888916
"154" 29.1595993041992 34.2827987670898 5.27723979949951
"155" 28.7937412261963 33.0822868347168 5.80371952056885
"156" 28.9496116638184 33.0721702575684 5.85504007339478
"157" 28.9669990539551 33.0886993408203 5.85504007339478
"158" 29.3908004760742 33.7820014953613 5.70096015930176
"159" 29.3008995056152 34.2057991027832 5.39280986785889
"160" 29.1141548156738 33.2070922851562 5.92513132095337
"161" 29.194242477417 33.4171142578125 5.87343549728394
"162" 29.3521995544434 33.2042007446289 6.00911998748779
"163" 29.4678001403809 33.7434997558594 5.73948001861572
"164" 29.4678001403809 34.2057991027832 5.46984004974365
"165" 29.3848781585693 33.2476425170898 6.00911998748779
"166" 29.483377456665 33.427417755127 5.97060012817383
"167" 29.3521995544434 33.2042007446289 6.00911998748779
"168" 29.8530006408691 33.4738998413086 5.93207979202271
"169" 29.5062999725342 33.9746017456055 5.62391996383667
"170" 29.6804962158203 33.1146812438965 6.13788747787476
"171" 29.7539920806885 33.3219871520996 6.00911998748779
"172" 29.9300003051758 33.3582992553711 5.97060012817383
"173" 29.6989002227783 33.9746017456055 5.70096015930176
"174" 29.9091606140137 32.9684181213379 6.22414064407349
"175" 29.9418544769287 33.1653213500977 6.08616018295288
"176" 30.0184421539307 33.3364410400391 5.97060012817383
"177" 30.2446002960205 33.5508995056152 5.85504007339478
"178" 30.1302604675293 32.7769966125488 6.31322050094604
"179" 30.1818923950195 33.0608367919922 6.10586595535278
"180" 30.2766990661621 33.2428016662598 5.97060012817383
"181" 30.4307994842529 33.5894012451172 5.81652021408081
"182" 30.350040435791 32.8034858703613 6.2402400970459
"183" 30.3537998199463 33.0116004943848 6.08616018295288
"184" 30.3988037109375 33.2042007446289 5.97060012817383
"185" 30.551326751709 33.5894012451172 5.81652021408081
"186" 30.5464000701904 33.0502014160156 6.04763984680176
"187" 30.6618995666504 33.3582992553711 5.89355993270874
"188" 30.7441902160645 33.4500274658203 5.87838363647461
"189" 26.3428745269775 17.4331188201904 8.50809574127197
"190" 26.2471256256104 17.5206146240234 8.86233615875244
"191" 26.3861999511719 16.8332004547119 8.51292037963867
"192" 27.0013999938965 16.6338005065918 8.97019958496094
"193" 26.6200675964355 17.1725215911865 8.69995784759521
"194" 26.0619258880615 17.6056327819824 8.3494701385498
"195" 25.717845916748 18.1915988922119 7.99865341186523
"196" 26.7329006195068 16.157600402832 7.94830179214478
"197" 25.923999786377 16.4623184204102 8.20476150512695
"198" 26.1215000152588 16.096399307251 8.32032012939453
"199" 26.6068687438965 15.7057552337646 8.7055196762085
"200" 25.7757778167725 16.2743358612061 8.09463214874268
"201" 25.5144195556641 16.577844619751 7.71099662780762
"202" 26.3471374511719 15.1618213653564 7.53146839141846
"203" 26.0197162628174 15.1557950973511 8.08920001983643
"204" 25.3462009429932 15.3695001602173 7.97363996505737
"205" 26.4246997833252 14.6375999450684 8.43587970733643
"206" 25.3046283721924 15.2818365097046 7.94615840911865
"207" 25.1405010223389 15.5283269882202 7.61041355133057
"208" 24.8820495605469 15.7050428390503 7.43436431884766
"209" 25.9007835388184 14.2765913009644 7.32334899902344
"210" 25.578218460083 14.2568035125732 7.90007638931274
"211" 25.1713523864746 14.3829641342163 7.99299478530884
"212" 25.3847007751465 14.0294094085693 7.95740699768066
"213" 24.7624740600586 14.5401954650879 7.65955305099487
"214" 24.559907913208 14.8451709747314 7.31879997253418
"215" 25.5185585021973 13.5026760101318 7.03977584838867
"216" 25.2450065612793 13.4579057693481 7.58225965499878
"217" 24.3593616485596 13.9592809677124 7.54964351654053
"218" 24.8935375213623 13.222038269043 7.95461082458496
"219" 25.3076000213623 13.2509002685547 7.04916000366211
"220" 25.4232006072998 13.2124004364014 6.70247983932495
"221" 24.0294456481934 14.0865354537964 7.16472005844116
"222" 25.0118274688721 12.7011814117432 6.83380126953125
"223" 24.8052234649658 12.651743888855 7.26059579849243
"224" 24.3980846405029 12.6675548553467 7.80286407470703
"225" 24.0442790985107 12.4995546340942 7.81956005096436
"226" 24.5073699951172 12.2965602874756 7.27742958068848
"227" 24.6912994384766 12.1723003387451 6.50988006591797
"228" 23.4309005737305 13.3435001373291 7.04916000366211
"229" 24.3454151153564 11.8264150619507 6.72269535064697
"230" 24.0356349945068 11.7477350234985 7.28085899353027
"231" 23.3753681182861 11.9405708312988 7.66548013687134
"232" 23.690502166748 11.4411020278931 7.43436002731323
"233" 23.8822860717773 11.4017868041992 6.89508008956909
"234" 24.1905994415283 11.5174999237061 6.39432001113892
"235" 22.6159229278564 12.7322540283203 7.01064014434814
"236" 23.6041049957275 11.0081062316895 6.74100017547607
"237" 23.3311958312988 10.9633512496948 7.21798610687256
"238" 22.7048225402832 11.2504577636719 7.62696409225464
"239" 22.9378414154053 10.8631258010864 7.57052946090698
"240" 23.4304256439209 10.6417617797852 6.35580015182495
"241" 22.1875 12.0952997207642 7.04916000366211
"242" 22.9964008331299 10.1693000793457 6.08616018295288
"243" 21.840799331665 11.2477998733521 7.28028011322021
"244" 22.283971786499 10.503960609436 7.67257404327393
"245" 22.5727005004883 9.97667980194092 7.74251985549927
"246" 22.594539642334 10.0556793212891 6.87520933151245
"247" 22.7533340454102 9.92384147644043 6.06898260116577
"248" 21.3035984039307 11.3268985748291 7.08767986297607
"249" 22.3370018005371 9.54779815673828 6.16870212554932
"250" 21.1860008239746 10.6700000762939 7.39584016799927
"251" 21.5206394195557 9.75586795806885 7.75457715988159
"252" 21.7646942138672 9.32273483276367 7.04916000366211
"253" 22.0080318450928 9.21941661834717 6.2402400970459
"254" 20.5697002410889 10.6700000762939 7.16472005844116
"255" 20.2614994049072 11.0166997909546 7.08767986297607
"256" 21.4941997528076 8.82108020782471 6.31728982925415
"257" 20.4925994873047 10.2437973022461 7.39834308624268
"258" 20.8789024353027 9.33082103729248 7.99857044219971
"259" 21.0966510772705 8.77021503448486 7.08769083023071
"260" 21.0319004058838 8.47439956665039 6.39432001113892
"261" 20.0509490966797 10.3233995437622 7.31879997253418
"262" 19.7704410552979 10.207799911499 7.35731983184814
"263" 20.9164009094238 8.3588399887085 6.16319990158081
"264" 20.0688991546631 9.70703983306885 7.7039999961853
"265" 20.3243141174316 8.26275634765625 7.39105606079102
"266" 19.9533996582031 7.93512010574341 7.31879997253418
"267" 19.9533996582031 7.89659976959229 6.27875995635986
"268" 18.6436996459961 9.70703983306885 7.54992008209229
"269" 19.9918994903564 7.93512010574341 6.20172023773193
"270" 19.452600479126 9.32184028625488 7.78104019165039
"271" 19.6050243377686 8.6607551574707 8.16623973846436
"272" 19.6067008972168 7.81956005096436 7.7039999961853
"273" 19.4911003112793 7.66548013687134 7.39585018157959
"274" 18.3740005493164 9.47591972351074 7.66548013687134
"275" 18.8961658477783 9.01368045806885 7.85807991027832
"276" 19.251314163208 8.18799495697021 8.28180027008057
"277" 18.769193649292 8.53000640869141 8.20475959777832
"278" 18.2199993133545 8.9366397857666 7.97363996505737
"279" 17.6422004699707 9.05220031738281 8.0121603012085
"280" 18.9132995605469 7.35731983184814 6.93359994888306
"281" 18.7591991424561 8.9366397857666 7.89659976959229
"282" 18.7978000640869 7.28028011322021 7.66548013687134
"283" 18.3355007171631 7.04916000366211 7.66548013687134
"284" 17.6035995483398 8.97515964508057 8.05068016052246
"285" 17.6035995483398 8.08920001983643 5.62391996383667
"286" 18.1044006347656 8.89811992645264 8.0121603012085
"287" 17.9357891082764 8.08471488952637 8.60522842407227
"288" 17.5650997161865 8.0121898651123 8.82108020782471
"289" 17.4109992980957 8.05068016052246 5.66243982315063
"290" 17.6422004699707 8.74403953552246 8.24326038360596
"291" 17.4303569793701 8.44166469573975 8.71896266937256
"292" 17.3584327697754 7.35169076919556 9.06629276275635
"293" 17.7192001342773 6.5869197845459 6.89508008956909
"294" 16.3325004577637 6.54839992523193 8.0121603012085
"295" 17.3724994659424 8.20475959777832 8.89811992645264
"296" 17.2954998016357 8.47439956665039 8.82108974456787
"297" 17.2101612091064 6.43283987045288 7.712242603302
"298" 17.4496002197266 8.12771987915039 8.85960006713867
"299" 7.46322202682495 17.7250118255615 7.12236404418945
"300" 8.0121603012085 17.8348007202148 7.16472005844116
"301" 7.85807991027832 17.632848739624 7.24175977706909
"302" 7.28028011322021 17.3941135406494 7.56468057632446
"303" 7.54992008209229 17.4940853118896 7.05518293380737
"304" 8.56951522827148 17.7508945465088 6.74100017547607
"305" 7.57781028747559 16.8854274749756 6.55143308639526
"306" 8.43587970733643 16.9487991333008 6.93359994888306
"307" 8.11453437805176 16.6217575073242 7.01064014434814
"308" 7.43436002731323 16.1326808929443 7.00341606140137
"309" 8.71005058288574 16.5136260986328 6.78419923782349
"310" 9.16573238372803 16.6883773803711 6.4348669052124
"311" 7.93562173843384 15.9006547927856 6.27113342285156
"312" 8.26514625549316 15.7843265533447 6.80139112472534
"313" 8.8989953994751 15.8797969818115 6.8171648979187
"314" 7.81956005096436 15.1768999099731 6.94943571090698
"315" 9.00158214569092 15.604567527771 6.79161739349365
"316" 9.39939022064209 15.6493053436279 6.39380931854248
"317" 9.88341999053955 15.5815324783325 6.2402400970459
"318" 8.3560152053833 14.9486227035522 6.04062843322754
"319" 8.69638633728027 14.6889019012451 6.69334650039673
"320" 9.18840885162354 14.7161960601807 6.85656023025513
"321" 8.32032012939453 14.0598001480103 6.733314037323
"322" 8.7055196762085 14.3211326599121 6.03932905197144
"323" 8.7055196762085 14.1367998123169 5.70096015930176
"324" 10.4277992248535 14.5203256607056 6.20172023773193
"325" 8.77577877044678 14.0859470367432 5.87441921234131
"326" 9.05220031738281 13.8102369308472 6.34355640411377
"327" 9.68332576751709 13.4886560440063 6.89508008956909
"328" 9.51443958282471 13.1298007965088 6.48711776733398
"329" 9.39888000488281 12.9427003860474 5.70096015930176
"330" 10.82594871521 13.7662305831909 6.20172023773193
"331" 10.7470998764038 13.5975999832153 6.27875995635986
"332" 10.7470998764038 13.4049997329712 6.39433002471924
"333" 10.2794733047485 12.5802688598633 6.85656023025513
"334" 10.0151996612549 12.1723003387451 5.97060012817383
"335" 10.0537004470825 12.0567998886108 5.85504007339478
"336" 11.5714406967163 13.0783863067627 6.27875995635986
"337" 11.3634004592896 12.7501001358032 6.39432001113892
"338" 11.3982515335083 12.5226488113403 6.50988006591797
"339" 10.9489707946777 11.8199729919434 6.89513206481934
"340" 11.2485198974609 11.9760990142822 6.82417249679565
"341" 10.7086000442505 11.2477998733521 6.04763984680176
"342" 12.1337995529175 12.4034004211426 6.39432001113892
"343" 10.8626003265381 10.8240995407104 5.5468897819519
"344" 12.0482759475708 11.8727159500122 6.5869197845459
"345" 11.4685277938843 11.15540599823 6.97211980819702
"346" 11.2477998733521 10.5544996261597 6.16320991516113
"347" 11.2863998413086 10.3233995437622 5.66243982315063
"348" 12.9041996002197 11.7101001739502 6.54839992523193
"349" 11.5313673019409 10.1554327011108 5.97059679031372
"350" 12.5574998855591 11.1708002090454 6.818039894104
"351" 11.9799489974976 10.4303369522095 7.0793285369873
"352" 11.8445911407471 10.0347833633423 6.54649925231934
"353" 11.9681558609009 9.71859073638916 6.20172786712646
"354" 13.2124004364014 10.9012002944946 6.77952003479004
"355" 13.5590000152588 10.9012002944946 6.74100017547607
"356" 12.1913270950317 9.34135055541992 5.70096254348755
"357" 13.289400100708 10.4004001617432 7.04916000366211
"358" 12.6545248031616 9.66067028045654 7.33877515792847
"359" 12.6342849731445 9.2065601348877 6.87122297286987
"360" 12.7502002716064 8.89809036254883 6.31729984283447
"361" 13.8485488891602 10.207799911499 7.1262001991272
"362" 14.5220003128052 10.1693000793457 7.1262001991272
"363" 12.9427003860474 8.7055196762085 6.31727981567383
"364" 13.7902002334595 9.78407955169678 7.39584016799927
"365" 13.3087472915649 9.05309963226318 7.66548013687134
"366" 13.3945770263672 8.44629573822021 7.01064014434814
"367" 13.4434995651245 8.32032012939453 6.77952003479004
"368" 14.8687000274658 9.82260036468506 7.31879997253418
"369" 13.5590000152588 8.12771987915039 6.2402400970459
"370" 14.3505878448486 9.39888858795166 7.51140022277832
"371" 13.8481760025024 8.58993244171143 7.83904647827148
"372" 13.8966789245605 7.98267412185669 7.01064920425415
"373" 14.2909002304077 7.62695980072021 6.70247983932495
"374" 15.6391000747681 9.43739986419678 7.54992008209229
"375" 14.9726238250732 9.05220031738281 7.66548013687134
"376" 14.9071998596191 9.05220031738281 7.66548013687134
"377" 14.1753997802734 7.81956005096436 7.16472005844116
"378" 15.0998001098633 7.16472005844116 7.28028011322021
"379" 15.8317003250122 8.82108020782471 8.0121603012085
"380" 15.9816999435425 8.93360042572021 7.94425010681152
"381" 14.8302001953125 7.31879997253418 6.62544012069702
"382" 15.5742168426514 9.00546741485596 7.78926181793213
"383" 15.7931995391846 8.85960006713867 7.93512010574341
"384" 15.7006072998047 8.18479251861572 8.51735401153564
"385" 16.1893787384033 8.41328811645508 8.85465717315674
"386" 15.6391000747681 6.818039894104 6.81804990768433
"387" 15.8702001571655 8.85960006713867 7.97363996505737
"388" 16.0002670288086 7.83542060852051 8.92108154296875
"389" 15.9857997894287 6.58690977096558 7.20324993133545
"390" 17.4496002197266 8.0121603012085 8.89811992645264
