"V1" "V2" "V3"
"1" 22.6289596557617 7.69017648696899 51.2406234741211
"2" 21.7611 7.4121 50.2739
"3" 20.7198 6.8326 49.681
"4" 19.5956 6.2546 49.2538
"5" 18.4151 5.748 48.8846
"6" 17.2478 5.1775 48.5786
"7" 16.033 4.6595 48.3921
"8" 14.8313 4.0797 48.3575
"9" 13.5725 3.6441 48.4079
"10" 12.2926 3.3374 48.6295
"11" 11.0773 2.9119 48.9727
"12" 9.8219 2.6741 49.3517
"13" 8.5066 2.6299 49.548
"14" 7.1804 2.5573 49.6663
"15" 5.902 2.8336 49.7835
"16" 4.65323352813721 3.29703140258789 49.7784843444824
"17" 30.2635555267334 20.7111206054688 46.812671661377
"18" 31.0323 20.088 46.9826
"19" 32.0252 19.7518 47.06
"20" 32.784 19.0719 47.1581
"21" 33.3822 18.2128 47.0594
"22" 34.0421 17.52 46.7886
"23" 34.9103 17.6835 46.33
"24" 35.3208 18.3543 45.7164
"25" 34.8842 19.1506 45.4535
"26" 34.1829 19.8182 45.8387
"27" 33.5153 20.5767 46.051
"28" 32.7028 21.1818 45.7727
"29" 31.7951 21.5616 45.8786
"30" 30.8506 21.2971 46.2071
"31" 22.6289596557617 7.69017648696899 51.2406234741211
"32" 13.8738822937012 9.41619110107422 50.4877777099609
"33" 13.6363458633423 8.23479652404785 62.047664642334
"34" 14.8384 9.0699 62.53
"35" 16.3152 9.4623 62.8112
"36" 17.8744 9.533 62.8079
"37" 19.3727 9.522 62.383
"38" 20.766 9.4234 61.6845
"39" 21.9153 9.4594 60.6438
"40" 22.5064 8.979 59.2845
"41" 22.6034 8.4879 57.8163
"42" 22.3243 7.9662 56.3818
"43" 21.5576 7.239 55.2317
"44" 20.5681 6.436 54.3316
"45" 19.4887 5.6644 53.5025
"46" 18.1123 5.0478 53.0993
"47" 16.6372 4.594 53.0559
"48" 15.1349 4.2506 53.3215
"49" 13.7097 4.0781 53.9264
"50" 12.6226 4.159 55.0097
"51" 12.0876 4.2434 56.4691
"52" 11.68 4.4465 57.9502
"53" 11.6311 5.0745 59.3739
"54" 12.0149 6.0785 60.4795
"55" 12.7743 7.1358 61.3399
"56" 20.749210357666 11.6962862014771 51.8230972290039
"57" 19.4408 10.5893 51.2217
"58" 17.7263 10.1573 50.7838
"59" 15.9567 9.7351 50.6536
"60" 14.2056 9.2431 50.4702
"61" 12.4344 8.8103 50.364
"62" 10.7111 8.2752 50.4895
"63" 9.1838 7.28 50.4494
"64" 7.9079 6.1878 50.8531
"65" 6.71040153503418 6.05820560455322 51.8889770507812
"66" 20.749210357666 11.6962862014771 51.8230972290039
"67" 4.95915603637695 4.30859375 57.2197494506836
"68" 6.71040153503418 6.05820560455322 51.8889770507812
"69" 4.95915603637695 4.30859375 57.2197494506836
"70" 5.9863 5.4492 59.095
"71" 7.2543 7.2453 60.431
"72" 8.672 9.0439 61.5903
"73" 9.9568 11.1121 62.4028
"74" 11.3328 13.0848 63.3352
"75" 12.7639 15.1013 64.0578
"76" 14.179 17.2056 64.5299
"77" 15.6996 19.2486 64.9416
"78" 17.1289 21.3496 65.388
"79" 18.5734 23.4288 65.8121
"80" 20.0395 25.5015 66.1667
"81" 21.5341 27.5818 66.4702
"82" 22.9726 29.6894 66.8454
"83" 24.5525 31.6801 67.2818
"84" 26.071 33.7322 67.645
"85" 27.695 35.7216 67.8982
"86" 29.2571 37.6605 67.4109
"87" 30.7313766479492 39.6853828430176 66.8489685058594
"88" 30.1110572814941 37.3675918579102 51.6527786254883
"89" 30.7313766479492 39.6853828430176 66.8489685058594
"90" 4.65323352813721 3.29703140258789 49.7784843444824
"91" 3.9797739982605 21.4827690124512 50.1715927124023
"92" 3.8926 20.3163 49.2446
"93" 3.6955 18.9422 48.6831
"94" 3.4828 17.5063 48.3189
"95" 3.2419 16.0467 48.0722
"96" 3.1172 14.5534 48.0306
"97" 2.9448 13.0705 47.9002
"98" 2.8308 11.5897 47.9904
"99" 2.8181 10.1437 48.3894
"100" 2.8296 8.7665 48.9811
"101" 2.9375 7.3023 49.2423
"102" 3.1669 5.8284 49.4094
"103" 3.7448 4.4806 49.6886
"104" 4.65323352813721 3.29703140258789 49.7784843444824
"105" 3.9797739982605 21.4827690124512 50.1715927124023
"106" 8.11698818206787 13.7039012908936 50.1540412902832
"107" 6.50532913208008 14.7778120040894 62.0769157409668
"108" 6.6948 16.3591 62.3678
"109" 6.4847 17.9491 62.4816
"110" 6.0693 19.43 62.033
"111" 5.6356 20.6632 61.114
"112" 5.303 21.6853 59.8999
"113" 4.8517 22.0816 58.4185
"114" 4.3206 22.0125 56.9072
"115" 3.9256 21.4125 55.4574
"116" 3.5699 20.4447 54.2114
"117" 3.2399 19.1322 53.3213
"118" 2.951 17.6592 52.725
"119" 2.7046 16.1039 52.39
"120" 2.5943 14.4956 52.4536
"121" 2.632 12.9629 52.9256
"122" 2.7899 11.6161 53.8129
"123" 3.1995 11.0526 55.2422
"124" 3.3731 10.803 56.823
"125" 3.7091 10.68 58.4044
"126" 4.2162 11.2885 59.7688
"127" 5.0504 12.198 60.7923
"128" 5.8287 13.4304 61.4803
"129" 8.1035737991333 21.1749782562256 51.141716003418
"130" 7.9422 19.5153 50.4384
"131" 7.8314 17.7082 50.2011
"132" 7.8271 15.8822 50.0753
"133" 7.9834 14.0663 50.0615
"134" 8.0232 12.2381 50.1323
"135" 7.9831 10.4766 50.3746
"136" 7.2424 8.894 50.7922
"137" 6.6024 7.3654 50.6853
"138" 6.71040153503418 6.05820560455322 51.8889770507812
"139" 8.1035737991333 21.1749782562256 51.141716003418
"140" 30.824577331543 20.6764888763428 46.5671844482422
"141" 30.9367389678955 21.0635032653809 46.2292175292969
"142" 31.0407981872559 21.1102905273438 46.1555480957031
"143" 31.5093727111816 21.3097686767578 45.9788551330566
"144" 31.9678020477295 21.3940715789795 45.8841590881348
"145" 31.4473991394043 20.328800201416 46.5195007324219
"146" 31.4473991394043 20.328800201416 46.5195007324219
"147" 31.4544296264648 20.4027671813965 46.4983863830566
"148" 31.9114570617676 21.0395050048828 46.055305480957
"149" 32.7103996276855 21.1655006408691 45.7692985534668
"150" 31.4473991394043 20.328800201416 46.5195007324219
"151" 31.5835838317871 20.3282661437988 46.5053672790527
"152" 31.676700592041 20.3278999328613 46.4957008361816
"153" 32.228874206543 20.9460525512695 46.0742263793945
"154" 32.8039779663086 21.0827770233154 45.8231925964355
"155" 31.6911067962646 20.3048553466797 46.5329780578613
"156" 31.676700592041 20.3278999328613 46.4957008361816
"157" 32.4071311950684 20.3092174530029 46.5512199401855
"158" 32.9115562438965 20.6686229705811 46.1436462402344
"159" 33.1854705810547 20.7237854003906 45.9942588806152
"160" 32.1725120544434 19.8683776855469 46.962459564209
"161" 32.5955619812012 20.0352554321289 46.7296943664551
"162" 32.7815780639648 20.0537662506104 46.6545066833496
"163" 33.3730926513672 20.1624526977539 46.3201789855957
"164" 33.7092132568359 20.2378368377686 45.9955673217773
"165" 32.7609481811523 19.1085319519043 47.0763740539551
"166" 33.0421104431152 19.4059467315674 46.8973159790039
"167" 33.3540191650391 19.6303405761719 46.6453437805176
"168" 33.9440422058105 19.9060668945312 45.9482040405273
"169" 33.912467956543 19.9940128326416 45.9213523864746
"170" 33.0088233947754 18.8937931060791 46.9863052368164
"171" 33.3449554443359 18.9172878265381 46.8370971679688
"172" 33.9207611083984 19.3734874725342 46.2508583068848
"173" 34.0754432678223 19.7537117004395 45.8779602050781
"174" 33.3215827941895 18.5800170898438 46.9057426452637
"175" 33.6048278808594 18.7464866638184 46.7045364379883
"176" 33.9304237365723 18.9352569580078 46.3859558105469
"177" 34.2982025146484 19.4252586364746 45.8186531066895
"178" 33.6151885986328 18.294225692749 46.7935943603516
"179" 34.0160598754883 18.3317031860352 46.4739875793457
"180" 34.2679061889648 18.7186698913574 46.1489524841309
"181" 34.659366607666 19.0739402770996 45.636058807373
"182" 34.3503875732422 17.7835960388184 46.1359786987305
"183" 34.3554000854492 17.8257999420166 46.1053009033203
"184" 34.5847244262695 18.18092918396 45.9500961303711
"185" 34.9326248168945 18.7803325653076 45.4980506896973
"186" 34.4638366699219 17.7809314727783 46.0971527099609
"187" 34.6773452758789 18.0750637054443 45.8960380554199
"188" 35.0075798034668 18.3199024200439 45.696475982666
"189" 21.7408905029297 7.7218165397644 51.5761222839355
"190" 21.6350631713867 8.03781890869141 52.1442375183105
"191" 21.0801277160645 8.24344635009766 52.3407669067383
"192" 20.9257049560547 8.65444755554199 52.4368934631348
"193" 20.6606578826904 9.33294105529785 52.2981643676758
"194" 20.5570278167725 9.63632297515869 52.0045127868652
"195" 20.6801109313965 10.7053251266479 51.8657646179199
"196" 20.3971118927002 7.17852926254272 50.8179473876953
"197" 20.498649597168 7.42411518096924 51.5300178527832
"198" 20.2987270355225 7.71620607376099 51.8866920471191
"199" 19.9556484222412 8.27935886383057 51.8859786987305
"200" 19.7613162994385 9.02943325042725 51.5515174865723
"201" 19.5980987548828 9.09885883331299 51.5073661804199
"202" 19.464786529541 6.65597724914551 50.418342590332
"203" 19.5050601959229 6.80322504043579 50.9266357421875
"204" 19.1623706817627 7.65531206130981 51.4374160766602
"205" 19.3834953308105 7.36413049697876 51.4907913208008
"206" 19.0363616943359 8.38802909851074 51.1048278808594
"207" 18.9934005737305 8.4697904586792 51.0614013671875
"208" 18.4314002990723 9.745849609375 50.8827018737793
"209" 18.6307010650635 6.23920869827271 50.1686058044434
"210" 18.4771022796631 6.43188428878784 50.81396484375
"211" 18.4842853546143 6.89317035675049 51.1315803527832
"212" 18.3064594268799 7.22588443756104 51.109748840332
"213" 18.1350345611572 8.2733268737793 50.862548828125
"214" 18.2721900939941 8.20578384399414 50.799243927002
"215" 17.80078125 5.81746101379395 49.9353485107422
"216" 17.6423645019531 5.92010879516602 50.4633598327637
"217" 17.3654556274414 6.87460565567017 50.8929443359375
"218" 17.5840816497803 6.30367565155029 50.8226165771484
"219" 17.4648666381836 7.56790685653687 50.5597915649414
"220" 17.4407997131348 7.84083986282349 50.4771003723145
"221" 17.2350997924805 9.37977027893066 50.6380004882812
"222" 17.052677154541 5.24543142318726 49.3175354003906
"223" 15.9970378875732 6.87984275817871 50.3606567382812
"224" 16.2074546813965 6.49291181564331 50.7243385314941
"225" 16.3629856109619 6.15170621871948 51.090648651123
"226" 16.4906959533691 6.87027406692505 50.6242485046387
"227" 16.5964012145996 7.5288782119751 50.3571853637695
"228" 16.5447006225586 9.07240962982178 50.5786018371582
"229" 15.8827095031738 4.72964763641357 49.1330032348633
"230" 14.976692199707 6.38839244842529 50.4224815368652
"231" 15.2041883468628 6.02946615219116 50.6580772399902
"232" 15.4835796356201 5.60581207275391 50.7289581298828
"233" 15.5215253829956 6.85261917114258 50.2409286499023
"234" 16.0093994140625 7.35855007171631 50.2882995605469
"235" 15.9609603881836 8.96320343017578 50.5497894287109
"236" 14.7345104217529 4.247398853302 49.1081848144531
"237" 14.128475189209 6.10813045501709 50.4600410461426
"238" 14.1330461502075 5.83176565170288 50.6268615722656
"239" 14.4934282302856 5.59241628646851 50.7518501281738
"240" 14.8495626449585 6.85730123519897 50.187442779541
"241" 15.1604995727539 8.72679042816162 50.4439010620117
"242" 13.6386470794678 3.81367492675781 48.6811981201172
"243" 13.0253753662109 5.95824527740479 50.3570098876953
"244" 13.1040773391724 5.61393594741821 50.5953254699707
"245" 13.395149230957 5.68325281143188 51.3939590454102
"246" 13.6263971328735 6.20427322387695 50.2472724914551
"247" 14.0832996368408 6.64675998687744 50.1969985961914
"248" 13.7440004348755 8.48060989379883 50.3787994384766
"249" 12.5216722488403 3.48777341842651 49.1378707885742
"250" 12.0044012069702 5.35021305084229 50.6211471557617
"251" 12.1711149215698 4.82497882843018 50.8211135864258
"252" 12.3984041213989 5.36595106124878 50.6334648132324
"253" 12.4563407897949 6.14835405349731 50.3086318969727
"254" 12.6182870864868 8.06010341644287 50.304515838623
"255" 12.5821599960327 8.76594161987305 50.3127899169922
"256" 11.1268787384033 3.34958863258362 49.9603614807129
"257" 10.8965892791748 4.98564100265503 50.8888816833496
"258" 11.2744379043579 4.57819414138794 51.7689628601074
"259" 11.2886018753052 4.89101123809814 50.8576736450195
"260" 11.0591564178467 5.60983800888062 50.5358238220215
"261" 11.8195552825928 5.92981815338135 50.351921081543
"262" 10.980299949646 7.93594980239868 50.4618988037109
"263" 10.1279582977295 2.9172785282135 49.6366996765137
"264" 10.2737197875977 4.68539762496948 51.5346832275391
"265" 10.1848459243774 3.91925239562988 51.2461967468262
"266" 9.79659271240234 5.03059482574463 51.0586967468262
"267" 9.89943504333496 5.34436464309692 50.8424377441406
"268" 8.81836986541748 6.82070016860962 50.4196014404297
"269" 8.83150959014893 2.85453748703003 49.9836692810059
"270" 9.45197868347168 3.62055540084839 51.621337890625
"271" 9.08463668823242 4.03314304351807 51.5519142150879
"272" 9.01070690155029 4.29289102554321 51.523494720459
"273" 8.96542930603027 4.65618753433228 51.4241371154785
"274" 8.10173988342285 6.13737010955811 50.6557998657227
"275" 8.18306636810303 3.21499061584473 51.0358123779297
"276" 8.51831436157227 4.135986328125 51.7259788513184
"277" 8.55053806304932 4.02559185028076 51.7051582336426
"278" 7.79551935195923 5.04878091812134 51.6286315917969
"279" 7.65750455856323 5.94144153594971 51.0743827819824
"280" 7.73615121841431 2.87994909286499 50.3067893981934
"281" 7.68961191177368 3.44703316688538 51.7851028442383
"282" 7.62370347976685 3.88374853134155 51.9907417297363
"283" 6.88998126983643 3.39189219474792 51.6481246948242
"284" 6.89950656890869 5.31869220733643 52.0643653869629
"285" 6.49692106246948 2.95431971549988 50.2178268432617
"286" 7.60628986358643 4.71776008605957 51.9084014892578
"287" 6.33830976486206 4.17155742645264 52.348030090332
"288" 6.27609252929688 4.66689538955688 52.6020240783691
"289" 5.71873044967651 3.18447256088257 50.3832588195801
"290" 6.43965911865234 4.76664066314697 52.368824005127
"291" 6.1695237159729 4.86250734329224 52.7504043579102
"292" 5.68735504150391 4.82832765579224 52.7258567810059
"293" 5.29566955566406 3.52849507331848 50.7509574890137
"294" 5.64449071884155 3.76307797431946 51.8040351867676
"295" 5.79264450073242 4.65817975997925 52.7020454406738
"296" 5.92511701583862 5.22680807113647 52.7740631103516
"297" 5.29276180267334 3.66907548904419 51.0134010314941
"298" 5.40611267089844 4.35315608978271 52.321605682373
"299" 4.29852962493896 20.6375179290771 50.5067939758301
"300" 4.47378921508789 20.6081447601318 51.0880279541016
"301" 4.85939979553223 20.4622249603271 51.4619064331055
"302" 5.61179780960083 20.4014873504639 51.6068077087402
"303" 6.1907525062561 20.1056671142578 51.2064743041992
"304" 7.41037130355835 20.3400936126709 50.8349990844727
"305" 4.18008852005005 19.5281753540039 50.0255584716797
"306" 4.3338623046875 19.3341770172119 50.6244087219238
"307" 4.66304349899292 19.2606372833252 51.0081825256348
"308" 4.28989362716675 19.4278182983398 50.2526359558105
"309" 5.92846393585205 19.0841979980469 50.6046524047852
"310" 7.28566455841064 19.1366958618164 50.4480667114258
"311" 3.93987989425659 18.0604000091553 49.5634002685547
"312" 4.09358596801758 18.1032752990723 50.0900764465332
"313" 4.54074001312256 17.917552947998 50.5227432250977
"314" 4.8493218421936 18.1262531280518 50.6289901733398
"315" 5.70413827896118 18.1548690795898 50.3624649047852
"316" 5.89653635025024 18.0883522033691 50.1629219055176
"317" 7.28649997711182 17.8283729553223 50.1693572998047
"318" 3.51968598365784 17.3036499023438 48.7070503234863
"319" 4.04069089889526 16.6539344787598 50.0269927978516
"320" 4.29098653793335 16.5313854217529 50.1680564880371
"321" 4.10067224502563 16.6975402832031 50.0762825012207
"322" 5.32832479476929 16.9112319946289 49.9641761779785
"323" 5.72113704681396 16.9915733337402 49.8566246032715
"324" 7.2563533782959 16.3543815612793 50.0116539001465
"325" 3.58121371269226 15.8899068832397 49.2224960327148
"326" 4.92596244812012 15.4093246459961 50.0097427368164
"327" 4.29870653152466 14.9848308563232 50.115291595459
"328" 4.62093162536621 15.2414283752441 50.1018753051758
"329" 5.58559322357178 15.4765148162842 49.6670455932617
"330" 7.03309726715088 16.0265369415283 49.9738082885742
"331" 3.35727953910828 14.1181859970093 49.1062126159668
"332" 4.81006765365601 14.0451393127441 50.0866622924805
"333" 4.29284572601318 13.7810707092285 50.2444648742676
"334" 5.17058849334717 14.3645429611206 49.7926483154297
"335" 5.51722431182861 14.530216217041 49.6280708312988
"336" 7.46072006225586 15.0432996749878 49.9636993408203
"337" 3.23715400695801 12.931040763855 49.131046295166
"338" 4.90448999404907 12.9148349761963 50.0032348632812
"339" 4.64706707000732 12.6471834182739 50.1566314697266
"340" 4.91489410400391 13.1144227981567 50.0370559692383
"341" 6.00724220275879 13.6680879592896 50.089973449707
"342" 7.03649997711182 14.042799949646 50.0040016174316
"343" 2.97333002090454 11.995400428772 48.3496017456055
"344" 4.67523908615112 11.8327713012695 50.1094284057617
"345" 4.5313982963562 11.7266454696655 50.9570007324219
"346" 5.09880304336548 12.3387784957886 49.862735748291
"347" 5.61413383483887 12.5373420715332 49.9737968444824
"348" 7.46819019317627 13.3332004547119 49.9989013671875
"349" 3.01987671852112 10.9373655319214 49.1811447143555
"350" 4.53800964355469 10.804783821106 50.2915077209473
"351" 4.14256000518799 10.8642644882202 51.440128326416
"352" 4.12695741653442 11.0910873413086 50.3649711608887
"353" 5.46043729782104 11.2643766403198 50.1131973266602
"354" 6.04210376739502 11.581335067749 50.2827339172363
"355" 7.39799308776855 11.5832443237305 50.1645317077637
"356" 2.96197175979614 9.53232574462891 49.3100624084473
"357" 4.39404916763306 9.64570236206055 50.6700248718262
"358" 3.9699535369873 9.6948413848877 51.5290107727051
"359" 3.86355996131897 9.75932025909424 51.2256698608398
"360" 5.21546268463135 9.92336082458496 50.2872009277344
"361" 5.48559999465942 9.97278022766113 50.2137985229492
"362" 7.36877012252808 9.92564010620117 50.4524993896484
"363" 3.33522772789001 8.06240940093994 50.3593292236328
"364" 3.6782238483429 8.54281139373779 51.6753387451172
"365" 3.96537137031555 8.53652667999268 51.5702667236328
"366" 4.14709424972534 8.63417148590088 51.4881973266602
"367" 4.92149448394775 8.6818790435791 50.8723258972168
"368" 6.34425687789917 7.93585777282715 50.801139831543
"369" 3.27203226089478 7.3930230140686 50.1740264892578
"370" 3.8478627204895 7.4882230758667 51.3736267089844
"371" 3.96230816841125 7.84794187545776 51.7968482971191
"372" 4.48626852035522 7.64024114608765 51.4862060546875
"373" 4.87853050231934 7.6602988243103 51.4156227111816
"374" 6.47130346298218 7.02096700668335 50.8870811462402
"375" 3.58766841888428 6.37795448303223 50.6354598999023
"376" 4.07033920288086 6.72329664230347 51.7235145568848
"377" 4.03035306930542 7.020188331604 52.0498580932617
"378" 3.9691436290741 5.81607151031494 51.3589820861816
"379" 4.73630809783936 5.42940759658813 52.214714050293
"380" 5.19615507125854 5.38066530227661 52.3610534667969
"381" 3.59524011611938 5.8218297958374 50.0956001281738
"382" 4.03423023223877 5.62432336807251 51.3937149047852
"383" 4.74659109115601 5.83937549591064 52.2130966186523
"384" 5.06118535995483 5.22383832931519 52.5370674133301
"385" 5.75425004959106 4.96727752685547 52.7460746765137
"386" 4.13629007339478 4.70979022979736 50.3964996337891
"387" 4.34911632537842 5.07000684738159 51.6640853881836
"388" 5.68688344955444 5.1866626739502 52.7642211914062
"389" 4.38156890869141 4.39520597457886 50.6854667663574
"390" 5.30703735351562 4.64499425888062 52.3377227783203
