"V1" "V2" "V3"
"1" 74086.28125 56089.0390625 12376.49609375
"2" 72138.3216 52481.4196 12605.1399
"3" 70218.723 48865.9428 12639.6327
"4" 68076.1928 45365.1267 12415.4225
"5" 65933.6627 41864.3106 12191.2123
"6" 64094.0664 38222.3212 12217.6423
"7" 62590.7247 34610.264 13405.8362
"8" 60716.2166 31052.1824 14065.6463
"9" 58606.0124 27607.2152 14747.4746
"10" 56750.6843 24052.3932 15318.6546
"11" 54692.2166 20595.306 15911.9381
"12" 52685.0657 17216.2408 17115.9657
"13" 50677.9149 13837.1755 18319.9932
"14" 48660.3028 10466.3877 19510.2316
"15" 45313.1474 8147.5875 18947.972
"16" 41413.3515625 7267.3984375 18018.47265625
"17" 70807.171875 95110.8671875 5227.919921875
"18" 72999.987 93737.509 5184.1993
"19" 75659.4311 93930.5377 5138.8385
"20" 78187.8329 93882.4602 4667.3905
"21" 80623.2912 93056.7125 4202.7419
"22" 83026.26 92906.0935 3440.4105
"23" 85179.3194 94091.5915 2562.7381
"24" 85324.5779 96387.7516 1841.5814
"25" 83319.8081 98101.6664 1657.5393
"26" 80739.6861 98740.8001 1897.086
"27" 78379.0337 99471.8983 2850.7796
"28" 75906.5585 99599.4331 3826.9335
"29" 73336.7351 98927.2942 3849.064
"30" 71217.5705 97566.19 4265.7001
"31" 74086.28125 56089.0390625 12376.49609375
"32" 51673.84375 37062.34375 25582.857421875
"33" 59242.0703125 32251.904296875 40410.79296875
"34" 59768.6199 34602.9132 44544.0739
"35" 60499.6872 37911.4459 47906.6438
"36" 62176.6296 41615.0057 50417.5307
"37" 63905.8604 45687.6065 52110.9504
"38" 65685.308 49897.9425 53503.8732
"39" 69074.1131 53161.2198 53542.1505
"40" 72778.9442 56163.1952 53226.4689
"41" 76136.7993 59316.8212 52141.7587
"42" 78377.3096 62819.6611 49965.6801
"43" 80361.0191 64966.7362 46295.8185
"44" 81579.8492 64552.7102 41724.7284
"45" 81832.9711 63329.2605 37128.209
"46" 81685.0191 61474.541 32725.1807
"47" 79981.5705 59212.5475 28988.502
"48" 77353.7094 55682.4345 27264.6624
"49" 74340.2679 52177.5639 26082.6917
"50" 71188.2253 48625.9611 25581.1806
"51" 69006.8625 44555.6801 26636.5108
"52" 66976.4333 40503.6713 27946.0896
"53" 64070.03 36961.2769 28835.324
"54" 61631.0604 34227.4228 31854.1749
"55" 59834.6437 32156.5065 35659.2702
"56" 61358.8359375 57348.63671875 23929.84765625
"57" 60118.9661 54050.2751 24663.5463
"58" 58808.6153 50666.3366 24893.158
"59" 57177.2797 47387.8066 25150.216
"60" 55694.7015 44100.6877 25272.6219
"61" 54019.3576 40886.4769 24992.831
"62" 52107.4971 37798.5184 25204.888
"63" 50223.5734 34717.643 25047.124
"64" 47314.7736 33207.9846 26239.1028
"65" 43748.29296875 33026.1328125 26808.15625
"66" 61358.8359375 57348.63671875 23929.84765625
"67" 44635.5234375 24701.296875 43201.19140625
"68" 43748.29296875 33026.1328125 26808.15625
"69" 44635.5234375 24701.296875 43201.19140625
"70" 45173.9941 28624.9351 47959.9495
"71" 45789.6177 33977.7205 51163.4551
"72" 46257.6168 39814.3625 53471.2814
"73" 47006.3004 45641.1013 55753.6613
"74" 47726.4777 51460.2035 58052.1937
"75" 48123.6184 57539.0124 59631.224
"76" 49393.2079 63428.7679 61416.6929
"77" 50162.5241 69333.341 63447.071
"78" 50615.3768 75425.9341 64990.9966
"79" 51071.9216 81691.9455 65470.7723
"80" 50692.307 87944.6478 65406.1797
"81" 51359.3667 94157.6946 65372.6485
"82" 51773.865 100436.3932 65267.7667
"83" 52061.8894 106713.4656 64769.982
"84" 52149.5288 112990.448 64239.7452
"85" 52086.1168 119178.8979 63048.0932
"86" 52995.3705 125161.8226 61499.3568
"87" 53998.34375 130247.578125 58008.72265625
"88" 48920.73046875 115497.1875 26991.896484375
"89" 53998.34375 130247.578125 58008.72265625
"90" 41413.3515625 7267.3984375 18018.47265625
"91" 15680.06640625 59569.6953125 19397.84765625
"92" 17322.436 55404.9285 18207.3928
"93" 18677.765 50994.8693 17893.0664
"94" 20091.7079 46432.0533 17880.6781
"95" 21478.6187 41905.1352 18434.9805
"96" 23305.7347 37527.4903 18662.2554
"97" 25044.8879 33108.139 19002.602
"98" 26790.969 28650.3431 18993.0332
"99" 28526.6034 24188.0229 18966.0148
"100" 30262.2378 19725.7026 18938.9965
"101" 31997.8722 15263.3824 18911.9782
"102" 33733.5066 10801.0622 18884.9598
"103" 37259.7192 8091.0403 19238.7559
"104" 41413.3515625 7267.3984375 18018.47265625
"105" 15680.06640625 59569.6953125 19397.84765625
"106" 35907.765625 38448.9609375 27387.412109375
"107" 30499.01171875 33972.50390625 41842.1796875
"108" 31317.7129 36318.1478 46064.9787
"109" 31219.9741 39626.0285 49509.9226
"110" 31100.1274 43168.5796 52835.1617
"111" 30788.4735 47265.4173 55438.3934
"112" 29810.8271 51811.3177 56811.7597
"113" 26695.0198 55525.6996 57379.3994
"114" 23430.0377 59141.0526 57901.6006
"115" 20208.8352 62783.8283 57519.7118
"116" 17634.5696 66286.5886 55387.4238
"117" 15349.9948 67846.2753 51446.2962
"118" 13084.8671 67420.8718 47199.9213
"119" 12067.7313 65660.1661 42784.0399
"120" 11971.8911 63558.4783 38361.0358
"121" 12916.6247 60429.1461 34785.7613
"122" 15219.5552 56534.1761 32975.5862
"123" 17714.7063 52472.0156 31883.3461
"124" 19918.3953 48270.4674 30897.7935
"125" 21919.9174 43818.6788 30658.8546
"126" 23996.2262 39535.3612 31742.3552
"127" 26141.7627 35774.6985 33935.8635
"128" 28406.4307 33593.485 37424.9008
"129" 30757.146484375 60121.37890625 27814.0703125
"130" 30989.5173 56349.1498 28022.8926
"131" 31310.2631 52547.0376 28002.7025
"132" 31569.317 48846.2954 27814.2172
"133" 32101.3026 45120.1504 27303.7542
"134" 33523.6867 41592.1726 26931.351
"135" 35166.8499 38175.3682 26654.5001
"136" 36990.8172 34865.3704 26137.9885
"137" 40020.9165 33043.0586 26769.7533
"138" 43748.29296875 33026.1328125 26808.15625
"139" 30757.146484375 60121.37890625 27814.0703125
"140" 71714.4765625 95319.21875 4895.78515625
"141" 71883.8984375 96231.4453125 4514.76220703125
"142" 72178.984375 96938.3046875 4246.6083984375
"143" 72615.1875 97551.5 3988.6767578125
"144" 73358.3828125 98388.1796875 3895.69116210938
"145" 72850.53125 95001.171875 4802.74072265625
"146" 73054.296875 96003.671875 4556.06640625
"147" 73299.0546875 96783.609375 4367.61474609375
"148" 73846.4140625 97494.625 4158.00537109375
"149" 74607.9140625 98309.65625 4065.66796875
"150" 74025.125 95007.453125 4795.5791015625
"151" 74333.5078125 95990.1015625 4769.21484375
"152" 74560.6640625 96867.6875 4599.90234375
"153" 75122.75 97783.53125 4387.119140625
"154" 75927.65625 98699.90625 4116.43408203125
"155" 75015.5625 94930.8203125 4952.26318359375
"156" 75548.9140625 96002.2890625 4917.3447265625
"157" 76012.0234375 96832.6328125 4761.123046875
"158" 76551.5078125 97862.046875 4415.06494140625
"159" 77339.03125 98685.6953125 3870.53930664062
"160" 76452.5546875 95230 5029.77783203125
"161" 76981.921875 96096.8359375 4865.25146484375
"162" 77758.7421875 96976.8515625 4455.1572265625
"163" 78277.3984375 97647.609375 3862.13500976562
"164" 78530.6015625 98539.40625 3322.9599609375
"165" 77875.1953125 95339.265625 4725.86572265625
"166" 78528.3046875 96074.2578125 4211.00927734375
"167" 78883.84375 96806.4296875 3738.10009765625
"168" 79352.5078125 97431.46875 3057.83642578125
"169" 79534.7265625 98147.921875 2549.80541992188
"170" 79243.0859375 94772.2109375 3924.4375
"171" 79676.71875 95823.15625 3413.89379882812
"172" 79999.0625 96781.25 2820.78051757812
"173" 80308.78125 97874.0625 2115.94970703125
"174" 80458.59375 94320.0546875 3435.47680664062
"175" 80644.3984375 95142.7421875 3130.35229492188
"176" 80975.171875 95906.7578125 2698.4990234375
"177" 81163.0703125 97174.1875 2009.86437988281
"178" 81602.40625 93577.859375 3211.958984375
"179" 81857 94802.671875 2841.96362304688
"180" 82085.3828125 95809.8828125 2410.2607421875
"181" 82418.6796875 97001.3046875 1793.99694824219
"182" 82684.1640625 93826.53125 2958.62182617188
"183" 83031.4375 94691.9453125 2605.1015625
"184" 83170.1875 95586.9765625 2282.74194335938
"185" 83299.1484375 96812.1171875 1735.53894042969
"186" 84102.4375 94395.3671875 2540.2890625
"187" 84179.734375 95224.4921875 2232.4345703125
"188" 84609.7890625 96142.4609375 1850.46728515625
"189" 73543.7265625 56341.46875 16147.1044921875
"190" 74881.8984375 57378.53515625 19439.27734375
"191" 73827.6015625 57616.3984375 23562.19921875
"192" 70538.1640625 56323.3046875 25201.8515625
"193" 67379.3984375 56090 23418.19921875
"194" 65532.8984375 56076.80078125 23657.69921875
"195" 63135.65234375 56095.10546875 23237.84375
"196" 71758.1015625 52992.19921875 15479.5
"197" 72865.1484375 54580.84765625 18522.65234375
"198" 72713.75 55421.890625 22963.53125
"199" 68200.7890625 54179.5546875 23525.4609375
"200" 65390.078125 53691 23567.578125
"201" 63020.1015625 53702.69921875 23908.80078125
"202" 70216.8515625 50014.55078125 15824.853515625
"203" 70585.1796875 51929.7265625 18251.744140625
"204" 71396.8984375 53161.1875 21927.314453125
"205" 68164.7578125 52519.78515625 23521.599609375
"206" 64812.30078125 51223 23485.599609375
"207" 63148 51326.30078125 23655.5
"208" 61161.58203125 51401.4140625 23933.7265625
"209" 68240.5 48079.71484375 16200.837890625
"210" 68947.703125 49437.80078125 19446.30078125
"211" 68870.4921875 50623.37109375 22883.80078125
"212" 65658.109375 49545.66796875 23022.8671875
"213" 63029.921875 49054.4453125 23058.3359375
"214" 60689.3984375 49186.80078125 23662.19921875
"215" 67064.8984375 45234.875 15931.55078125
"216" 67374.9921875 46729.82421875 18793.298828125
"217" 67376.296875 48010.30078125 21697.19921875
"218" 65314.8125 47573.92578125 23738.361328125
"219" 62717.6796875 46949.01171875 22803.48046875
"220" 60500.0859375 47055.99609375 22594.74609375
"221" 58591.55859375 46835.421875 24022.412109375
"222" 65553.703125 42310.86328125 15520.970703125
"223" 65267.0078125 43511.828125 18164.451171875
"224" 65058.6015625 45228.5 20991.400390625
"225" 64431.80078125 45312.3984375 24699.80078125
"226" 61871.8515625 44413.8671875 23351.31640625
"227" 59376.37890625 44102.15625 22384.88671875
"228" 58029.46875 44716.61328125 23745.525390625
"229" 63971.42578125 39156.953125 15884.20703125
"230" 63025.234375 40812.53515625 19156.734375
"231" 63752.8984375 42123.80078125 23414.30078125
"232" 61225.015625 41240.92578125 24402.91796875
"233" 59882.3984375 40742.8984375 23396.69921875
"234" 57803.640625 41603.9609375 22741.1015625
"235" 56648.0078125 42134.41796875 23947.04296875
"236" 61900.921875 35627.953125 16832.7578125
"237" 61232.3984375 37500.05859375 20142.4765625
"238" 61444.80078125 38649.69921875 23678
"239" 59639.23828125 38547.515625 24514.88671875
"240" 57440.9609375 38571.171875 22465.978515625
"241" 56043.48046875 39481.46875 23360.01953125
"242" 60436.54296875 32207.4140625 16969.134765625
"243" 59736.51953125 33859.28125 19762.9453125
"244" 60237.54296875 35545.79296875 23853.728515625
"245" 58679.18359375 35833.95703125 25108.0078125
"246" 57059.3984375 35973.6015625 23895.5
"247" 55371.1484375 36301.83203125 22752.984375
"248" 53993.96484375 37161.73046875 23953.49609375
"249" 58731.640625 28775.646484375 17783.978515625
"250" 58568.09765625 31038.8984375 21508.251953125
"251" 58122.24609375 32819.20703125 25505.453125
"252" 56088.2421875 33120.2265625 24254.810546875
"253" 54553.11328125 32855.09765625 22441.947265625
"254" 52898.15625 33958.390625 23266.90625
"255" 52081.69921875 34841.30078125 24142.30078125
"256" 56740.19921875 24885 17779.900390625
"257" 56420.9296875 27799.943359375 21575.09375
"258" 56563.84765625 30180.650390625 25546.751953125
"259" 54959.33203125 30578.060546875 24221.236328125
"260" 52993.6796875 30426.392578125 22431.787109375
"261" 51704.71875 32038.541015625 23153.197265625
"262" 50723.7734375 32902.8828125 24115.86328125
"263" 55580.97265625 22433.017578125 17995.080078125
"264" 56072.1796875 26846.728515625 24206.103515625
"265" 54333.30078125 27699.69921875 25473.599609375
"266" 50621.1015625 28076 24026.400390625
"267" 50022.26953125 29563.2578125 22957.51171875
"268" 49119.3515625 31029.33203125 24744.37109375
"269" 53444.25390625 19576.392578125 20183.38671875
"270" 54313.5 23656.599609375 23675.099609375
"271" 53647.3125 26021.369140625 25879.818359375
"272" 49724 27342.30078125 25736.69921875
"273" 49590.8984375 27320.099609375 25580.80078125
"274" 47812.8359375 29255.748046875 24764.673828125
"275" 51880.68359375 18836.453125 22147.142578125
"276" 52156.94921875 22955.2578125 26005.71875
"277" 49063.30078125 25418 25728.19921875
"278" 47510.5 25501 24945.30078125
"279" 45975.5625 28526.857421875 25863.05078125
"280" 49857.6015625 15150.3427734375 21840.662109375
"281" 50370.95703125 18536.7421875 24446.673828125
"282" 48812.4453125 22838.51953125 27099.142578125
"283" 46245.19921875 24128.30078125 26052.400390625
"284" 45714.8984375 27439.900390625 26594.30078125
"285" 48028.91796875 12856.1650390625 20903.529296875
"286" 47304.19921875 17698.30078125 25434.599609375
"287" 47261.69921875 21768.400390625 27275
"288" 45245.15625 24125.220703125 27238.998046875
"289" 46733.84765625 12097.419921875 21045.1015625
"290" 45985.0859375 15817.0302734375 23815.4140625
"291" 46220.5859375 20632.990234375 28041.072265625
"292" 44030.94921875 23482.3359375 28693.12109375
"293" 45321.0625 11290.17578125 21240.544921875
"294" 45140.6171875 14186.0439453125 24423.232421875
"295" 44892.71484375 17839.705078125 27752.072265625
"296" 43679.83984375 20583.34375 28871.453125
"297" 43744.5078125 11676.0068359375 22226.986328125
"298" 43559.19921875 15530.5 26503
"299" 16656.66015625 59620.3984375 22738.69921875
"300" 16210.3916015625 61026.859375 26696.908203125
"301" 18004.34765625 61804.5 29240.53515625
"302" 21220.212890625 60565.25 29810.1875
"303" 24139.08203125 59471.58203125 28438.1796875
"304" 27790.615234375 58753.45703125 27370.853515625
"305" 17604.69921875 57045.8984375 21079.5
"306" 17510.447265625 58633.328125 24938.978515625
"307" 18602.1640625 59116.33203125 28821.068359375
"308" 22524.80078125 57360.69921875 28044.80078125
"309" 25399.6484375 56517.5390625 27047.56640625
"310" 28671.046875 55871.61328125 27281.658203125
"311" 19296.4453125 54293.3515625 20323.82421875
"312" 19175.30078125 55597.30078125 23413.19921875
"313" 18856.67578125 56924.078125 27429.955078125
"314" 22237.599609375 55806.8984375 27555.5
"315" 24812.509765625 54485.99609375 26833.615234375
"316" 27446.578125 53500.66015625 26811.349609375
"317" 29347.654296875 52644.94921875 27208.826171875
"318" 19438.099609375 52104.69921875 20568
"319" 20046.908203125 52710.11328125 24655.15625
"320" 20734.931640625 53838.87890625 27082.19921875
"321" 23006.5 52273.5 27804.30078125
"322" 25020.57421875 51633.47265625 26308.46875
"323" 27324.625 50739.81640625 26350.240234375
"324" 29187.466796875 49837.6953125 27782.505859375
"325" 20781.50390625 48606.0625 20510.44921875
"326" 21199.96875 48882.5078125 23579.396484375
"327" 22758.052734375 49118.94921875 27063.341796875
"328" 25430.416015625 48466.765625 27278.3515625
"329" 26734.234375 47118.0703125 25838.4375
"330" 29023.95703125 46815.62109375 26031.55859375
"331" 22498.24609375 43536.5234375 20936.15234375
"332" 22849.099609375 44930.30078125 24442.19921875
"333" 24806.80078125 45427.1015625 27534.80078125
"334" 27208.373046875 44599.8828125 27086.94921875
"335" 28399.9609375 44326.68359375 25439.978515625
"336" 30241.94921875 44122.00390625 26068.966796875
"337" 24085.365234375 40065.640625 21469.5234375
"338" 24559.951171875 41538.8125 25221.625
"339" 26868 42568.69921875 27771.5
"340" 28120.77734375 41838.30078125 27141.98828125
"341" 29655.599609375 41665.69921875 26760.19921875
"342" 31050.052734375 41169.83203125 25823.181640625
"343" 25184.677734375 36295.14453125 21147.56640625
"344" 26393.66015625 38119.7734375 23718.357421875
"345" 26894.353515625 39301.875 27546.80078125
"346" 29549.1171875 38578.57421875 26718.666015625
"347" 30981.130859375 37813.33203125 25139.705078125
"348" 32676.560546875 37972.015625 25768.8046875
"349" 26800.2421875 33234.578125 22084.623046875
"350" 27965.248046875 34641.30078125 24180.4375
"351" 27467.560546875 35937.8125 27533.70703125
"352" 29467 35590.69921875 27530.400390625
"353" 31134.6328125 35316.84765625 26817.517578125
"354" 32426.724609375 35114.8515625 24959.34375
"355" 34361.42578125 35113.625 25570.56640625
"356" 28011.958984375 29586.609375 22210.80078125
"357" 28139.1015625 30483.6953125 24699.349609375
"358" 29128.251953125 32346.455078125 28148.5
"359" 31232.802734375 32445.58984375 27782.1484375
"360" 33513 32714.5 26757.599609375
"361" 34186.6015625 31745.099609375 25461.30078125
"362" 36282.3984375 33088.5390625 25582.791015625
"363" 29802.05078125 25859.1640625 23357.193359375
"364" 29462.19921875 27372.900390625 26675.30078125
"365" 31119.455078125 28891.740234375 28196.5703125
"366" 32947.859375 30043.228515625 27710.671875
"367" 33993.8984375 30507.19921875 26240.19921875
"368" 36463.1953125 30760.21875 25917.20703125
"369" 30869.3671875 22880.93359375 23145.53515625
"370" 31276.26953125 23979.619140625 25669.9140625
"371" 31791.400390625 26755.19921875 28311.19921875
"372" 35148.28125 27388.873046875 26544.548828125
"373" 36059.5 27148 25985.599609375
"374" 39521.6953125 27987.8984375 25223.607421875
"375" 32015.611328125 19324.326171875 23312.56640625
"376" 33334.8984375 20190.900390625 26754.30078125
"377" 33854.5546875 23379.453125 27546.8125
"378" 36172.30078125 25033.80078125 26956.599609375
"379" 40020.5 25625 26503.599609375
"380" 41496.09765625 26746.951171875 26109.4765625
"381" 33935.63671875 14729.3994140625 22049.216796875
"382" 36074 17884 24438.900390625
"383" 37383.6015625 20505.400390625 27276.80078125
"384" 38919.60546875 22632.896484375 27822.94140625
"385" 41062.1171875 24382.359375 29076.740234375
"386" 35778.3984375 12878.82421875 21672.48046875
"387" 37650.1953125 16138.34375 24533.9296875
"388" 39571.82421875 21018.69921875 29006.7421875
"389" 38267.9765625 11603.1064453125 21913.173828125
"390" 40042.3984375 16074.2998046875 26528
