"V1" "V2" "V3"
"1" 57.3153381347656 18.4460411071777 51.3857383728027
"2" 59.5928 19.753 49.3707
"3" 59.4995 21.0113 46.018
"4" 59.186 22.2201 42.6797
"5" 58.7982 23.3463 39.3115
"6" 58.3686 24.3232 35.9264
"7" 57.7413 25.0083 32.4769
"8" 57.5203 25.8919 29.0112
"9" 56.771 26.7708 25.6182
"10" 56.2711 27.7753 22.223
"11" 55.9129 28.8995 18.8466
"12" 55.7347 30.029 15.4972
"13" 55.3647 31.1488 12.3147
"14" 55.1944 32.8553 9.2134
"15" 55.2031 35.28 6.7145
"16" 54.1448745727539 38.6079521179199 6.05805587768555
"17" 59.1828117370605 23.5179939270019 87.4467926025391
"18" 58.3958 21.1328 86.9208
"19" 58.0816 18.4695 87.398
"20" 59.0056 15.9625 86.7813
"21" 59.3539 13.2713 86.7029
"22" 59.3016 11.3291 87.8395
"23" 60.2527 11.2908 90.3623
"24" 60.523 11.5389 93.0547
"25" 61.143 13.3078 94.3629
"26" 61.0072 15.9791 94.1213
"27" 60.3946 18.5742 94.0099
"28" 60.5773 21.2501 94.1899
"29" 60.2748 23.3519 92.5218
"30" 59.8203 24.1992 89.9896
"31" 57.3153381347656 18.4460411071777 51.3857383728027
"32" 51.3456268310547 33.9776344299316 26.6609497070312
"33" 33.0907325744629 24.8731098175049 27.0290241241455
"34" 28.4708 24.6086 29.1808
"35" 25.1119 23.2021 32.7197
"36" 22.5499 21.46 36.7862
"37" 20.6109 20.7898 41.4165
"38" 20.0188 18.5178 45.9549
"39" 20.5491 14.997 49.5691
"40" 21.3326 12.2988 53.7929
"41" 22.2064 10.7055 58.5079
"42" 25.2963 10.3251 62.3806
"43" 30.1179 9.4184 63.7295
"44" 35.119 9.7519 62.8746
"45" 40.013 10.2953 61.4882
"46" 44.4984 11.3652 59.3171
"47" 47.6675 13.5028 55.9372
"48" 49.2442 16.0587 51.7939
"49" 50.4586 18.7601 47.6255
"50" 50.8291 20.7343 42.886
"51" 50.5969 22.6838 38.1351
"52" 49.5388 24.4689 33.427
"53" 47.3832 25.6662 28.9673
"54" 43.2427 26.1165 26.069
"55" 38.1252 25.8737 26.5427
"56" 49.1475372314453 27.7085189819336 50.2697372436523
"57" 48.9316 28.8704 47.9379
"58" 48.8328 29.8566 45.5132
"59" 48.7636 30.6661 42.9944
"60" 48.7342 31.4202 40.4589
"61" 48.546 32.409 38.0053
"62" 48.9158 33.3002 35.5698
"63" 49.4777 34.3748 33.2261
"64" 49.0413 36.4064 31.8256
"65" 48.3909721374512 38.7973899841309 31.1246566772461
"66" 49.1475372314453 27.7085189819336 50.2697372436523
"67" 30.4064102172852 38.0813827514648 19.9424514770508
"68" 48.3909721374512 38.7973899841309 31.1246566772461
"69" 30.4064102172852 38.0813827514648 19.9424514770508
"70" 26.854 37.8506 22.6747
"71" 24.1072 37.6221 26.1881
"72" 21.7617 37.3873 30.0446
"73" 19.5256 37.7125 33.9354
"74" 16.8207 37.781 37.5125
"75" 14.5323 37.5822 41.3642
"76" 12.7728 37.6556 45.5134
"77" 11.4676 37.7816 49.8419
"78" 10.4449 38.0623 54.2287
"79" 9.4289 38.111 58.5782
"80" 8.3171 38.395 62.9357
"81" 8.0056 38.4346 67.4466
"82" 7.9618 38.7707 71.943
"83" 7.5617 38.6436 76.4311
"84" 6.874 39.0554 80.8373
"85" 6.3835 38.9464 85.3196
"86" 5.8336 38.5344 89.776
"87" 5.73786735534668 38.6716995239258 94.2770690917969
"88" 41.1484107971191 40.4384307861328 103.042533874512
"89" 5.73786735534668 38.6716995239258 94.2770690917969
"90" 54.1448745727539 38.6079521179199 6.05805587768555
"91" 56.3249053955078 60.7151374816895 50.8333587646484
"92" 58.4745 59.2884 48.0742
"93" 58.266 57.6326 44.356
"94" 58.0599 56.1167 40.563
"95" 57.8062 54.7441 36.7088
"96" 57.3538 53.5009 32.8405
"97" 56.8428 52.2677 28.979
"98" 56.4959 50.9926 25.1323
"99" 55.7317 49.6135 21.3592
"100" 55.2477 48.2264 17.537
"101" 55.5149 46.8287 13.7087
"102" 54.9274 45.1554 10.0585
"103" 54.7035 42.4482 7.1445
"104" 54.1448745727539 38.6079521179199 6.05805587768555
"105" 56.3249053955078 60.7151374816895 50.8333587646484
"106" 50.4943771362305 43.1623802185059 27.0153560638428
"107" 31.985631942749 50.9703750610352 27.5256404876709
"108" 27.1495 51.3991 29.7901
"109" 23.1436 52.9457 32.8957
"110" 20.4451 54.5627 37.2627
"111" 18.7997 55.9269 41.9295
"112" 18.5389 59.5975 45.7307
"113" 18.9514 62.9385 49.9063
"114" 19.3157 65.6392 54.5281
"115" 21.0156 66.4125 59.4389
"116" 25.4456 67.891 61.9565
"117" 30.5898 68.879 62.7492
"118" 35.8442 69.1411 61.5722
"119" 40.7803 68.194 59.6757
"120" 44.8349 66.3386 56.7207
"121" 47.2608 63.791 52.6649
"122" 48.7648 60.8956 48.4298
"123" 50.0596 58.3214 43.967
"124" 50.1568 56.1697 39.0285
"125" 49.3269 53.8852 34.2179
"126" 47.3079 52.0984 29.5831
"127" 42.7324 50.845 27.2137
"128" 37.3548 50.6141 26.9968
"129" 48.2971572875977 51.3314514160156 51.9298782348633
"130" 48.5518 50.3229 49.2929
"131" 48.6202 49.3676 46.6057
"132" 48.3882 48.0407 44.1013
"133" 48.3227 47.0331 41.435
"134" 48.5865 46.0657 38.7706
"135" 48.8774 44.9873 36.1523
"136" 49.2185 43.7002 33.641
"137" 48.8635 41.4101 32.1066
"138" 48.3909721374512 38.7973899841309 31.1246566772461
"139" 48.2971572875977 51.3314514160156 51.9298782348633
"140" 59.8459625244141 22.9033660888672 88.0990829467773
"141" 60.2785339355469 23.0132503509521 89.1953811645508
"142" 60.6127777099609 22.9748592376709 90.1668853759766
"143" 60.9645385742188 22.8243389129639 91.3009262084961
"144" 61.3834800720215 22.4792633056641 92.8776550292969
"145" 59.7309265136719 21.8493881225586 88.0900344848633
"146" 60.2249603271484 21.8887634277344 89.1992034912109
"147" 60.5991592407227 21.8087673187256 90.1657485961914
"148" 60.9191665649414 21.6407604217529 91.3442230224609
"149" 61.0060539245605 21.0270175933838 92.7039566040039
"150" 59.4921951293945 20.7855339050293 88.3105316162109
"151" 59.961353302002 20.6547718048096 89.4271926879883
"152" 60.4089126586914 20.6642513275146 90.5389404296875
"153" 60.7534523010254 20.3303031921387 91.8393325805664
"154" 60.7785186767578 19.8707675933838 93.0780029296875
"155" 59.2193298339844 19.8139591217041 88.4198837280273
"156" 59.637767791748 19.6056842803955 89.6026306152344
"157" 60.0257225036621 19.4113636016846 90.6703643798828
"158" 60.4253959655762 19.1654453277588 91.9327774047852
"159" 60.5067100524902 18.6052207946777 92.943977355957
"160" 59.0561065673828 18.6062755584717 88.6060028076172
"161" 59.5331611633301 18.3134517669678 89.672004699707
"162" 59.9004440307617 18.1109390258789 90.7663421630859
"163" 60.6658821105957 17.2669010162354 91.7522659301758
"164" 60.6078567504883 17.4516754150391 92.8308792114258
"165" 59.3855285644531 17.4740562438965 88.5657577514648
"166" 60.0622253417969 17.0883979797363 89.6536407470703
"167" 60.3948631286621 16.9040756225586 90.6482162475586
"168" 61.1886596679688 16.6294727325439 91.6886291503906
"169" 61.4625053405762 16.3562545776367 92.8112411499023
"170" 60.0610160827637 15.9830226898193 87.9789733886719
"171" 60.732307434082 15.856481552124 89.5396728515625
"172" 61.0458564758301 15.739447593689 91.1914672851562
"173" 61.7938385009766 15.4947595596313 92.9362258911133
"174" 60.4239692687988 14.7060022354126 87.8186721801758
"175" 60.9314308166504 14.8438606262207 89.0276718139648
"176" 61.290111541748 14.7356262207031 90.2935485839844
"177" 61.5125312805176 14.7026090621948 92.3805084228516
"178" 60.3680458068848 13.4792098999023 87.4819946289062
"179" 61.102165222168 13.7127656936646 89.005500793457
"180" 61.652286529541 13.8134765625 90.6293869018555
"181" 61.8713111877441 13.6873826980591 92.4724807739258
"182" 60.7724876403809 12.6532859802246 88.0668334960938
"183" 61.2378616333008 12.7377405166626 89.349494934082
"184" 61.4202041625977 12.9193563461304 90.6979675292969
"185" 61.4025382995605 12.9385042190552 92.6006851196289
"186" 60.5662651062012 11.9558191299438 89.4244232177734
"187" 60.9032592773438 12.1604948043823 90.6659088134766
"188" 60.9892997741699 11.9670553207397 92.0360336303711
"189" 55.5381736755371 18.8563041687012 51.8498077392578
"190" 53.048656463623 17.6478004455566 53.9366035461426
"191" 50.2951698303223 18.6246166229248 53.7386894226074
"192" 49.1772155761719 21.3266315460205 51.9593505859375
"193" 49.5036010742188 22.9722995758057 50.8433990478516
"194" 49.1434745788574 25.4732284545898 50.0151443481445
"195" 49.3667068481445 26.9130191802979 49.7396240234375
"196" 57.5168838500977 20.4959411621094 48.7192001342773
"197" 54.6909255981445 19.3914127349854 50.8622627258301
"198" 51.2077369689941 19.7830123901367 51.5829772949219
"199" 50.5464935302734 22.7142028808594 49.1128387451172
"200" 49.5447273254395 25.6181926727295 48.221492767334
"201" 49.5979995727539 27.3048000335693 47.2613983154297
"202" 57.6422004699707 21.5468006134033 46.1077995300293
"203" 55.5938835144043 21.173677444458 47.6571235656738
"204" 52.629566192627 21.1223812103271 48.9111061096191
"205" 51.2150459289551 23.2757015228271 47.3263969421387
"206" 49.6699562072754 26.045597076416 45.6562194824219
"207" 49.6837921142578 27.4507141113281 45.3088150024414
"208" 49.5283660888672 29.0239086151123 44.3271560668945
"209" 57.1334991455078 23.5296993255615 44.5595016479492
"210" 55.0708885192871 22.2911758422852 45.1614112854004
"211" 52.2731323242188 22.8077201843262 45.9937019348145
"212" 52.0057678222656 24.0493030548096 43.5573387145996
"213" 49.9411010742188 26.967399597168 42.9216995239258
"214" 49.6291999816895 29.1831665039062 42.4349670410156
"215" 57.0330390930176 23.3276615142822 41.1769027709961
"216" 55.184700012207 23.354700088501 42.4352989196777
"217" 52.7616004943848 24.0461006164551 43.1394004821777
"218" 52.024528503418 24.7131786346436 41.5962448120117
"219" 50.3845176696777 26.7454929351807 40.4904556274414
"220" 49.834098815918 29.7049007415771 40.1155014038086
"221" 49.6251029968262 30.7029132843018 39.3588638305664
"222" 57.083683013916 24.0153388977051 38.4912872314453
"223" 55.0966758728027 24.3435840606689 39.1854438781738
"224" 52.7868003845215 24.922700881958 39.6841011047363
"225" 50.8914184570312 26.2479724884033 38.9671020507812
"226" 50.8357963562012 27.4542274475098 37.4848327636719
"227" 50.2653007507324 29.4657001495361 36.3884010314941
"228" 49.8440704345703 31.5047760009766 36.6120109558105
"229" 57.5682983398438 26.1044998168945 35.5598983764648
"230" 53.9519996643066 25.42799949646 35.5327987670898
"231" 51.9829025268555 25.9577045440674 36.1801567077637
"232" 51.303596496582 27.2114887237549 34.7394790649414
"233" 51.2351570129395 28.8161697387695 33.6401863098145
"234" 50.41943359375 30.8263416290283 34.056266784668
"235" 50.0644454956055 32.6721115112305 34.1110534667969
"236" 56.129322052002 25.7607936859131 31.6516056060791
"237" 53.7707443237305 26.1227607727051 32.4556274414062
"238" 51.3161582946777 27.9671325683594 33.1343955993652
"239" 51.4186935424805 28.8268642425537 32.2896308898926
"240" 51.6912040710449 30.2401847839355 30.7446250915527
"241" 50.6939849853516 32.274227142334 31.2919616699219
"242" 55.8361015319824 26.5645999908447 28.6553001403809
"243" 53.9885177612305 26.6858978271484 29.1855392456055
"244" 51.5633163452148 28.8796253204346 30.3493309020996
"245" 51.5903396606445 29.0105056762695 29.8862113952637
"246" 51.9637565612793 30.6537570953369 29.4961547851562
"247" 52.1159133911133 31.5303421020508 28.636302947998
"248" 51.0725059509277 32.9175987243652 29.1277275085449
"249" 55.1477012634277 27.2693004608154 25.8973007202148
"250" 51.6815490722656 30.1099109649658 27.4622325897217
"251" 51.5863571166992 29.7119808197021 27.6851825714111
"252" 51.9641799926758 30.6792087554932 27.3090000152588
"253" 52.5108795166016 32.2878837585449 26.7337989807129
"254" 52.0925064086914 33.2338218688965 26.8134441375732
"255" 51.700122833252 34.1793327331543 26.2718677520752
"256" 54.831901550293 28.0097007751465 23.0608005523682
"257" 51.5560989379883 31.0660285949707 25.0783386230469
"258" 51.457275390625 30.5648174285889 25.6679058074951
"259" 50.7817535400391 31.8058128356934 26.0361194610596
"260" 52.5281715393066 33.1391677856445 25.9417114257812
"261" 51.2163467407227 34.312313079834 27.4105319976807
"262" 50.4082794189453 34.9510345458984 28.6250228881836
"263" 54.7957000732422 28.7583999633789 20.7057991027832
"264" 51.0611953735352 30.7104263305664 23.5933742523193
"265" 51.0749664306641 31.8338432312012 23.6044826507568
"266" 50.4297485351562 33.6832962036133 25.0536708831787
"267" 51.0561981201172 34.9273529052734 26.036642074585
"268" 49.9327392578125 36.757022857666 27.3938121795654
"269" 54.6946182250977 29.4074954986572 18.7011032104492
"270" 50.6955909729004 31.4394817352295 21.118537902832
"271" 49.673023223877 32.0962295532227 22.5491638183594
"272" 50.1937065124512 33.8417053222656 23.6179447174072
"273" 51.1104049682617 35.1744842529297 24.8279800415039
"274" 50.168758392334 36.6960945129395 26.9714603424072
"275" 53.2845001220703 30.3124008178711 16.693000793457
"276" 50.3955345153809 32.4697494506836 20.2209129333496
"277" 50.0344619750977 33.7598114013672 22.1946220397949
"278" 51.3823776245117 36.5901336669922 24.1749973297119
"279" 49.636058807373 37.6578826904297 27.050745010376
"280" 53.8168907165527 31.1898651123047 13.9052667617798
"281" 50.393684387207 33.1451683044434 17.363302230835
"282" 50.1427612304688 34.1974220275879 19.7782154083252
"283" 49.8668441772461 36.2317276000977 21.2653694152832
"284" 49.9863319396973 37.8851127624512 25.2883625030518
"285" 54.6248817443848 31.8905086517334 11.8224859237671
"286" 50.7517433166504 34.6606941223145 16.5336685180664
"287" 48.1301116943359 35.1341781616211 19.1015357971191
"288" 48.5032615661621 37.675952911377 21.4410343170166
"289" 53.4827079772949 33.4425849914551 9.99718475341797
"290" 50.6383056640625 35.9918746948242 14.6338329315186
"291" 47.3831062316895 36.3959465026855 17.7343997955322
"292" 46.4935569763184 38.0062217712402 19.9193935394287
"293" 52.7054557800293 34.7841911315918 8.98574638366699
"294" 49.8291244506836 36.8255157470703 12.8733930587769
"295" 47.2697334289551 37.0151672363281 15.3526592254639
"296" 46.342529296875 38.15478515625 17.7542057037354
"297" 51.5799751281738 36.8643569946289 8.40887546539307
"298" 49.0898551940918 37.8474769592285 13.298378944397
"299" 54.3280220031738 60.4278182983398 51.6252861022949
"300" 51.4655532836914 61.2381973266602 53.3410835266113
"301" 49.1041145324707 60.8321952819824 53.7949371337891
"302" 47.901798248291 57.4317016601562 53.6907005310059
"303" 48.2119216918945 55.377140045166 50.8068809509277
"304" 48.5629692077637 52.1671905517578 50.6374282836914
"305" 56.152042388916 58.9543724060059 48.9644317626953
"306" 52.8245887756348 59.8860664367676 50.8867149353027
"307" 49.7846946716309 59.1315460205078 51.6212997436523
"308" 49.8639335632324 56.6560363769531 49.1605911254883
"309" 48.5818405151367 53.4523315429688 48.7878723144531
"310" 48.8297843933105 50.9505233764648 47.9345779418945
"311" 56.1736183166504 57.7796745300293 46.6038780212402
"312" 53.6592292785645 57.8660469055176 47.7802963256836
"313" 50.8851165771484 57.7279777526855 49.3489036560059
"314" 50.2234153747559 56.1811408996582 47.6667938232422
"315" 49.341609954834 54.251033782959 46.380931854248
"316" 48.9661636352539 50.5838470458984 45.0914611816406
"317" 48.9726333618164 49.6230773925781 44.1938438415527
"318" 56.5880851745605 55.8744354248047 45.3341293334961
"319" 53.330738067627 56.4632797241211 45.1311874389648
"320" 51.1986083984375 55.9113998413086 45.778434753418
"321" 50.9003791809082 54.8515739440918 44.4774322509766
"322" 50.3073997497559 53.6935005187988 42.9589996337891
"323" 49.1146011352539 49.8411407470703 42.5441436767578
"324" 49.0574607849121 48.0915374755859 41.2304916381836
"325" 56.1159973144531 55.6574668884277 41.452075958252
"326" 54.1736640930176 55.1744651794434 41.7570991516113
"327" 51.3250198364258 53.8463401794434 41.7120094299316
"328" 50.6058731079102 52.7551155090332 39.7829551696777
"329" 49.7234954833984 50.3282203674316 38.6295738220215
"330" 49.3563385009766 47.3125801086426 38.4660530090332
"331" 55.7543334960938 54.0192337036133 36.9157829284668
"332" 53.4907989501953 53.5195007324219 37.570499420166
"333" 51.2278823852539 52.6153602600098 37.9047050476074
"334" 50.3394775390625 50.2259902954102 36.3141899108887
"335" 49.744701385498 47.976001739502 35.7755012512207
"336" 49.551197052002 45.6447525024414 35.2472343444824
"337" 55.5159492492676 52.9035377502441 33.0800170898438
"338" 52.8738250732422 52.4524192810059 34.5119552612305
"339" 50.6402130126953 49.8316650390625 34.6019401550293
"340" 50.65087890625 49.054817199707 33.7745819091797
"341" 50.1217613220215 46.5668716430664 32.8056182861328
"342" 49.8862571716309 44.7808570861816 32.5675849914551
"343" 55.6141014099121 52.1389007568359 30.3612995147705
"344" 53.5962104797363 51.8070831298828 31.2925186157227
"345" 50.8995666503906 48.9504623413086 32.4772300720215
"346" 51.0315933227539 47.1505928039551 30.4924049377441
"347" 50.685432434082 45.1515769958496 29.8745231628418
"348" 50.2012023925781 43.2755889892578 29.2820510864258
"349" 54.523998260498 51.1370010375977 27.7047004699707
"350" 51.4247627258301 47.6585426330566 28.8858661651611
"351" 50.9856872558594 49.1138801574707 29.5461025238037
"352" 51.5477027893066 47.3151054382324 29.257848739624
"353" 50.7745628356934 45.2426071166992 28.9063663482666
"354" 50.7557182312012 44.1442756652832 27.9647655487061
"355" 50.2509002685547 42.2976989746094 27.7728004455566
"356" 54.5360984802246 50.1907005310059 24.5410995483398
"357" 51.4159812927246 46.5816268920898 26.339298248291
"358" 49.3439865112305 49.008430480957 26.3593406677246
"359" 50.2997436523438 46.6320953369141 26.5250778198242
"360" 50.7932472229004 44.0282821655273 27.2174739837646
"361" 50.3972511291504 42.2510833740234 27.2766494750977
"362" 49.6251411437988 41.9448051452637 29.2707710266113
"363" 53.5552291870117 48.8489227294922 21.0036926269531
"364" 50.5158386230469 46.5266151428223 23.6562252044678
"365" 50.7953033447266 46.4524726867676 24.378475189209
"366" 49.3701286315918 44.8823509216309 25.4674873352051
"367" 50.7381782531738 43.3637542724609 25.8041172027588
"368" 50.0642547607422 41.4120597839355 27.0731964111328
"369" 54.2016983032227 48.1888999938965 18.8481006622314
"370" 50.270393371582 45.5431098937988 21.1863441467285
"371" 50.0245819091797 45.567928314209 22.3951606750488
"372" 50.3129615783691 43.643367767334 23.999324798584
"373" 51.03466796875 41.9216499328613 24.4469757080078
"374" 49.9031066894531 40.4124794006348 26.2877502441406
"375" 53.164493560791 46.8737678527832 16.0902061462402
"376" 50.0690498352051 44.3592567443848 18.7052993774414
"377" 50.0540199279785 44.6223793029785 20.1219501495361
"378" 50.4198265075684 41.999267578125 21.5669288635254
"379" 49.6126861572266 40.2182312011719 22.8849449157715
"380" 48.9375915527344 39.397575378418 24.7529602050781
"381" 53.6641540527344 45.6431350708008 12.6782007217407
"382" 50.4194221496582 42.3788757324219 16.2560138702393
"383" 49.2067794799805 42.5263557434082 17.7219982147217
"384" 48.3575668334961 40.7157897949219 19.4676113128662
"385" 46.8736610412598 39.573314666748 21.3183689117432
"386" 53.0438079833984 44.3325462341309 10.6666412353516
"387" 50.3510093688965 41.4321708679199 14.6447601318359
"388" 47.1651611328125 40.0865211486816 17.8847637176514
"389" 52.2308349609375 42.4674987792969 9.14156341552734
"390" 48.7240982055664 39.9499816894531 14.1854915618896
