"V1" "V2" "V3"
"1" 25.5337810516357 9.98360157012939 9.19140434265137
"2" 24.3424 9.7006 8.8589
"3" 23.1013 9.4498 8.7337
"4" 21.8655 9.203 8.5684
"5" 20.6294 8.9385 8.5987
"6" 19.3874 8.7562 8.6272
"7" 18.199 8.4506 8.6503
"8" 16.9814 8.0948 8.6609
"9" 15.7798 7.6942 8.7774
"10" 14.5592 7.3931 8.9487
"11" 13.3914 7.0871 9.3348
"12" 12.2035 6.911 9.7536
"13" 11.069 6.6641 10.0575
"14" 9.8878 6.5262 9.6888
"15" 8.6815 6.764 9.8096
"16" 7.62114858627319 7.38113880157471 10.045597076416
"17" 31.6441040039062 24.3785495758057 8.1896448135376
"18" 32.4058 23.6101 8.1756
"19" 33.4264 23.2944 7.8607
"20" 34.1012 22.516 7.4283
"21" 34.781 21.8431 6.836
"22" 35.7269 21.8065 6.3908
"23" 36.1447 22.731 5.9914
"24" 36.144 23.7428 5.74
"25" 35.2724 24.3798 5.9023
"26" 34.7881 25.2666 6.4099
"27" 34.0188 26.0954 6.444
"28" 33.0176 26.5416 6.6607
"29" 32.0514 26.2609 7.1486
"30" 31.6419 25.3256 7.6211
"31" 25.5337810516357 9.98360157012939 9.19140434265137
"32" 16.4436283111572 14.4929866790772 13.3195915222168
"33" 14.7804765701294 5.31293678283691 21.2774887084961
"34" 15.7164 5.3767 22.2504
"35" 16.8931 5.8035 22.8403
"36" 18.1513 6.2544 23.2143
"37" 19.4713 6.6494 23.279
"38" 20.7654 7.0469 23.0619
"39" 21.9735 7.4457 22.553
"40" 22.9589 7.6848 21.6195
"41" 23.755 7.758 20.4866
"42" 24.305 7.8237 19.2141
"43" 24.4088 7.7559 17.8534
"44" 23.9777 7.5997 16.5566
"45" 23.2155 7.3685 15.4215
"46" 22.2234 7.1543 14.505
"47" 20.9584 6.8855 14.0107
"48" 19.6426 6.5343 13.797
"49" 18.3274 6.1392 13.8147
"50" 17.0364 5.8822 14.246
"51" 15.9008 5.5423 14.8923
"52" 15.0309 5.2747 15.9359
"53" 14.5511 5.0086 17.1909
"54" 14.4163 4.8718 18.5608
"55" 14.5519 5.0804 19.9262
"56" 22.6285305023193 15.8688364028931 12.901159286499
"57" 21.5193 15.9609 12.746
"58" 20.3862 15.7513 12.7245
"59" 19.2815 15.432 12.7218
"60" 18.206 15.0574 12.9475
"61" 17.091 14.8726 13.148
"62" 16.0512 14.5124 13.3981
"63" 15.092 14.1548 13.6541
"64" 14.1047 14.3427 13.9289
"65" 13.1204147338867 14.610203742981 14.1904973983765
"66" 22.6285305023193 15.8688364028931 12.901159286499
"67" 6.5750036239624 4.80370140075684 20.556282043457
"68" 13.1204147338867 14.610203742981 14.1904973983765
"69" 6.5750036239624 4.80370140075684 20.556282043457
"70" 7.2933 5.9583 22.1427
"71" 8.2886 7.4131 23.2979
"72" 9.4844 8.9217 24.1247
"73" 10.5958 10.5711 24.8462
"74" 11.8053 12.0933 25.6749
"75" 13.0501 13.6117 26.4511
"76" 14.3517 15.1977 26.9576
"77" 15.5526 16.9204 27.169
"78" 16.7435 18.6454 27.4178
"79" 18.0241 20.3097 27.6713
"80" 19.2132 22.0083 28.0849
"81" 20.493 23.6341 28.5269
"82" 21.7827 25.2807 28.8369
"83" 23.1091 26.9137 29.0186
"84" 24.218 28.705 29.1178
"85" 25.3087 30.5143 29.1908
"86" 26.5279 32.2274 28.9893
"87" 27.6779384613037 33.9981460571289 28.9644298553467
"88" 29.5359897613525 37.2561912536621 14.897271156311
"89" 27.6779384613037 33.9981460571289 28.9644298553467
"90" 7.62114858627319 7.38113880157471 10.045597076416
"91" 4.06341648101807 24.9957447052002 11.3368501663208
"92" 4.137 23.704 10.6581
"93" 4.3063 22.2849 10.3309
"94" 4.52 20.8467 10.1156
"95" 4.6524 19.3926 10.0319
"96" 4.8959 17.955 9.8709
"97" 5.0176 16.4982 9.7768
"98" 5.1312 15.0329 9.7995
"99" 5.2609 13.5811 9.9812
"100" 5.6473 12.1921 10.0944
"101" 5.8583 10.8289 10.5781
"102" 6.0491 9.4636 10.3486
"103" 6.6939 8.4887 9.794
"104" 7.62114858627319 7.38113880157471 10.045597076416
"105" 4.06341648101807 24.9957447052002 11.3368501663208
"106" 11.9173545837402 18.1207485198975 13.3682947158813
"107" 4.41894340515137 12.4216022491455 22.117769241333
"108" 4.4981 13.3948 23.0891
"109" 4.4786 14.597 23.7822
"110" 4.4598 15.9114 24.2631
"111" 4.4781 17.2985 24.3334
"112" 4.4444 18.6739 24.1128
"113" 4.3518 19.9651 23.6221
"114" 4.263 21.0202 22.7143
"115" 4.0131 21.8562 21.6318
"116" 3.7127 22.2534 20.3348
"117" 3.4865 22.274 18.9716
"118" 3.4002 21.7431 17.69
"119" 3.3077 20.9288 16.574
"120" 3.3924 19.7979 15.7693
"121" 3.4673 18.5121 15.237
"122" 3.5705 17.125 15.1037
"123" 3.6445 15.7489 15.2939
"124" 3.7564 14.4647 15.8036
"125" 3.8792 13.4923 16.8016
"126" 3.9523 12.8166 18.0137
"127" 4.0924 12.4973 19.3662
"128" 4.21 12.3196 20.7365
"129" 11.1284208297729 24.3073406219482 13.8197517395019
"130" 11.6139 23.3489 13.2696
"131" 11.6973 22.1999 13.1801
"132" 11.6149 21.0447 13.2148
"133" 11.7547 19.9331 13.3821
"134" 11.8288 18.7261 13.3004
"135" 11.8337 17.5551 13.4968
"136" 12.1661 16.5287 13.8645
"137" 12.4756 15.4029 13.9442
"138" 13.1204147338867 14.610203742981 14.1904973983765
"139" 11.1284208297729 24.3073406219482 13.8197517395019
"140" 31.7753562927246 24.6497611999512 7.67051982879639
"141" 32.0355567932129 25.0911750793457 7.424232006073
"142" 32.2876777648926 25.502592086792 7.19052314758301
"143" 32.5732002258301 25.9601001739502 6.92526006698608
"144" 32.905101776123 26.3230209350586 6.72371196746826
"145" 32.1103019714355 24.3338012695312 7.61371421813965
"146" 32.3632049560547 24.7952060699463 7.35896682739258
"147" 32.6236305236816 25.1818943023682 7.13118934631348
"148" 33.0728378295898 25.6593627929688 6.77813529968262
"149" 33.285099029541 25.8315906524658 6.62725448608398
"150" 32.5205917358398 24.1401100158691 7.50361585617065
"151" 32.7906799316406 24.542760848999 7.23809337615967
"152" 33.034065246582 24.9852809906006 6.99921321868896
"153" 33.3551826477051 25.3436317443848 6.70524215698242
"154" 33.6948890686035 25.6396541595459 6.50377511978149
"155" 32.8806533813477 23.9610538482666 7.44982194900513
"156" 33.1648864746094 24.3315162658691 7.19160461425781
"157" 33.4361991882324 24.6766452789307 6.93260860443115
"158" 33.7203063964844 25.029390335083 6.70326471328735
"159" 34.082202911377 25.3021869659424 6.5510139465332
"160" 33.3307991027832 23.7899322509766 7.42879772186279
"161" 33.5770683288574 24.0746593475342 7.14730548858643
"162" 33.8203659057617 24.3901023864746 6.90737390518188
"163" 33.9425659179688 24.6989002227783 6.76009464263916
"164" 34.1580505371094 25.3139743804932 6.54229879379272
"165" 33.6987152099609 23.5789489746094 7.31773614883423
"166" 33.9709434509277 23.8252449035645 7.00118017196655
"167" 34.176342010498 24.0898761749268 6.78331708908081
"168" 34.4660835266113 24.367359161377 6.52473306655884
"169" 34.7947082519531 24.4563026428223 6.28348541259766
"170" 34.029125213623 23.0564765930176 7.05941581726074
"171" 34.2684211730957 23.4614219665527 6.71606302261353
"172" 34.5441589355469 23.9226932525635 6.42006587982178
"173" 34.8807525634766 24.351936340332 6.18584251403809
"174" 34.3050346374512 22.6517276763916 6.76229619979858
"175" 34.4405670166016 23.0384979248047 6.53871202468872
"176" 34.6307716369629 23.3477516174316 6.28854179382324
"177" 34.9304809570312 23.945764541626 6.05930280685425
"178" 34.6181678771973 22.2227039337158 6.60360240936279
"179" 34.7808494567871 22.7259292602539 6.30235433578491
"180" 34.973705291748 23.1909484863281 6.02425003051758
"181" 35.2360801696777 23.6837501525879 5.81070041656494
"182" 34.9969482421875 22.1560440063477 6.32731008529663
"183" 35.1917915344238 22.5657081604004 6.09581899642944
"184" 35.3218231201172 22.9597473144531 5.88874530792236
"185" 35.572811126709 23.5212516784668 5.68452119827271
"186" 35.5414085388184 22.284818649292 6.05726337432861
"187" 35.6643257141113 22.7102375030518 5.87131500244141
"188" 35.9628219604492 23.1242580413818 5.78422594070435
"189" 24.4529876708984 9.92021560668945 10.6498718261719
"190" 23.8074474334717 10.2646570205688 11.9558572769165
"191" 22.9371662139893 10.4676809310913 12.7355670928955
"192" 23.0573787689209 11.3824415206909 13.0274839401245
"193" 22.5378818511963 12.6873292922974 13.2258367538452
"194" 22.4641342163086 14.0438585281372 13.0905542373657
"195" 22.5144023895264 15.0585803985596 12.8606615066528
"196" 23.7787456512451 9.83050155639648 10.3225698471069
"197" 23.2749156951904 10.0853214263916 11.7696552276611
"198" 22.4504051208496 9.94644546508789 12.9500160217285
"199" 22.0311012268066 11.5921049118042 12.9226140975952
"200" 21.809986114502 13.0279169082642 12.9445343017578
"201" 21.6064395904541 14.4255867004395 12.7013692855835
"202" 22.8937187194824 9.63268852233887 10.1260089874268
"203" 22.361478805542 9.81942749023438 11.2928409576416
"204" 21.7916584014893 9.96118927001953 12.7887210845947
"205" 21.5542850494385 10.6585693359375 12.4776067733765
"206" 21.1045722961426 12.4061002731323 12.7701539993286
"207" 20.9742221832275 13.7530488967896 12.7053661346436
"208" 20.9203987121582 14.7158880233765 12.5632247924805
"209" 21.9389324188232 9.47741508483887 10.2694091796875
"210" 21.4027538299561 9.73483371734619 11.5330400466919
"211" 21.0479679107666 9.78738212585449 12.7282085418701
"212" 20.6988620758057 11.0624084472656 12.5634241104126
"213" 20.5356597900391 12.5555562973022 12.638692855835
"214" 20.4730663299561 14.2998428344727 12.577356338501
"215" 21.2297992706299 9.27595806121826 10.0125684738159
"216" 20.8240222930908 9.39455890655518 11.2580881118774
"217" 20.4297332763672 9.43753910064697 12.6401968002319
"218" 20.1071701049805 10.1291675567627 12.2665491104126
"219" 19.9347400665283 11.8133659362793 12.5100908279419
"220" 19.8198261260986 13.0736989974976 12.6077146530151
"221" 19.4784107208252 14.8726205825806 12.5978326797485
"222" 20.6662330627441 9.12134742736816 9.87082481384277
"223" 20.267406463623 9.22946834564209 11.1974725723267
"224" 19.6607875823975 9.26177597045898 12.3321189880371
"225" 19.2323932647705 9.81571197509766 12.9130964279175
"226" 19.2424411773682 11.2139310836792 12.4128522872925
"227" 19.2251987457275 12.665904045105 12.629828453064
"228" 19.2677230834961 14.4603872299194 12.6580858230591
"229" 19.3897838592529 8.84277820587158 9.96121597290039
"230" 18.9793224334717 9.36214542388916 12.0947704315186
"231" 18.7105236053467 8.8061990737915 12.7110586166382
"232" 18.5851078033447 9.74704456329346 12.2924671173096
"233" 18.7355976104736 11.127513885498 12.4440994262695
"234" 18.8756904602051 12.6616954803467 12.682806968689
"235" 18.3372001647949 14.2688999176025 12.8143997192383
"236" 18.6255989074707 8.61600685119629 9.99662303924561
"237" 18.0699939727783 9.29953384399414 12.2250967025757
"238" 17.8584423065186 8.74373340606689 12.7159814834595
"239" 17.7605171203613 9.83868312835693 12.4247522354126
"240" 18.3586006164551 11.7488927841187 12.6427602767944
"241" 18.1731491088867 13.7026281356812 12.9052295684814
"242" 17.5784816741943 8.32776165008545 9.51895332336426
"243" 17.1916904449463 8.31116008758545 11.5360870361328
"244" 16.8716850280762 9.14035701751709 12.4138679504395
"245" 17.045560836792 9.36801242828369 12.4553375244141
"246" 17.4965114593506 10.5119104385376 12.7214679718018
"247" 17.7117538452148 12.0351791381836 12.9939241409302
"248" 16.6926879882812 14.1023817062378 12.9635496139526
"249" 16.6291484832764 8.00489807128906 9.62725639343262
"250" 16.3096561431885 8.68389797210693 12.4070415496826
"251" 16.0484828948975 8.61041736602783 12.467586517334
"252" 16.2723293304443 9.46194648742676 12.8047142028809
"253" 17.1550979614258 11.0020389556885 12.9839658737183
"254" 16.0286998748779 13.4883003234863 13.12380027771
"255" 16.4200000762939 14.2152996063232 13.0158004760742
"256" 15.0518684387207 7.5977635383606 10.0435733795166
"257" 14.8134784698486 8.52695274353027 12.6624088287354
"258" 15.1204853057861 8.52289390563965 12.6548089981079
"259" 14.6758508682251 9.71183490753174 12.8847818374634
"260" 14.0228996276855 10.104100227356 12.6436996459961
"261" 15.5319004058838 13.2876996994019 13.1932001113892
"262" 15.2787590026855 13.7088813781738 13.2369203567505
"263" 14.0387916564941 7.36405229568481 10.0356426239014
"264" 14.3420715332031 7.93340253829956 12.3788566589355
"265" 14.1154632568359 9.03765773773193 12.680983543396
"266" 13.6716003417969 10.2135000228882 12.599100112915
"267" 13.7611560821533 11.7042255401611 13.3378658294678
"268" 14.0916004180908 13.1605997085571 13.4913997650146
"269" 12.7412996292114 7.07000017166138 10.447699546814
"270" 13.266396522522 8.46386909484863 12.7331275939941
"271" 13.1432294845581 8.72201538085938 12.7749814987183
"272" 13.1708974838257 9.91488361358643 12.6521644592285
"273" 13.3645172119141 10.4312782287598 12.816499710083
"274" 13.4862003326416 12.5486001968384 13.4794998168945
"275" 11.8764905929565 7.02064895629883 11.4829416275024
"276" 12.4001712799072 8.04675197601318 12.8648519515991
"277" 12.7909440994263 9.44081401824951 12.7225074768066
"278" 12.7801628112793 10.9737672805786 13.1349182128906
"279" 12.4112997055054 13.5066003799438 13.6774997711182
"280" 11.2956962585449 6.85524892807007 10.3626756668091
"281" 12.1729488372803 8.24419975280762 12.9373245239258
"282" 11.684513092041 8.93091011047363 12.9938097000122
"283" 11.8502902984619 10.3290157318115 13.2700366973877
"284" 11.6806001663208 12.5773000717163 13.6743001937866
"285" 10.9042463302612 6.7953405380249 10.0946340560913
"286" 11.3928003311157 8.88220977783203 13.1099996566772
"287" 10.8183431625366 8.9326810836792 13.5851974487305
"288" 10.7859401702881 10.5045232772827 13.6362648010254
"289" 9.15275287628174 6.74710893630981 10.2586498260498
"290" 10.5714149475098 8.99023628234863 13.7291774749756
"291" 10.0386590957642 8.43120574951172 14.1611852645874
"292" 9.69166660308838 9.66681861877441 14.1713447570801
"293" 7.89620399475098 7.34055471420288 10.975546836853
"294" 7.79871654510498 7.68463373184204 12.3817710876465
"295" 9.31776809692383 8.79637241363525 14.4751138687134
"296" 9.02518272399902 8.75917816162109 14.6449737548828
"297" 8.09685897827148 7.30583572387695 11.6220026016235
"298" 8.07554912567139 7.46070098876953 13.0864953994751
"299" 4.77412080764771 23.9540615081787 12.5326509475708
"300" 5.50352144241333 23.1705837249756 13.4942398071289
"301" 6.02996778488159 23.0558605194092 13.9419507980347
"302" 7.13415288925171 23.1509532928467 14.4413194656372
"303" 8.01972484588623 23.2284698486328 14.5009689331055
"304" 10.4017000198364 23.6870994567871 13.7167997360229
"305" 4.63584041595459 23.6740131378174 11.9497890472412
"306" 5.54574871063232 22.8386878967285 13.4429807662964
"307" 5.88701725006104 22.0301990509033 14.6188726425171
"308" 6.89350891113281 22.3033885955811 14.0322265625
"309" 9.1594409942627 22.5394535064697 13.8415584564209
"310" 10.5060844421387 22.8441543579102 13.4048080444336
"311" 4.80810022354126 22.6172943115234 11.7832765579224
"312" 5.45209169387817 22.0227146148682 12.8740644454956
"313" 5.87009716033936 21.2601757049561 14.0557670593262
"314" 6.83463716506958 21.5725860595703 13.8007354736328
"315" 8.1248254776001 21.6880970001221 13.7888784408569
"316" 9.8971586227417 21.7132339477539 13.4112997055054
"317" 10.7665004730225 21.7861995697021 13.1736001968384
"318" 4.84432697296143 21.8180484771729 11.4563331604004
"319" 5.82170295715332 21.0335102081299 13.0877723693848
"320" 5.99271535873413 20.5378475189209 13.7656688690186
"321" 6.5606837272644 20.5078639984131 13.9190254211426
"322" 7.91737031936646 20.7907657623291 13.6247282028198
"323" 9.49530506134033 21.1193733215332 13.4461231231689
"324" 10.4232501983643 20.9862899780273 13.2132501602173
"325" 4.94119167327881 21.0345230102539 11.2857484817505
"326" 5.48936700820923 20.3627052307129 12.4735908508301
"327" 6.21901988983154 19.6966533660889 13.2723875045776
"328" 7.13784980773926 19.7068958282471 13.4344396591187
"329" 8.37078380584717 19.7767066955566 13.3384504318237
"330" 10.0665769577026 20.4596061706543 13.2744846343994
"331" 5.09101057052612 19.771505355835 11.37672996521
"332" 5.67693901062012 19.1168251037598 12.755859375
"333" 6.31156539916992 18.7950057983398 13.1896858215332
"334" 8.0108470916748 19.2151832580566 13.2989959716797
"335" 8.54575538635254 19.3328685760498 13.280125617981
"336" 10.5933103561401 19.836311340332 13.2287998199463
"337" 5.20547199249268 18.5992584228516 11.3636293411255
"338" 5.72735691070557 18.1303405761719 12.8516130447388
"339" 6.54480314254761 17.7981643676758 13.2157335281372
"340" 7.55139827728271 18.1599903106689 13.2672414779663
"341" 8.55961990356445 18.6131973266602 13.3075017929077
"342" 10.3475370407104 19.1739063262939 13.3694467544556
"343" 5.18589973449707 17.5638160705566 10.8120212554932
"344" 5.70857000350952 17.2205009460449 12.7110996246338
"345" 6.62740612030029 16.7877960205078 13.2364749908447
"346" 7.68640661239624 17.5125179290771 13.3358154296875
"347" 9.00531959533691 18.0497570037842 13.5211114883423
"348" 11.1106996536255 18.1380004882812 13.2476997375488
"349" 5.29229736328125 16.6002159118652 11.0069904327393
"350" 6.5291690826416 16.319751739502 13.2216234207153
"351" 6.2800440788269 15.9144916534424 13.4335527420044
"352" 7.1669979095459 16.3591709136963 13.4144163131714
"353" 8.03933048248291 16.9831790924072 13.5085105895996
"354" 9.24496269226074 17.1665592193604 13.7893371582031
"355" 11.1653184890747 17.2231521606445 13.3609266281128
"356" 5.38680982589722 15.1833486557007 10.7795152664185
"357" 6.46427965164185 14.8778228759766 13.2452011108398
"358" 6.26806592941284 14.8516407012939 13.1395072937012
"359" 7.09775066375732 15.0757904052734 13.4885177612305
"360" 8.45347690582275 15.6049222946167 13.7958278656006
"361" 10.2275228500366 16.0103359222412 13.7807474136353
"362" 11.3456001281738 16.2749996185303 13.4631996154785
"363" 5.7059497833252 13.5701999664307 11.4270000457764
"364" 6.2482213973999 13.6393203735352 13.0424337387085
"365" 6.58529043197632 13.8375244140625 13.2705249786377
"366" 7.78843545913696 14.1211833953857 13.3846817016602
"367" 8.66751956939697 13.9260997772217 13.1395998001099
"368" 10.8955879211426 15.2752923965454 13.7049779891968
"369" 5.88897800445557 12.2666606903076 11.2030067443848
"370" 7.11528444290161 12.5921611785889 13.1898078918457
"371" 6.69211196899414 12.8771810531616 13.1493339538574
"372" 8.49797630310059 13.4393672943115 13.0317478179932
"373" 9.01588344573975 13.3370361328125 13.0329122543335
"374" 10.7452049255371 14.1318759918213 13.7255058288574
"375" 6.2279200553894 11.1315746307373 11.7951211929321
"376" 6.34119176864624 11.2936153411865 12.9362144470215
"377" 6.93492221832275 11.86487865448 13.2637605667114
"378" 8.80170345306396 12.1374893188477 13.1836261749268
"379" 9.59910774230957 12.2475566864014 13.4520320892334
"380" 11.4011144638062 12.3179960250854 13.7734308242798
"381" 6.07896852493286 10.5246477127075 10.8647651672363
"382" 6.49167013168335 10.5503997802734 12.3248996734619
"383" 8.24542617797852 10.8973779678345 13.5695819854736
"384" 8.72546100616455 10.6799640655518 13.7748155593872
"385" 9.82131576538086 10.4336881637573 13.8241004943848
"386" 6.44191646575928 9.26365280151367 10.6997308731079
"387" 6.93893337249756 9.16355800628662 12.561918258667
"388" 8.36329174041748 9.62059688568115 14.2978734970093
"389" 7.04939222335815 8.31166839599609 11.3737392425537
"390" 7.51284980773926 8.2094202041626 13.1799001693726
