"V1" "V2" "V3"
"1" 43.0335350036621 36.0109519958496 12.7119960784912
"2" 44.3197 34.9946 13.0784
"3" 45.2688 33.8772 13.933
"4" 46.0677 32.7842 14.8985
"5" 47.1436 31.5984 15.4455
"6" 48.329 30.3795 15.5293
"7" 49.4778 29.1265 15.6142
"8" 50.5556 28.0064 15.4376
"9" 51.5606 26.7733 15.4493
"10" 52.4431 25.3752 15.4804
"11" 53.3176 23.9168 15.4437
"12" 54.3496 22.7463 15.4959
"13" 55.2121 21.621 15.7696
"14" 55.8592 20.2067 16.3706
"15" 56.2736 18.6692 15.9927
"16" 56.0636978149414 17.278564453125 15.0395431518555
"17" 28.279806137085 35.1407051086426 8.27738952636719
"18" 28.5719 36.0464 8.9681
"19" 28.4877 37.0547 9.5847
"20" 28.8076 38.1394 9.5767
"21" 29.3259 39.1205 9.1406
"22" 29.3775 40.1788 8.6472
"23" 28.5462 40.7524 8.1182
"24" 27.6917 40.4594 7.3961
"25" 26.8566 39.7665 6.9138
"26" 26.4068 38.75 7.3711
"27" 26.0389 37.6904 7.3427
"28" 25.8853 36.5894 6.9104
"29" 26.497 35.6148 7.0331
"30" 27.458 35.0555 7.4029
"31" 43.0335350036621 36.0109519958496 12.7119960784912
"32" 41.0533790588379 26.4490871429443 17.2585964202881
"33" 47.595272064209 25.938024520874 29.5488624572754
"34" 45.9165 25.7557 30.6013
"35" 44.0899 25.5243 31.2687
"36" 42.1363 25.4155 31.4915
"37" 40.3408 26.2067 31.771
"38" 38.8397 27.4397 32.1031
"39" 37.8898 29.0967 31.732
"40" 37.7387 31.0063 31.3271
"41" 37.5745 32.7197 30.341
"42" 37.7454 34.2868 29.1552
"43" 38.316 35.5352 27.7298
"44" 39.2464 35.8999 26.0351
"45" 40.3674 36.2958 24.4687
"46" 41.7123 36.0386 23.0479
"47" 43.1346 35.0833 22.0614
"48" 44.4792 33.7957 21.3588
"49" 45.5618 32.189 20.8843
"50" 46.6273 30.5178 20.9352
"51" 47.7644 29.0146 21.5268
"52" 48.5126 27.8138 22.8787
"53" 49.0659 26.9702 24.5911
"54" 49.4452 26.2718 26.4047
"55" 48.9344 26.3248 28.1221
"56" 39.7708740234375 29.2792701721191 17.7480621337891
"57" 40.5766 28.2609 17.0519
"58" 41.5326 27.1696 16.8199
"59" 42.5504 26.1143 16.8128
"60" 43.5597 25.0498 16.7947
"61" 44.4021 23.9795 17.149
"62" 45.5308 23.0349 17.0751
"63" 46.3443 21.8348 17.1569
"64" 46.9057 20.4912 17.1304
"65" 47.0342750549316 19.1113109588623 16.7470073699951
"66" 39.7708740234375 29.2792701721191 17.7480621337891
"67" 52.1787338256836 18.1865348815918 27.7504844665527
"68" 47.0342750549316 19.1113109588623 16.7470073699951
"69" 52.1787338256836 18.1865348815918 27.7504844665527
"70" 50.9817 18.4277 29.8731
"71" 48.8371 18.6476 31.1249
"72" 46.4241 19.138 31.6614
"73" 43.9447 19.6177 31.728
"74" 41.4926 20.224 31.7731
"75" 39.0286 20.6827 32.1019
"76" 36.6042 21.3179 32.3776
"77" 34.1402 21.8101 32.547
"78" 31.6754 22.2957 32.7404
"79" 29.3319 23.0174 32.2719
"80" 26.9735 23.5691 31.5409
"81" 24.745 24.2039 30.5829
"82" 22.4379 24.658 29.6926
"83" 20.1095 25.3801 29.0213
"84" 17.7563 26.1348 28.5032
"85" 15.2996 26.6417 28.213
"86" 12.8462 27.1608 27.9193
"87" 10.38121509552 27.6702518463135 28.0956306457519
"88" 13.4798526763916 26.4788112640381 11.8208351135254
"89" 10.38121509552 27.6702518463135 28.0956306457519
"90" 56.0636978149414 17.278564453125 15.0395431518555
"91" 36.5229606628418 5.27773475646973 12.8785009384155
"92" 38.3608 5.9988 13.024
"93" 39.9051 6.8761 14.0979
"94" 41.6239 7.644 14.9
"95" 43.4503 8.3911 15.1009
"96" 45.2274 9.1732 15.1303
"97" 46.8769 9.9655 15.2553
"98" 48.4671 10.8995 15.4465
"99" 50.1236 11.8279 15.4337
"100" 51.6496 12.8254 15.8148
"101" 53.166 13.7327 15.9007
"102" 54.3798 14.4192 16.1217
"103" 55.554 15.8164 16.3311
"104" 56.0636978149414 17.278564453125 15.0395431518555
"105" 36.5229606628418 5.27773475646973 12.8785009384155
"106" 39.5761642456055 14.8191022872925 16.9424419403076
"107" 45.0093460083008 12.5537519454956 29.5949001312256
"108" 43.3256 13.4466 30.5029
"109" 41.4973 14.3877 30.9474
"110" 39.4925 14.8903 31.296
"111" 37.465 14.7702 31.7114
"112" 35.4878 14.1089 31.7107
"113" 34.3693 12.3568 31.5465
"114" 33.2336 10.6607 31.0628
"115" 32.7089 9.2284 29.6627
"116" 32.416 7.6756 28.2992
"117" 32.8221 6.7412 26.488
"118" 33.8857 6.2642 24.7384
"119" 35.119 5.9868 23.054
"120" 36.7117 5.8296 21.6915
"121" 38.5275 6.4065 20.8804
"122" 40.4072 7.2915 20.514
"123" 42.2165 8.3255 20.2984
"124" 43.9497 9.3676 20.8467
"125" 45.248 10.1161 22.2669
"126" 46.0616 10.5797 24.1545
"127" 46.4257 11.0113 26.159
"128" 46.052 11.4766 28.108
"129" 36.4425468444824 12.8031320571899 17.5083389282227
"130" 37.3405 13.7199 16.8541
"131" 38.4858 14.5396 16.7226
"132" 39.9355 14.7326 16.7082
"133" 41.3575 15.0006 16.7546
"134" 42.6496 15.5962 16.8347
"135" 43.9045 16.3357 16.952
"136" 45.1804 16.9718 17.0673
"137" 46.3233 17.8641 17.0289
"138" 47.0342750549316 19.1113109588623 16.7470073699951
"139" 36.4425468444824 12.8031320571899 17.5083389282227
"140" 28.2705898284912 35.1004676818848 8.12238788604736
"141" 27.7152004241943 35.0638008117676 7.48050022125244
"142" 27.5119361877441 35.122615814209 7.331702709198
"143" 27.2369003295898 35.2107009887695 7.20270013809204
"144" 26.4337997436523 35.7002983093262 6.98312997817993
"145" 28.3117713928223 35.8021545410156 8.51696681976318
"146" 27.7301330566406 36.0140571594238 8.15492820739746
"147" 27.4462013244629 36.1284790039062 7.93274068832397
"148" 26.8708419799805 36.2873992919922 7.39685964584351
"149" 26.5949993133545 36.6537017822266 7.22811985015869
"150" 28.4500427246094 36.0607223510742 8.710036277771
"151" 27.7915077209473 36.2764701843262 8.28798294067383
"152" 27.3497333526611 36.4510307312012 7.96673202514648
"153" 26.8215980529785 36.7206840515137 7.47362995147705
"154" 26.503532409668 37.0489959716797 7.38654232025146
"155" 28.2568397521973 36.4514770507812 8.83739376068115
"156" 27.732629776001 36.6871109008789 8.47887516021729
"157" 27.3971138000488 36.7491645812988 8.16467094421387
"158" 26.7755699157715 36.9441108703613 7.5790901184082
"159" 26.3887348175049 37.3612251281738 7.46465492248535
"160" 28.1397113800049 36.6811828613281 8.91830253601074
"161" 27.7981853485107 37.9247894287109 8.6378698348999
"162" 27.7436046600342 38.3506202697754 8.19036483764648
"163" 27.3242340087891 38.4675483703613 7.85421752929688
"164" 26.6965217590332 38.5407829284668 7.56883573532104
"165" 28.0383987426758 37.6508941650391 9.0649299621582
"166" 27.755880355835 37.9060287475586 8.60726737976074
"167" 27.8094997406006 38.3847999572754 8.19336032867432
"168" 27.396821975708 38.6109352111816 7.7566065788269
"169" 26.9134693145752 38.6737937927246 7.53270292282104
"170" 28.4542789459229 38.2238349914551 8.94979286193848
"171" 28.0308742523193 38.370922088623 8.37450981140137
"172" 27.5097465515137 38.5484199523926 7.86889505386353
"173" 26.9319019317627 38.7956275939941 7.45617580413818
"174" 28.7601146697998 38.6635322570801 8.72690582275391
"175" 28.3872528076172 38.6860389709473 8.31982231140137
"176" 28.0245323181152 38.8434181213379 7.92904567718506
"177" 27.3138160705566 39.0183563232422 7.41892957687378
"178" 29.0868721008301 39.1101417541504 8.65209197998047
"179" 28.6021747589111 39.1426773071289 8.13125324249268
"180" 28.0914421081543 39.263370513916 7.69824075698853
"181" 27.4869079589844 39.4419593811035 7.25813913345337
"182" 29.0582237243652 39.5389823913574 8.34319972991943
"183" 28.6522083282471 39.6407089233398 7.95387268066406
"184" 28.2383556365967 39.6819496154785 7.63504362106323
"185" 27.5920219421387 39.7668075561523 7.25369501113892
"186" 28.7735290527344 40.1244354248047 8.03390884399414
"187" 28.3771781921387 40.113208770752 7.71615791320801
"188" 27.9288864135742 40.2346725463867 7.46018171310425
"189" 43.1997337341309 34.9160194396973 14.9940881729126
"190" 43.3232116699219 34.9004859924316 16.4809589385986
"191" 43.6763916015625 33.5770378112793 18.3145294189453
"192" 43.6241607666016 32.9343299865723 17.9854316711426
"193" 42.0324058532715 30.3080863952637 18.6518058776855
"194" 39.9787063598633 29.6824054718018 18.1596870422363
"195" 39.7187995910645 29.6354999542236 17.9813995361328
"196" 43.6922187805176 34.5854377746582 14.5274333953857
"197" 43.4405212402344 34.0442123413086 16.4410400390625
"198" 43.6699028015137 33.263111114502 18.2195453643799
"199" 43.6250610351562 33.0475044250488 17.8292427062988
"200" 42.2736015319824 30.1075992584229 18.0095996856689
"201" 40.5478630065918 29.0687065124512 17.544261932373
"202" 44.3883895874023 33.6758232116699 15.2798547744751
"203" 43.9127044677734 33.4120750427246 16.7081031799316
"204" 43.6598205566406 32.734920501709 18.377311706543
"205" 43.7144508361816 32.817626953125 18.0581874847412
"206" 42.30712890625 30.0620918273926 17.9667930603027
"207" 42.3306999206543 30.0300998687744 17.9367008209229
"208" 40.6996192932129 28.7030563354492 17.2960147857666
"209" 44.9055786132812 32.996826171875 15.8432512283325
"210" 44.3808097839355 32.7520713806152 17.4673328399658
"211" 43.5500755310059 32.1338806152344 18.9500675201416
"212" 44.0209922790527 32.5596961975098 18.007438659668
"213" 42.8969993591309 29.826099395752 17.6550998687744
"214" 40.7901992797852 28.824499130249 17.4060001373291
"215" 45.506721496582 32.3677940368652 16.1329135894775
"216" 44.6873016357422 32.3292007446289 17.5491008758545
"217" 44.1678466796875 31.7394962310791 18.8563232421875
"218" 44.5601921081543 31.5312557220459 18.7321453094482
"219" 43.0769996643066 29.8663005828857 17.6947994232178
"220" 42.828800201416 29.7292003631592 17.6270999908447
"221" 41.2183990478516 27.7327995300293 16.8404998779297
"222" 45.8068809509277 32.1548881530762 16.1998100280762
"223" 45.4949913024902 31.6405029296875 17.3931121826172
"224" 44.2436561584473 30.3130970001221 18.7012329101562
"225" 44.364372253418 30.4749298095703 18.8193531036377
"226" 43.4461936950684 29.9021682739258 17.9828796386719
"227" 43.2107009887695 29.5615005493164 17.5072002410889
"228" 41.0281562805176 28.3022994995117 17.1218852996826
"229" 46.6645355224609 31.0431137084961 16.7496509552002
"230" 44.8523330688477 29.2456951141357 18.0853309631348
"231" 44.8072280883789 29.9749717712402 18.6072769165039
"232" 44.7389297485352 29.96604347229 18.571231842041
"233" 43.79150390625 29.2714080810547 17.5011940002441
"234" 43.9205017089844 28.9633007049561 17.2952995300293
"235" 41.7060432434082 27.374361038208 16.8607158660889
"236" 47.5421752929688 30.2487449645996 16.6480369567871
"237" 45.4904632568359 28.6514835357666 18.0082473754883
"238" 45.4220314025879 29.1817359924316 18.6493396759033
"239" 45.2164192199707 29.3057289123535 18.4178199768066
"240" 44.1008987426758 28.7775993347168 17.2063999176025
"241" 42.0462989807129 27.3462009429932 17.0100994110107
"242" 48.6587982177734 29.2663993835449 16.5466003417969
"243" 46.3008880615234 27.7378444671631 17.8866748809814
"244" 46.4391784667969 28.5063438415527 18.6616497039795
"245" 46.0486793518066 28.7316017150879 18.5880527496338
"246" 45.1974143981934 28.2675437927246 17.4355850219727
"247" 44.9828987121582 27.9036998748779 17.0874004364014
"248" 42.1786575317383 26.787145614624 16.7662372589111
"249" 49.3019104003906 28.483118057251 16.6477088928223
"250" 47.1229362487793 26.9377765655518 18.0009803771973
"251" 47.289665222168 27.7684078216553 18.7161121368408
"252" 46.5726318359375 27.4177894592285 17.8661956787109
"253" 45.9241180419922 26.8484859466553 16.9527339935303
"254" 45.8195533752441 26.8735485076904 16.9625778198242
"255" 43.0586738586426 25.6640739440918 16.7591667175293
"256" 50.7507858276367 26.8669586181641 16.5204792022705
"257" 48.153564453125 25.8561916351318 17.9402618408203
"258" 48.1663436889648 26.7488059997559 18.5691566467285
"259" 47.6148262023926 26.3160953521729 17.9148216247559
"260" 46.9724273681641 25.7744827270508 17.0562973022461
"261" 46.7990989685059 25.7054996490479 17.0004005432129
"262" 44.3100471496582 24.5495014190674 16.9179134368896
"263" 51.3942985534668 26.0403995513916 16.256799697876
"264" 48.9159927368164 25.5451698303223 18.2329921722412
"265" 49.0196533203125 25.4486885070801 18.2336273193359
"266" 48.4668464660645 24.5757350921631 17.5058917999268
"267" 48.0965232849121 24.2474021911621 17.2173671722412
"268" 45.7628326416016 22.8238525390625 17.1276264190674
"269" 52.508129119873 24.5268478393555 16.1578521728516
"270" 49.8621025085449 24.1345729827881 18.2158203125
"271" 49.8721771240234 24.3456058502197 18.2916831970215
"272" 49.3955268859863 23.8374099731445 17.9619445800781
"273" 49.0650253295898 23.025857925415 17.383960723877
"274" 49.0382995605469 22.818000793457 17.3397998809814
"275" 52.7378997802734 23.1149997711182 17.2938995361328
"276" 50.9450759887695 23.4449596405029 18.5355567932129
"277" 50.2108383178711 22.8523845672607 18.0265026092529
"278" 49.526798248291 22.2052001953125 17.4598999023438
"279" 47.8299369812012 20.0717430114746 17.3474750518799
"280" 54.0017700195312 22.5410099029541 16.1743717193604
"281" 52.616943359375 22.740364074707 17.8353233337402
"282" 51.1292991638184 21.9085025787354 18.2586688995361
"283" 50.6064987182617 21.1219005584717 17.8943004608154
"284" 49.1179962158203 19.0237197875977 17.2194538116455
"285" 55.1610794067383 21.2198295593262 15.9877901077271
"286" 51.1315002441406 20.9741992950439 18.118200302124
"287" 51.533519744873 20.5670166015625 18.5461940765381
"288" 50.38037109375 19.631160736084 18.4468097686768
"289" 55.5883026123047 20.0075569152832 16.710916519165
"290" 52.258716583252 18.3864116668701 18.0534343719482
"291" 51.640998840332 19.3480186462402 18.8285140991211
"292" 51.0788536071777 18.5932922363281 19.4392433166504
"293" 54.666561126709 17.6364078521729 16.6859016418457
"294" 53.32421875 18.003381729126 17.9025936126709
"295" 52.8197250366211 18.893138885498 19.5800819396973
"296" 51.6361503601074 18.2840900421143 20.1044025421143
"297" 54.529842376709 17.7036418914795 16.8974514007568
"298" 52.9391098022461 18.1410465240479 18.4299201965332
"299" 37.0634574890137 6.52323532104492 14.6397924423218
"300" 37.7825012207031 7.17887020111084 16.2908992767334
"301" 38.1097450256348 7.79232835769653 17.002893447876
"302" 38.2659645080566 8.08992004394531 17.4250507354736
"303" 37.8847999572754 11.0516996383667 17.9582996368408
"304" 36.5241012573242 12.5474996566772 17.63330078125
"305" 37.5826416015625 6.50568866729736 14.2060375213623
"306" 37.8456764221191 7.29036998748779 16.3491268157959
"307" 38.274585723877 8.11184692382812 17.4582500457764
"308" 38.2543601989746 8.06041240692139 17.38037109375
"309" 38.3033981323242 11.168399810791 17.4925994873047
"310" 37.4194869995117 12.7757816314697 17.1180877685547
"311" 38.413703918457 6.89823818206787 14.7586698532104
"312" 38.1790390014648 7.57631969451904 16.5353336334229
"313" 38.4586029052734 8.45319080352783 17.8304309844971
"314" 38.4433517456055 8.43246650695801 17.7596988677979
"315" 38.488899230957 11.0904998779297 17.4136009216309
"316" 37.7526741027832 12.7122488021851 17.2529373168945
"317" 38.2311630249023 13.6339817047119 16.6405048370361
"318" 39.2103996276855 7.44729089736938 15.2982759475708
"319" 38.9500923156738 8.17864513397217 17.2823333740234
"320" 38.7395896911621 8.83846664428711 18.1776428222656
"321" 38.7619590759277 9.43185043334961 18.4762592315674
"322" 38.8283843994141 10.8926954269409 17.4297523498535
"323" 38.8699989318848 11.2137002944946 17.2830009460449
"324" 38.3555374145508 13.5751075744629 16.7000293731689
"325" 40.0109748840332 7.80930328369141 15.6439743041992
"326" 39.8867034912109 8.37795543670654 16.9769611358643
"327" 39.7233085632324 9.22761344909668 18.2920150756836
"328" 39.5801277160645 10.2251472473145 18.1440448760986
"329" 39.421314239502 11.1296300888062 17.19260597229
"330" 39.9363136291504 11.5271158218384 17.0379467010498
"331" 41.2008743286133 8.31410312652588 16.0856494903564
"332" 40.8740119934082 8.97492694854736 17.5404014587402
"333" 40.6300086975098 9.61103916168213 18.3282852172852
"334" 40.169075012207 10.8123950958252 17.5570487976074
"335" 40.0311889648438 11.396954536438 17.0082817077637
"336" 39.2873649597168 13.5336141586304 16.9785137176514
"337" 42.4416007995605 8.85229778289795 16.3934478759766
"338" 41.2508010864258 10.7642002105713 17.770299911499
"339" 41.4559478759766 10.2375631332397 18.2887954711914
"340" 41.155330657959 10.6815729141235 17.8539199829102
"341" 40.780101776123 11.49951171875 16.939769744873
"342" 40.2382011413574 11.5574998855591 16.8987007141113
"343" 43.6818885803223 9.16578674316406 16.156551361084
"344" 43.0516014099121 9.51412963867188 17.3451995849609
"345" 42.4653511047363 10.4883012771606 18.5538158416748
"346" 41.9336853027344 11.2934417724609 17.5625019073486
"347" 41.747386932373 12.0963697433472 16.643253326416
"348" 41.6174964904785 12.0549192428589 16.6776371002197
"349" 44.7320747375488 9.5960578918457 16.2370052337646
"350" 43.6233024597168 11.5857973098755 17.8475170135498
"351" 43.6316070556641 10.9529571533203 18.438928604126
"352" 43.3413276672363 11.1185083389282 18.1483249664307
"353" 43.0486106872559 11.9666547775269 17.2205562591553
"354" 42.9133033752441 12.5311717987061 16.7511882781982
"355" 42.212100982666 14.6562995910645 17.0937004089355
"356" 46.4384346008301 10.2466382980347 16.1347274780273
"357" 45.1837959289551 12.0778799057007 18.0002517700195
"358" 45.1081886291504 11.5504541397095 18.404993057251
"359" 44.9852867126465 11.6612863540649 18.3521022796631
"360" 44.5424499511719 12.7929096221924 17.1238784790039
"361" 44.6193008422852 13.4271001815796 16.8323001861572
"362" 43.7855758666992 15.8156099319458 17.051248550415
"363" 47.9215469360352 11.3283090591431 16.6561145782471
"364" 47.1603050231934 11.6004285812378 18.1830291748047
"365" 46.4500350952148 12.1232118606567 18.3886966705322
"366" 46.345329284668 12.709264755249 18.0895690917969
"367" 46.0471839904785 13.7500944137573 17.4201602935791
"368" 46.0017013549805 14.0722999572754 17.1060009002686
"369" 48.6972389221191 13.1375198364258 16.0165710449219
"370" 48.7349090576172 12.3112926483154 17.6661968231201
"371" 47.8127174377441 12.5693197250366 18.4290561676025
"372" 47.6797065734863 14.2359609603882 17.8095245361328
"373" 47.6636390686035 14.930492401123 17.5144481658936
"374" 47.0087013244629 17.343900680542 17.5060997009277
"375" 50.6594505310059 12.9766473770142 16.8367347717285
"376" 50.0699729919434 13.2468204498291 18.1559448242188
"377" 49.3000564575195 13.5407304763794 18.5953922271729
"378" 49.005199432373 15.3987998962402 17.8773994445801
"379" 49.567699432373 16.0263004302979 17.9930992126465
"380" 49.467903137207 18.2716255187988 17.3807678222656
"381" 52.5169296264648 13.7356262207031 16.2172088623047
"382" 51.3829002380371 14.1148996353149 17.7175998687744
"383" 50.8145599365234 15.0861988067627 18.6639308929443
"384" 50.6409873962402 16.2468433380127 18.6033344268799
"385" 50.3676071166992 17.6012096405029 18.9554195404053
"386" 53.468994140625 14.4616537094116 16.6215667724609
"387" 52.5488777160645 15.1228008270264 18.2172412872314
"388" 51.1953010559082 16.9020519256592 19.2874050140381
"389" 54.3459968566895 15.1076183319092 16.9825782775879
"390" 52.4614715576172 17.509147644043 18.8048896789551
