"V1" "V2" "V3"
"1" 5.84731864929199 39.2301063537598 8.65225315093994
"2" 6.3279 39.9254 7.0853
"3" 7.2577 41.5469 7.1598
"4" 7.7102 43.3288 7.5577
"5" 8.4066 45.0255 7.6132
"6" 9.2694 46.681 7.3153
"7" 10.0804 48.0513 7.2065
"8" 10.9729 49.5979 6.7555
"9" 11.8598 50.915 6.5708
"10" 13.0439 52.3011 6.2961
"11" 13.9947 53.7742 5.8263
"12" 15.0424 55.1795 6.1452
"13" 16.0255 56.4292 5.2823
"14" 17.3073 57.5499 5.8975
"15" 18.7876 58.4122 5.1952
"16" 20.4447994232178 58.756233215332 5.44771194458008
"17" 9.4824914932251 22.8993644714356 6.18839025497437
"18" 8.6247 22.8236 6.8158
"19" 7.7094 22.7276 7.2462
"20" 6.6966 23.0683 7.2206
"21" 5.6762 23.1327 6.9802
"22" 4.7663 22.8212 6.6644
"23" 4.6074 22.0052 6.099
"24" 4.8927 21.1185 5.6151
"25" 5.8222 20.7162 5.3516
"26" 6.8644 20.523 5.4464
"27" 7.8978 20.527 5.4
"28" 8.8618 20.799 5.0553
"29" 9.601 21.3675 4.9058
"30" 9.7411 22.2588 5.3727
"31" 5.84731864929199 39.2301063537598 8.65225315093994
"32" 15.0888004302978 41.7280120849609 11.542314529419
"33" 14.0197238922119 49.9662666320801 24.1929035186768
"34" 14.3213 48.168 25.3028
"35" 14.7582 46.2229 26.0346
"36" 14.8891 44.2785 26.5921
"37" 13.9762 42.4227 27.104
"38" 12.79 40.6458 27.1875
"39" 11.2164 39.2812 26.8243
"40" 9.6119 38.249 25.9287
"41" 8.1886 37.4058 24.5832
"42" 7.2191 37.2936 22.7386
"43" 6.5741 37.7909 20.7759
"44" 6.1071 38.6377 18.8717
"45" 5.6934 39.7716 17.1276
"46" 6.1147 41.4693 15.982
"47" 7.1594 43.1674 15.2077
"48" 8.1582 44.8583 14.3578
"49" 9.4546 46.4843 13.9488
"50" 10.6515 48.2171 14.2172
"51" 11.6433 49.8495 15.0426
"52" 12.2538 51.0692 16.677
"53" 12.5724 51.8342 18.6194
"54" 13.0132 51.9543 20.7016
"55" 13.3522 51.281 22.6421
"56" 12.9897289276123 38.4741172790527 12.5488367080688
"57" 14.1137 39.5214 11.8629
"58" 14.5891 41.1114 11.6171
"59" 15.1459 42.6331 11.4243
"60" 16.1417 43.9371 11.3052
"61" 17.0359 45.3942 11.1938
"62" 17.8022 46.9085 11.113
"63" 18.7028 48.3335 11.2488
"64" 19.5604 49.6587 10.6911
"65" 21.1077938079834 50.0454559326172 10.2271823883057
"66" 12.9897289276123 38.4741172790527 12.5488367080688
"67" 20.5114459991455 57.0968856811523 20.1322746276856
"68" 21.1077938079834 50.0454559326172 10.2271823883057
"69" 20.5114459991455 57.0968856811523 20.1322746276856
"70" 20.4953 56.2795 22.7502
"71" 20.536 54.2881 24.699
"72" 20.7007 51.7076 25.7521
"73" 20.9611 49.011 26.4375
"74" 20.9976 46.3306 27.1988
"75" 21.2375 43.6255 27.847
"76" 21.2282 40.9322 28.3868
"77" 21.2732 38.2004 28.9802
"78" 21.5534 35.4835 29.3637
"79" 21.4479 32.7235 29.5486
"80" 21.7347 30.0629 29.1204
"81" 22.1084 27.3316 29.4592
"82" 22.4155 24.5496 29.5731
"83" 22.6222 21.7558 29.5071
"84" 22.9086 18.9715 29.6071
"85" 23.0957 16.196 29.6827
"86" 23.5751 13.4542 29.3661
"87" 23.8607559204102 10.6807718276978 29.2352561950684
"88" 23.2629451751709 10.747314453125 13.8245439529419
"89" 23.8607559204102 10.6807718276978 29.2352561950684
"90" 20.4447994232178 58.756233215332 5.44771194458008
"91" 37.1686401367188 40.9754486083984 9.03922843933105
"92" 36.4513 42.2186 7.7429
"93" 35.3848 44.0362 8.0545
"94" 34.4741 45.9422 8.3532
"95" 33.3742 47.7445 8.1692
"96" 32.2076 49.4059 7.722
"97" 31.0289 50.9214 7.0478
"98" 29.825 52.4924 6.9562
"99" 28.5584 53.8723 6.5022
"100" 27.1599 55.346 6.3039
"101" 25.8228 56.6972 5.5835
"102" 24.2841 57.8565 5.8698
"103" 22.4909 58.6405 5.5209
"104" 20.4447994232178 58.756233215332 5.44771194458008
"105" 37.1686401367188 40.9754486083984 9.03922843933105
"106" 27.7958164215088 42.2641296386719 12.3391427993774
"107" 27.5694160461426 51.5644950866699 24.1016464233398
"108" 27.4117 49.7632 25.3678
"109" 27.1958 47.6751 26.0557
"110" 27.1853 45.5831 26.6347
"111" 27.8751 43.629 27.411
"112" 29.1727 41.9358 27.7685
"113" 30.7817 40.4601 27.5992
"114" 32.7849 39.78 27.1009
"115" 34.4649 39.2427 25.805
"116" 35.4378 39.2248 23.841
"117" 36.2779 39.6632 21.8463
"118" 36.7645 40.5306 19.872
"119" 37.0215 41.6559 17.9929
"120" 36.6279 43.1931 16.4963
"121" 35.5903 44.858 15.4993
"122" 34.2437 46.4414 14.7323
"123" 32.8142 48.0629 14.3445
"124" 31.4562 49.6981 14.7644
"125" 30.2453 50.8198 16.2197
"126" 29.5078 51.7651 18.0716
"127" 28.7403 52.368 20.0529
"128" 28.1607 52.4395 22.1627
"129" 30.2908058166504 39.6099700927734 13.0525140762329
"130" 29.0764 40.5113 12.3305
"131" 28.1757 41.8927 12.2861
"132" 27.5309 43.3795 11.899
"133" 26.4279 44.575 11.4714
"134" 25.2333 45.7334 11.3536
"135" 24.4202 47.1796 11.2791
"136" 23.7347 48.6298 10.9113
"137" 22.6696 49.8327 10.5888
"138" 21.1077938079834 50.0454559326172 10.2271823883057
"139" 30.2908058166504 39.6099700927734 13.0525140762329
"140" 9.28492832183838 22.807767868042 5.85411739349365
"141" 9.20928001403809 22.4960994720459 5.45920991897583
"142" 9.14493560791016 22.2116508483887 5.24332904815674
"143" 9.07820224761963 21.8295612335205 5.06149578094482
"144" 9.23561763763428 21.2876129150391 4.75771999359131
"145" 8.89430904388428 22.7570686340332 6.07010698318481
"146" 8.82736206054688 22.4293918609619 5.76042699813843
"147" 9.0015697479248 22.2646007537842 5.39226007461548
"148" 8.89943027496338 21.7570991516113 5.15091991424561
"149" 8.61108016967773 21.390100479126 5.15091991424561
"150" 8.48749160766602 22.6523323059082 6.26156663894653
"151" 8.38219261169434 22.2956809997559 5.97417306900024
"152" 8.43241405487061 22.0947856903076 5.77399158477783
"153" 8.31595993041992 21.4488410949707 5.38683986663818
"154" 8.06701755523682 21.0869483947754 5.34763622283936
"155" 8.13118648529053 22.5860290527344 6.46071481704712
"156" 7.99832963943481 22.2335834503174 6.15250396728516
"157" 7.762451171875 21.9981937408447 6.05528020858765
"158" 7.19555997848511 21.390100479126 5.70139980316162
"159" 7.61517333984375 21.0392551422119 5.50479984283447
"160" 7.68032073974609 22.4984741210938 6.66165733337402
"161" 7.528892993927 22.2051944732666 6.3174934387207
"162" 7.43560934066772 21.8400249481201 6.02627229690552
"163" 7.32272720336914 21.468168258667 5.78044652938843
"164" 7.20297050476074 21.0436935424805 5.5441198348999
"165" 7.25180578231812 22.5028400421143 6.6772518157959
"166" 7.06990671157837 22.1837005615234 6.29844522476196
"167" 6.9911093711853 21.8623752593994 6.01643466949463
"168" 6.86163759231567 21.4401226043701 5.7070894241333
"169" 6.77178239822388 21.0482196807861 5.47914361953735
"170" 6.65165328979492 22.7239437103271 6.62010335922241
"171" 6.59207201004028 22.2523460388184 6.17105579376221
"172" 6.54339122772217 21.692777633667 5.77146863937378
"173" 6.45555686950684 21.0971622467041 5.40627717971802
"174" 6.13784408569336 22.8259544372559 6.49999856948853
"175" 6.1896595954895 22.4333209991455 6.18943309783936
"176" 6.13888692855835 22.053674697876 5.8602614402771
"177" 6.1724271774292 21.3803730010986 5.42615985870361
"178" 5.63585472106934 22.959135055542 6.49080753326416
"179" 5.72607183456421 22.4693794250488 6.07297372817993
"180" 5.75203609466553 21.9546661376953 5.70212411880493
"181" 5.75945949554443 21.403881072998 5.29646348953247
"182" 5.27217578887939 22.8039817810059 6.24655151367188
"183" 5.30678129196167 22.4038372039795 5.8932204246521
"184" 5.38524007797241 22.0117645263672 5.57599782943726
"185" 5.43133020401001 21.4070224761963 5.21642780303955
"186" 4.89135217666626 22.4763889312744 5.84913730621338
"187" 5.00484180450439 22.0758476257324 5.50871276855469
"188" 4.94719457626343 21.6339244842529 5.19132614135742
"189" 7.00846242904663 39.9899253845215 9.74560737609863
"190" 7.47078990936279 40.5783004760742 10.8522996902466
"191" 9.58320999145508 39.6226005554199 12.7277002334595
"192" 9.58320999145508 39.6226005554199 12.7277002334595
"193" 10.0731000900269 39.5307006835938 12.6751003265381
"194" 12.3053998947144 39.0222015380859 12.595100402832
"195" 12.5985050201416 38.7551002502441 12.415753364563
"196" 7.27665996551514 40.6791000366211 8.98058032989502
"197" 7.53141927719116 40.8943328857422 11.283863067627
"198" 8.1678991317749 41.4642944335938 12.9502201080322
"199" 9.78276062011719 40.0911254882812 12.6236057281494
"200" 10.3746004104614 39.6769981384277 12.6042003631592
"201" 12.6167249679565 39.4219093322754 12.0821952819824
"202" 7.66739988327026 41.7264556884766 8.91504764556885
"203" 8.09940147399902 41.8469657897949 10.7466735839844
"204" 8.77100276947021 41.6376075744629 12.8594913482666
"205" 8.91950511932373 41.8951072692871 12.4891443252563
"206" 11.0559368133545 41.0191192626953 11.7573328018188
"207" 11.2936000823975 40.6962013244629 12.0319004058838
"208" 13.0149002075195 39.8311996459961 11.7959995269775
"209" 7.94263982772827 42.8194999694824 9.04360961914062
"210" 8.66876316070557 42.7032508850098 11.1442193984985
"211" 9.32200908660889 42.1903533935547 12.4947891235352
"212" 9.2519416809082 42.415397644043 12.2904233932495
"213" 11.0908136367798 41.1017036437988 11.6789884567261
"214" 13.0543003082275 40.185001373291 11.717399597168
"215" 8.17856025695801 43.630500793457 9.03378009796143
"216" 8.94895839691162 43.5248565673828 10.8027935028076
"217" 9.7178430557251 43.0474739074707 12.3522596359253
"218" 10.1516895294189 42.8541526794434 12.4644002914429
"219" 11.4012002944946 42.1903991699219 11.6009998321533
"220" 11.5993995666504 42.1510009765625 11.5600996017456
"221" 13.5261001586914 40.8535003662109 11.3634996414185
"222" 8.68972015380859 44.7738990783691 8.90110969543457
"223" 10.3881998062134 43.3413009643555 10.3201999664307
"224" 9.91914558410645 44.1170921325684 12.0357809066772
"225" 10.514422416687 43.9005584716797 12.2833232879639
"226" 11.2276592254639 42.9964027404785 11.8522624969482
"227" 11.9659700393677 43.0569686889648 11.1004877090454
"228" 13.604700088501 41.010799407959 11.3241996765137
"229" 9.43784046173096 45.9830017089844 8.94950008392334
"230" 10.4961757659912 44.8041000366211 10.5803556442261
"231" 10.966082572937 44.7171821594238 11.992600440979
"232" 10.7949390411377 44.4995384216309 12.0993127822876
"233" 11.7710666656494 43.5072898864746 11.2311325073242
"234" 11.9851999282837 43.0681991577148 11.0881996154785
"235" 13.9979000091553 41.4791641235352 11.1668996810913
"236" 10.4919996261597 46.6983985900879 9.55305004119873
"237" 10.5387001037598 46.3227996826172 10.5434999465942
"238" 11.5680713653564 45.607063293457 11.8273305892944
"239" 11.4065952301025 45.2252540588379 11.823637008667
"240" 12.4525003433228 43.9855995178223 10.7351999282837
"241" 14.1159000396729 42.4263000488281 11.0881996154785
"242" 10.5785999298096 48.2360000610352 7.7992901802063
"243" 11.0136995315552 47.6164016723633 9.54209995269775
"244" 11.5163021087646 47.142333984375 11.742582321167
"245" 11.8477506637573 46.3484077453613 11.7772274017334
"246" 12.5151882171631 45.3296279907227 10.8016119003296
"247" 13.0727643966675 44.8018646240234 10.4088172912598
"248" 14.5056047439575 42.4621200561523 10.9309997558594
"249" 11.4102344512939 49.5496520996094 7.85361194610596
"250" 12.0578002929688 48.8591003417969 9.95312976837158
"251" 12.3868923187256 48.0129699707031 11.2884311676025
"252" 12.9913291931152 47.1255874633789 10.7999544143677
"253" 13.7966194152832 46.3025169372559 10.0267190933228
"254" 15.2029638290405 44.4357757568359 10.8915996551514
"255" 15.2765779495239 43.7146224975586 10.773699760437
"256" 14.4303998947144 49.8577995300293 6.72372007369995
"257" 12.9460401535034 50.0479545593262 9.88900470733643
"258" 13.1955013275146 49.1472816467285 10.8131256103516
"259" 13.7893867492676 48.5243034362793 10.5824003219604
"260" 14.6461038589478 47.8619842529297 9.83204078674316
"261" 14.5531997680664 47.0242004394531 9.87047958374023
"262" 16.3331127166748 45.6250686645508 10.773699760437
"263" 14.6440000534058 50.1337013244629 6.72068023681641
"264" 13.8744335174561 50.5197906494141 10.4301071166992
"265" 14.2849502563477 50.3273506164551 10.5377998352051
"266" 15.3922309875488 49.8176116943359 10.0873699188232
"267" 15.924599647522 49.2680015563965 9.7513599395752
"268" 17.8520183563232 47.8150177001953 10.8522996902466
"269" 14.1552000045776 53.2785987854004 6.64508008956909
"270" 14.5506076812744 52.1130256652832 9.72931671142578
"271" 15.1373357772827 51.525276184082 10.5771055221558
"272" 15.7051296234131 51.0878295898438 10.216682434082
"273" 16.5536994934082 50.6441993713379 10.0265998840332
"274" 17.2443008422852 50.6052017211914 10.1090002059937
"275" 15.256199836731 54.2223014831543 8.02128028869629
"276" 15.7279453277588 52.6451644897461 10.1467990875244
"277" 16.2934684753418 52.1319580078125 10.026762008667
"278" 18.7068004608154 52.0607986450195 8.91234016418457
"279" 18.9393005371094 51.306999206543 9.6387300491333
"280" 15.6927003860474 55.130298614502 6.79247999191284
"281" 16.2244243621826 54.6240196228027 9.24664974212646
"282" 17.0827941894531 53.4183654785156 10.0259675979614
"283" 18.7830009460449 52.2495002746582 8.95878982543945
"284" 19.1744003295898 52.109001159668 9.13276958465576
"285" 16.5536994934082 56.3456001281738 6.42705011367798
"286" 18.0013008117676 55.2817993164062 8.48499965667725
"287" 18.1547431945801 54.0294609069824 10.8189649581909
"288" 20.2497997283936 53.8815002441406 10.5377998352051
"289" 17.9789352416992 57.4999542236328 6.33474969863892
"290" 18.8222999572754 55.5932006835938 8.46201038360596
"291" 19.1198272705078 54.8167610168457 11.2016134262085
"292" 20.6426219940186 54.5017738342285 11.6091861724854
"293" 19.6073951721191 55.8979873657227 7.17502069473267
"294" 19.9197006225586 55.7686996459961 8.40622043609619
"295" 20.0078067779541 55.4948425292969 10.5839328765869
"296" 20.646785736084 54.8394546508789 11.6396560668945
"297" 19.7509212493896 57.5345268249512 7.30084848403931
"298" 20.3964061737061 56.0561714172363 9.56059265136719
"299" 36.276481628418 41.8986473083496 10.4424448013306
"300" 35.5433311462402 42.6034889221191 11.733567237854
"301" 34.9412994384766 43.0155982971191 12.5376996994019
"302" 31.5013999938965 41.0303993225098 13.5261001586914
"303" 31.4218997955322 40.4202003479004 13.538800239563
"304" 30.4976997375488 40.7092018127441 12.4563999176025
"305" 36.0097999572754 42.201000213623 9.2934398651123
"306" 35.4205017089844 42.6716003417969 11.7585000991821
"307" 34.9412994384766 43.0155982971191 12.5376996994019
"308" 34.8833541870117 43.0413246154785 12.4684600830078
"309" 31.7705993652344 42.1562004089355 12.5840997695923
"310" 30.3651008605957 40.7892990112305 12.3458003997803
"311" 35.3866996765137 43.1636009216309 9.46179962158203
"312" 34.8241004943848 43.4179000854492 11.6084003448486
"313" 33.8926658630371 43.2130012512207 13.6049270629883
"314" 34.2084007263184 43.3699989318848 13.0542001724243
"315" 31.9000549316406 42.3165740966797 12.5574197769165
"316" 30.1935062408447 41.3054885864258 12.2320346832275
"317" 29.5685997009277 41.4432983398438 11.9533004760742
"318" 34.9555015563965 44.2350006103516 9.43677997589111
"319" 34.2467956542969 44.05322265625 12.0344133377075
"320" 33.577449798584 43.6707801818848 13.1697120666504
"321" 33.1590385437012 43.600025177002 13.3536911010742
"322" 31.888500213623 42.9374008178711 12.5038003921509
"323" 31.4953002929688 42.8587989807129 12.3465003967285
"324" 29.4756813049316 42.0044364929199 11.9471607208252
"325" 34.4967994689941 45.3586006164551 9.50648975372314
"326" 33.7759017944336 44.7854995727539 11.5993995666504
"327" 32.9270248413086 44.520679473877 12.8900127410889
"328" 32.0723152160645 44.1232986450195 12.9254903793335
"329" 31.2695026397705 43.531852722168 12.0711307525635
"330" 29.3955993652344 42.3660011291504 11.9296998977661
"331" 33.8544998168945 46.2402992248535 9.86935043334961
"332" 32.9903602600098 45.8300094604492 11.7193307876587
"333" 32.2856941223145 45.3053283691406 12.7431859970093
"334" 31.2971706390381 44.4344596862793 12.0727643966675
"335" 30.8974533081055 44.2252235412598 11.7140188217163
"336" 29.0841999053955 42.7549018859863 11.7299995422363
"337" 32.7536010742188 47.3805999755859 10.0265998840332
"338" 31.0235004425049 45.8863983154297 12.0319004058838
"339" 31.428258895874 45.9317054748535 12.4302968978882
"340" 31.0517120361328 45.4409484863281 12.027440071106
"341" 30.2927913665771 44.4285697937012 11.9964094161987
"342" 28.7261009216309 43.048698425293 11.5993995666504
"343" 32.5084648132324 48.4435577392578 8.97704982757568
"344" 31.7810363769531 47.7846984863281 11.1636762619019
"345" 30.7758159637451 46.8458862304688 12.1313819885254
"346" 30.3053417205811 45.8176689147949 11.4288883209229
"347" 29.8050003051758 45.5171012878418 10.9715995788574
"348" 28.1567478179932 43.490291595459 11.5207996368408
"349" 31.0387992858887 49.5275001525879 9.45267963409424
"350" 30.7705001831055 49.2345008850098 10.6319999694824
"351" 30.2125682830811 48.0135498046875 11.9139995574951
"352" 30.2208938598633 47.5226287841797 11.8591299057007
"353" 29.3824195861816 46.6566581726074 10.7679834365845
"354" 29.0573997497559 46.3956985473633 10.5170001983643
"355" 27.2358322143555 45.0520324707031 11.0095491409302
"356" 30.6730003356934 50.801399230957 8.29751014709473
"357" 30.1242160797119 50.1560020446777 10.2963571548462
"358" 29.6233577728271 49.4919281005859 12.085412979126
"359" 29.4392681121826 49.2893333435059 11.5428266525269
"360" 28.2460269927979 48.1161499023438 10.4256496429443
"361" 27.7882995605469 47.8268013000488 10.1464004516602
"362" 25.6575012207031 46.6966972351074 10.9702997207642
"363" 29.136100769043 52.1776008605957 8.78308010101318
"364" 28.7289962768555 51.4715995788574 10.6792802810669
"365" 28.4227771759033 50.6490478515625 11.3579320907593
"366" 27.9032363891602 50.3586273193359 11.1275997161865
"367" 27.0835285186768 49.8229560852051 10.3712167739868
"368" 26.2264366149902 49.7506484985352 9.97642421722412
"369" 28.2024974822998 53.5446472167969 7.71020698547363
"370" 27.7642211914062 52.9429054260254 9.56667804718018
"371" 27.5536785125732 52.0495948791504 11.0303945541382
"372" 26.0038108825684 51.5086936950684 10.4801664352417
"373" 25.3460998535156 51.1711006164551 9.89445972442627
"374" 24.3439998626709 51.3587989807129 10.4188003540039
"375" 26.785400390625 54.875 7.94418001174927
"376" 26.427059173584 54.1417503356934 9.63585090637207
"377" 26.3750114440918 53.3073310852051 10.3411998748779
"378" 24.7348003387451 53.244800567627 10.2622995376587
"379" 23.9066009521484 52.9575004577637 10.3804998397827
"380" 21.2721004486084 52.4528999328613 10.1051998138428
"381" 25.520544052124 56.4992446899414 6.69726228713989
"382" 25.1251106262207 55.7584953308105 8.7479133605957
"383" 24.1784000396729 54.5322570800781 10.1202964782715
"384" 23.236400604248 54.0592155456543 10.9309997558594
"385" 21.9642467498779 53.5561027526855 11.5879030227661
"386" 23.8173007965088 57.4830017089844 6.88766002655029
"387" 23.5527000427246 55.834400177002 8.25720024108887
"388" 22.1532192230225 54.7382164001465 11.1542119979858
"389" 22.2794189453125 57.9485015869141 6.97385358810425
"390" 21.6506748199463 55.9789962768555 9.83004379272461
