"V1" "V2" "V3"
"1" 38.8244323730469 21.9834022521973 54.5958404541016
"2" 38.1646 20.3391 54.4736
"3" 37.489 18.7416 54.8636
"4" 36.7467 17.1874 55.3229
"5" 35.9429 15.6362 55.5488
"6" 35.5128 14.0249 56.0613
"7" 34.5671 12.6161 55.5962
"8" 33.634 11.1961 55.0587
"9" 32.7691 9.7331 54.5314
"10" 31.7917 8.3223 54.0585
"11" 30.7618 6.8967 54.0695
"12" 29.6356 5.5772 53.916
"13" 28.4531 4.3262 53.6015
"14" 27.2079 3.0675 53.6672
"15" 26.0145 1.9866 54.1227
"16" 24.341588973999 1.60933685302734 53.6559028625488
"17" 36.4886817932129 34.3640975952148 54.848087310791
"18" 37.5311 34.4486 55.1551
"19" 38.5173 34.6176 55.5626
"20" 39.5445 34.5918 55.3118
"21" 40.4834 34.58 54.7497
"22" 41.402 34.934 54.3919
"23" 41.5828 35.9488 54.1369
"24" 41.0729 36.8587 53.9111
"25" 40.1242 37.047 53.9168
"26" 39.2319 36.9995 54.5523
"27" 38.2073 37.1449 54.8363
"28" 37.2164 37.0958 54.3895
"29" 36.5534 36.3039 54.1611
"30" 36.1959 35.3017 54.389
"31" 38.8244323730469 21.9834022521973 54.5958404541016
"32" 28.0839557647705 14.2769050598144 58.363037109375
"33" 30.5328884124756 13.323917388916 72.8891067504883
"34" 31.3214 15.0361 73.5268
"35" 32.3644 16.7202 73.5238
"36" 33.7726 18.0494 73.176
"37" 35.5526 18.7116 72.6192
"38" 36.9464 19.4467 71.4014
"39" 37.86 20.0845 69.7546
"40" 38.5599 20.2074 67.8948
"41" 39.1836 19.6766 66.0893
"42" 39.4021 18.5696 64.4569
"43" 38.9505 17.2144 63.1392
"44" 37.8211 15.7742 62.3324
"45" 36.6179 14.3607 61.58
"46" 35.3602 12.9344 60.9513
"47" 34.1195 11.376 60.8479
"48" 33.1629 9.7447 61.4478
"49" 32.4739 8.3825 62.6928
"50" 32.0078 7.5913 64.4426
"51" 31.8122 6.9857 66.3397
"52" 31.3612 7.297 68.2509
"53" 31.0503 8.2592 69.958
"54" 30.85 9.6778 71.3096
"55" 30.5166 11.5197 72.0163
"56" 31.3445663452148 19.2949829101562 60.0339431762695
"57" 30.6583 17.9916 59.4827
"58" 30.0096 16.6515 58.9612
"59" 29.1375 15.3952 58.5904
"60" 28.2426 14.1539 58.2047
"61" 27.5298 12.7856 57.9575
"62" 26.818 11.3853 57.7867
"63" 26.2066 9.9303 57.8239
"64" 25.3204 8.6378 57.7349
"65" 24.1009483337402 7.73023319244385 57.3933410644531
"66" 31.3445663452148 19.2949829101562 60.0339431762695
"67" 24.6547737121582 3.59031105041504 66.5821990966797
"68" 24.1009483337402 7.73023319244385 57.3933410644531
"69" 24.6547737121582 3.59031105041504 66.5821990966797
"70" 24.7718 3.7163 68.7675
"71" 24.7408 5.0092 70.5437
"72" 24.6767 6.8794 71.6878
"73" 24.388 8.939 72.4186
"74" 24.3001 10.9812 73.2194
"75" 24.1706 13.0759 73.9036
"76" 24.0438 15.1685 74.549
"77" 23.9277 17.34 74.9251
"78" 23.5896 19.5085 75.0713
"79" 23.2911 21.6507 75.2975
"80" 23.0918 23.8275 75.551
"81" 23.186 26.0211 75.5999
"82" 22.765 28.1852 75.6459
"83" 22.4381 30.3655 75.7391
"84" 22.2681 32.5676 75.7138
"85" 22.0621 34.7642 75.5926
"86" 21.8841 36.9625 75.5984
"87" 21.7493114471436 39.156078338623 75.7849578857422
"88" 21.1522369384766 43.5221939086914 63.1952667236328
"89" 21.7493114471436 39.156078338623 75.7849578857422
"90" 24.341588973999 1.60933685302734 53.6559028625488
"91" 6.42639923095703 19.1285190582275 55.2198181152344
"92" 7.4188 17.4421 55.1653
"93" 8.5988 15.8653 55.5674
"94" 9.7298 14.259 55.9999
"95" 10.9582 12.6875 56.2526
"96" 12.1857 11.101 56.3236
"97" 13.5287 9.6737 55.9648
"98" 14.9231 8.3057 55.502
"99" 16.3597 6.9098 55.3274
"100" 17.7776 5.6091 54.7801
"101" 19.2745 4.3015 54.4679
"102" 20.6809 2.9218 54.1931
"103" 22.4389 1.977 54.0802
"104" 24.341588973999 1.60933685302734 53.6559028625488
"105" 6.42639923095703 19.1285190582275 55.2198181152344
"106" 18.6784553527832 14.0969791412353 59.0881118774414
"107" 17.660701751709 12.848578453064 73.3567428588867
"108" 16.6717 14.5827 73.9428
"109" 15.6211 16.3311 73.9475
"110" 13.6468 16.7556 73.5501
"111" 11.6972 17.0782 72.8812
"112" 10.0418 17.5788 71.7585
"113" 8.8798 18.0719 70.1195
"114" 8.1613 17.936 68.1826
"115" 7.7516 17.2131 66.2853
"116" 7.8716 16.1152 64.5443
"117" 8.6544 14.7232 63.2262
"118" 9.8245 13.2892 62.2861
"119" 11.3441 12.013 61.6406
"120" 12.8947 10.6757 61.3247
"121" 14.3092 9.208 61.7174
"122" 15.3262 7.7273 62.7621
"123" 16.0997 6.6166 64.2955
"124" 16.6729 6.2602 66.253
"125" 17.3497 6.7974 68.1221
"126" 17.7239 7.9401 69.8214
"127" 17.7173 9.192 71.492
"128" 17.8665 11.0348 72.3557
"129" 15.1074628829956 18.3372955322266 60.3125610351562
"130" 15.8977 17.0009 59.8984
"131" 16.8409 15.7821 59.4577
"132" 17.9149 14.6196 59.1418
"133" 18.9651 13.4402 58.8087
"134" 19.9173 12.1874 58.4619
"135" 20.8271 10.8684 58.2815
"136" 21.7995 9.6139 58.0382
"137" 22.7166 8.3307 57.8144
"138" 24.1009483337402 7.73023319244385 57.3933410644531
"139" 15.1074628829956 18.3372955322266 60.3125610351562
"140" 36.5756301879883 34.4966697692871 54.697868347168
"141" 36.4775161743164 35.1858825683594 54.537109375
"142" 36.4732437133789 35.499683380127 54.3858222961426
"143" 36.5141983032227 35.9502983093262 54.1689987182617
"144" 36.7713012695312 36.3978004455566 54.1538009643555
"145" 36.7948303222656 34.3992156982422 54.8039970397949
"146" 37.0324516296387 35.024356842041 54.830883026123
"147" 36.9010200500488 35.5444717407227 54.6024703979492
"148" 37.0340995788574 36.2210006713867 54.3680992126465
"149" 37.2862701416016 36.6181945800781 54.3445091247559
"150" 37.5392303466797 34.7643623352051 55.0578079223633
"151" 37.552188873291 35.0583801269531 54.9937934875488
"152" 37.4092102050781 35.4966125488281 54.8334732055664
"153" 37.3869705200195 36.5119857788086 54.4390830993652
"154" 37.6568069458008 36.9045181274414 54.5317916870117
"155" 37.7731056213379 34.6956520080566 55.1450691223145
"156" 38.0294303894043 35.2222633361816 55.102897644043
"157" 38.2986335754395 35.5911026000977 55.0831489562988
"158" 38.0344276428223 36.4598922729492 54.7833824157715
"159" 37.7840843200684 36.8732986450195 54.6105613708496
"160" 38.1531791687012 34.977466583252 55.2370796203613
"161" 38.3787307739258 35.3985595703125 55.1505088806152
"162" 38.6010665893555 35.8323364257812 55.0383796691895
"163" 39.2718849182129 36.3172149658203 54.6472854614258
"164" 38.9062385559082 36.9853363037109 54.7306671142578
"165" 38.4309844970703 35.1280555725098 55.2821083068848
"166" 39.3452110290527 35.4730644226074 55.0107154846191
"167" 39.3945198059082 35.7846488952637 54.8235092163086
"168" 39.3256034851074 36.3077430725098 54.6115036010742
"169" 39.3222885131836 36.7455902099609 54.5354118347168
"170" 39.5779228210449 35.047534942627 55.067985534668
"171" 39.5742263793945 35.5060806274414 54.834774017334
"172" 39.5656318664551 36.115966796875 54.5437088012695
"173" 39.5425033569336 36.7922630310059 54.3564147949219
"174" 39.8684425354004 35.0296325683594 54.8663024902344
"175" 39.8073196411133 35.4313278198242 54.7073211669922
"176" 39.8269691467285 35.812614440918 54.4994583129883
"177" 39.8218078613281 36.5333213806152 54.19873046875
"178" 40.3315277099609 34.8701515197754 54.6326484680176
"179" 40.2537994384766 35.3985862731934 54.4111099243164
"180" 40.1965179443359 35.8926048278809 54.1929588317871
"181" 40.1563148498535 36.4670372009277 54.0024070739746
"182" 40.6980667114258 35.0383682250977 54.3304290771484
"183" 40.6741256713867 35.4749031066895 54.1286659240723
"184" 40.5915260314941 35.8828735351562 53.9856986999512
"185" 40.5006828308105 36.4876747131348 53.835807800293
"186" 41.1297912597656 35.4466209411621 54.0490875244141
"187" 41.0226097106934 35.8503837585449 53.8788833618164
"188" 41.0662269592285 36.3495750427246 53.8572654724121
"189" 37.8613891601562 19.905330657959 56.3534393310547
"190" 37.4188575744629 18.7205848693848 57.5856094360352
"191" 36.8479309082031 17.7768440246582 59.0427589416504
"192" 34.3167991638184 18.5618000030518 60.217601776123
"193" 34.1683006286621 18.6481990814209 60.100700378418
"194" 34.0626983642578 18.6905002593994 60.1743011474609
"195" 31.800199508667 19.2593002319336 60.1018981933594
"196" 37.5224990844727 18.9458999633789 56.0071983337402
"197" 37.0885887145996 18.2140350341797 58.0711364746094
"198" 36.536247253418 17.1356658935547 59.3824081420898
"199" 33.8157958984375 17.5267143249512 59.4344177246094
"200" 33.665584564209 17.4719524383545 59.4096336364746
"201" 31.32204246521 18.2182865142822 59.7308006286621
"202" 36.763500213623 17.1898002624512 56.2130012512207
"203" 36.3745079040527 16.573766708374 57.5763130187988
"204" 33.9896507263184 16.6694736480713 59.6460380554199
"205" 34.0486335754395 16.3109493255615 59.6977195739746
"206" 33.3459014892578 16.6105003356934 58.8907012939453
"207" 33.2307014465332 16.580099105835 58.8903007507324
"208" 31.1594467163086 17.6661796569824 59.6022911071777
"209" 36.1320114135742 16.0217151641846 56.5406036376953
"210" 33.2637748718262 16.3090229034424 58.8951301574707
"211" 33.4179725646973 15.6359968185425 59.2503929138184
"212" 33.2751846313477 15.5782957077026 59.140380859375
"213" 32.8689994812012 15.9132995605469 58.6487007141113
"214" 30.6696586608887 16.941822052002 59.2724838256836
"215" 35.3693542480469 14.5055828094482 56.3346328735352
"216" 32.7384872436523 15.444130897522 58.5956192016602
"217" 32.7252349853516 14.7743816375732 58.9045829772949
"218" 33.0375823974609 14.4175701141357 59.2032089233398
"219" 32.4157791137695 15.0604343414307 58.4895401000977
"220" 32.1422996520996 14.7299995422363 58.3008003234863
"221" 29.9965000152588 16.252815246582 58.8130645751953
"222" 34.9109001159668 13.5649747848511 56.3868865966797
"223" 31.9911994934082 14.3617067337036 58.1371574401855
"224" 32.2023963928223 13.3648929595947 58.6907615661621
"225" 32.5193328857422 13.0165252685547 59.047607421875
"226" 32.1391334533691 13.8651237487793 58.5026893615723
"227" 31.9797992706299 14.4890003204346 58.1411018371582
"228" 29.9476013183594 15.88671875 58.7389907836914
"229" 34.0396461486816 12.1126708984375 56.4349327087402
"230" 31.4298095703125 12.6636877059937 58.2307281494141
"231" 31.7465057373047 11.7151575088501 58.7252655029297
"232" 32.0228805541992 12.0755796432495 58.9023742675781
"233" 31.4369106292725 13.1983919143677 58.0501556396484
"234" 31.6991138458252 13.8585252761841 58.0578956604004
"235" 29.5128746032715 15.177490234375 58.5124969482422
"236" 33.2059173583984 10.8956127166748 56.2218246459961
"237" 31.0233001708984 11.3419046401978 58.161548614502
"238" 31.8065910339355 10.412935256958 59.1411247253418
"239" 31.6256504058838 11.2301559448242 58.6689567565918
"240" 30.843900680542 12.7049999237061 57.6024017333984
"241" 28.8950004577637 14.2771997451782 58.2714996337891
"242" 32.5817642211914 9.89699268341064 55.5046043395996
"243" 30.3609008789062 10.2882823944092 57.8696022033691
"244" 31.417049407959 9.46597003936768 58.796932220459
"245" 31.4486045837402 10.0407257080078 58.7221755981445
"246" 30.6079063415527 11.2654829025269 57.875919342041
"247" 30.3763618469238 12.1348438262939 57.4273681640625
"248" 28.5480003356934 13.8606004714966 58.0716018676758
"249" 31.7314910888672 8.73720169067383 55.4927024841309
"250" 30.113676071167 9.08197689056396 57.996955871582
"251" 30.671989440918 8.7095308303833 58.3322906494141
"252" 30.3513679504395 9.58840179443359 58.0511207580566
"253" 29.5764427185059 10.5801153182983 57.151008605957
"254" 29.5410404205322 11.005331993103 57.0381546020508
"255" 27.7826728820801 12.9725561141968 57.8820381164551
"256" 30.922664642334 7.55048704147339 55.2483406066895
"257" 29.5526084899902 8.13868618011475 57.9479713439941
"258" 30.1818904876709 7.74607419967651 58.2019653320312
"259" 29.8364200592041 8.43183135986328 57.9848136901855
"260" 28.7066116333008 9.37376976013184 56.8725318908691
"261" 28.7255992889404 9.66713047027588 56.8757019042969
"262" 27.0165004730225 11.3247003555298 57.8025016784668
"263" 30.2696189880371 6.6127781867981 54.8835525512695
"264" 30.2620754241943 6.55326509475708 58.4693069458008
"265" 29.6922435760498 6.75613641738892 58.1767578125
"266" 28.4593753814697 7.66036367416382 57.6530952453613
"267" 28.0419998168945 8.54067039489746 56.720100402832
"268" 26.24880027771 9.74641036987305 57.7981986999512
"269" 29.3294582366943 5.57472515106201 54.942569732666
"270" 29.237325668335 6.01960277557373 57.844165802002
"271" 28.8164882659912 6.10598611831665 58.610408782959
"272" 28.2851123809814 6.43865823745728 58.090763092041
"273" 27.3950176239014 7.1482982635498 57.2438011169434
"274" 27.0909004211426 7.57150983810425 56.8483009338379
"275" 28.585620880127 5.08037328720093 55.9261093139648
"276" 28.317834854126 5.83014822006226 58.3271942138672
"277" 28.1532802581787 5.93238878250122 57.9866065979004
"278" 26.596399307251 6.68848991394043 56.9695014953613
"279" 24.2161998748779 7.18918991088867 57.1609001159668
"280" 28.0338001251221 4.38486003875732 54.8973007202148
"281" 27.7941455841064 4.97965240478516 57.3330345153809
"282" 27.6574096679688 4.71482944488525 57.7174453735352
"283" 26.3094158172607 5.67970085144043 57.870792388916
"284" 24.5149402618408 5.89881324768066 57.2639923095703
"285" 27.5443000793457 3.7355101108551 54.3208999633789
"286" 26.9570217132568 4.24126768112183 57.0453796386719
"287" 25.9993381500244 4.25906085968018 58.5261535644531
"288" 25.1816577911377 4.80667686462402 58.6634101867676
"289" 26.3498020172119 2.64660739898682 54.7629280090332
"290" 26.5008506774902 3.71779704093933 57.2256278991699
"291" 25.297269821167 4.39425897598267 59.3693885803223
"292" 24.5059261322021 4.16802835464478 59.6162376403809
"293" 25.4220733642578 2.35983562469482 55.2100410461426
"294" 25.5995807647705 2.8742573261261 57.1340484619141
"295" 24.9085865020752 3.98316431045532 59.088493347168
"296" 24.4545879364014 4.5596866607666 59.7063407897949
"297" 25.0468006134033 2.45018553733826 55.7646293640137
"298" 24.6980781555176 2.79829955101013 58.3777694702148
"299" 7.87175416946411 17.5985717773438 56.6739959716797
"300" 8.74746417999268 16.6193904876709 58.1019630432129
"301" 9.45662593841553 15.9296808242798 59.362247467041
"302" 11.9302997589111 17.3194007873535 60.0331993103027
"303" 12.0586996078491 17.1791000366211 59.7711982727051
"304" 13.9654407501221 18.0305423736572 60.2818984985352
"305" 8.08890724182129 17.2223052978516 56.5003356933594
"306" 9.07429027557373 16.2366352081299 58.6488037109375
"307" 10.1010236740112 15.526237487793 59.8939628601074
"308" 12.3879041671753 16.2172584533691 59.4969596862793
"309" 12.7695798873901 16.4406223297119 59.3029289245605
"310" 14.670599937439 17.1005001068115 60.0023002624512
"311" 9.05091094970703 15.3013372421265 56.4553031921387
"312" 10.0487594604492 14.7423448562622 58.4168167114258
"313" 12.265212059021 15.4220790863037 59.8625793457031
"314" 12.437219619751 15.2317476272583 59.8283004760742
"315" 13.2836637496948 15.692985534668 59.0700759887695
"316" 13.5817317962646 15.4241638183594 59.0462799072266
"317" 15.7952995300293 15.8812999725342 59.719799041748
"318" 10.0475997924805 14.0221004486084 56.5964012145996
"319" 11.3746995925903 13.5943002700806 58.9029998779297
"320" 13.3206243515015 14.2860317230225 59.6384506225586
"321" 13.2671966552734 13.8721561431885 59.8754348754883
"322" 13.829644203186 14.5741472244263 59.0762786865234
"323" 14.2174463272095 14.7426977157593 58.8795967102051
"324" 16.2310009002686 15.5160999298096 59.5312995910645
"325" 10.9033117294312 13.0409259796143 57.0224609375
"326" 12.2456827163696 12.423882484436 58.53271484375
"327" 14.6126613616943 12.8657236099243 59.3898315429688
"328" 14.462963104248 12.907977104187 59.5208969116211
"329" 14.9824304580688 13.6843996047974 58.7550506591797
"330" 15.015284538269 13.8868751525879 58.827091217041
"331" 12.7588901519775 11.1142683029175 57.4441719055176
"332" 15.2777338027954 12.3198738098145 59.0945167541504
"333" 15.498101234436 11.6259670257568 59.2629699707031
"334" 15.3099269866943 12.4576225280762 59.0013465881348
"335" 15.6489324569702 13.0026111602783 58.5269622802734
"336" 17.1751003265381 14.5179004669189 59.1049003601074
"337" 13.8151473999023 10.1603469848633 57.410945892334
"338" 16.237813949585 11.1137075424194 58.9195861816406
"339" 15.7997970581055 10.3415050506592 59.7296829223633
"340" 15.8642024993896 11.1304359436035 59.2128677368164
"341" 16.281982421875 12.1664628982544 58.3102607727051
"342" 17.6821956634521 13.8261375427246 58.9240684509277
"343" 14.72691822052 9.11887836456299 56.9971046447754
"344" 15.4999351501465 8.95421123504639 58.1372184753418
"345" 16.3553829193115 9.11830997467041 59.8290596008301
"346" 16.6198406219482 10.567476272583 58.9965171813965
"347" 16.9124698638916 11.7115297317505 58.0392913818359
"348" 18.3209991455078 13.2040996551514 58.6651000976562
"349" 15.7568740844727 8.14607810974121 56.8134574890137
"350" 16.4498176574707 8.06026649475098 58.2698936462402
"351" 16.692045211792 7.72093057632446 59.9712562561035
"352" 16.7248878479004 8.6040210723877 59.2056350708008
"353" 17.5097942352295 9.81279277801514 58.52099609375
"354" 17.8686847686768 10.5400724411011 57.6927108764648
"355" 19.4766006469727 12.1399002075195 58.3713989257812
"356" 16.9230098724365 6.93293809890747 56.4807891845703
"357" 17.5117874145508 7.10127115249634 58.0904502868652
"358" 18.0719223022461 7.24054527282715 58.8277931213379
"359" 17.4340000152588 7.00052833557129 58.9602432250977
"360" 18.5666580200195 8.70176315307617 58.226619720459
"361" 18.8950214385986 9.39617729187012 57.5798835754395
"362" 19.4794540405273 8.97215175628662 57.441291809082
"363" 18.4408092498779 5.77846574783325 56.6130218505859
"364" 18.5535507202148 5.92624378204346 58.8360290527344
"365" 18.6562900543213 6.37012910842896 58.7585945129395
"366" 18.8579177856445 6.37312412261963 58.7654342651367
"367" 19.7409820556641 7.53185939788818 58.2317008972168
"368" 20.1018009185791 8.33304023742676 57.405101776123
"369" 19.1460819244385 4.95486640930176 56.0435218811035
"370" 19.4631805419922 5.25836849212646 57.7012405395508
"371" 19.4848594665527 5.7464451789856 58.9041023254395
"372" 20.5644550323486 6.15505838394165 58.4563751220703
"373" 21.1938705444336 6.54482460021973 57.7979850769043
"374" 21.6933002471924 6.81099987030029 57.4700012207031
"375" 20.2311458587646 4.24889993667603 56.1029586791992
"376" 20.5495147705078 4.79307317733765 57.9392318725586
"377" 20.3027820587158 4.5918288230896 59.0973968505859
"378" 21.6317329406738 5.32861709594727 58.1949768066406
"379" 22.571741104126 5.68171453475952 58.1137351989746
"380" 23.8547039031982 5.39551401138306 57.4979667663574
"381" 20.9747123718262 3.48035216331482 55.3500900268555
"382" 21.5386123657227 3.76423406600952 56.8432579040527
"383" 22.0378437042236 4.34537315368652 58.3726005554199
"384" 22.8436145782471 4.22214841842651 59.0384635925293
"385" 24.0021667480469 4.57939910888672 59.6745834350586
"386" 22.2609996795654 2.30948996543884 55.0396003723145
"387" 22.3557071685791 3.12713003158569 57.1206817626953
"388" 23.6375942230225 4.26440811157227 59.5628776550293
"389" 23.2186985015869 2.14939045906067 55.4241523742676
"390" 23.6261234283447 3.20915150642395 58.3883514404297
