"V1" "V2" "V3"
"1" 24.5321731567383 14.3751058578491 4.70564365386963
"2" 23.9242 14.3716 4.4642
"3" 23.2841 14.336 4.3288
"4" 22.6263 14.3313 4.2861
"5" 21.9751 14.3892 4.2045
"6" 21.3187 14.4345 4.1713
"7" 20.6714 14.4995 4.2336
"8" 20.029 14.5897 4.3264
"9" 19.3839 14.5956 4.4572
"10" 18.7317 14.6237 4.5404
"11" 18.085 14.6244 4.669
"12" 17.4597 14.6661 4.8621
"13" 16.8603 14.7282 5.1071
"14" 16.2628 14.8564 5.0619
"15" 15.6746 15.0424 5.0229
"16" 15.2774543762207 15.4387178421021 5.35275173187256
"17" 32.5424423217773 20.1531105041504 2.59064555168152
"18" 32.5693 19.713 2.7109
"19" 32.8818 19.3611 2.8366
"20" 33.1397 18.9534 2.8227
"21" 33.2927 18.5459 2.6089
"22" 33.4616 18.1848 2.3313
"23" 33.7932 18.0392 2.0301
"24" 34.0376 18.3807 1.8055
"25" 34.0868 18.8267 1.8958
"26" 34.0312 19.2641 2.0867
"27" 33.8282 19.674 2.0376
"28" 33.5427 20.0443 1.8908
"29" 33.2298 20.3772 2.0182
"30" 32.8534 20.3851 2.2908
"31" 24.5321731567383 14.3751058578491 4.70564365386963
"32" 21.2027969360352 17.9023361206055 5.44107484817505
"33" 17.9408683776856 14.662127494812 9.8870677947998
"34" 18.288 15.1366 10.674
"35" 18.8881 15.5941 11.3043
"36" 19.528 16.1285 11.8081
"37" 20.3986 16.3293 12.2325
"38" 21.3449 16.2985 12.4294
"39" 22.3179 16.2585 12.3784
"40" 23.2091 15.8888 12.2104
"41" 24.0323 15.3971 11.9724
"42" 24.6423 14.8499 11.4424
"43" 24.9938 14.3501 10.688
"44" 25.0694 13.9516 9.7894
"45" 24.9922 13.6944 8.84
"46" 24.5816 13.5597 7.9642
"47" 23.9972 13.6012 7.1684
"48" 23.2488 13.7827 6.5557
"49" 22.3681 13.9395 6.143
"50" 21.411 14.0372 5.9595
"51" 20.4379 14.1708 6.0554
"52" 19.5244 14.2469 6.4067
"53" 18.8787 14.359 7.1396
"54" 18.3874 14.4256 7.9929
"55" 18.0621 14.5001 8.9186
"56" 26.7055606842041 18.2285823822021 5.30595016479492
"57" 25.8836 18.9426 5.5615
"58" 24.7877 19.2267 5.7558
"59" 23.585 19.0346 5.7508
"60" 22.3966 18.8584 5.5577
"61" 21.3292 18.556 5.3159
"62" 20.2901 17.9465 5.1093
"63" 19.3224 17.2138 5.0872
"64" 18.3576 16.5015 5.2611
"65" 17.5662879943848 16.9145774841309 5.68373775482178
"66" 26.7055606842041 18.2285823822021 5.30595016479492
"67" 15.6218566894531 15.9653177261353 9.97751045227051
"68" 17.5662879943848 16.9145774841309 5.68373775482178
"69" 15.6218566894531 15.9653177261353 9.97751045227051
"70" 16.6555 16.4912 10.6635
"71" 17.7296 17.0106 11.3023
"72" 18.7221 17.6684 11.9454
"73" 19.7553 18.3407 12.5069
"74" 20.809 19.0756 12.929
"75" 21.9583 19.7282 13.2167
"76" 23.0199 20.5324 13.4613
"77" 24.155 21.2502 13.6395
"78" 25.2638 21.989 13.7974
"79" 26.3455 22.782 13.8981
"80" 27.5195 23.4247 14.0788
"81" 28.6391 24.1809 14.0325
"82" 29.7748 24.9117 13.9599
"83" 30.8998 25.6377 13.7696
"84" 32.0212 26.3672 13.5627
"85" 33.1083 27.1495 13.3716
"86" 34.238 27.8853 13.2756
"87" 35.387638092041 28.5832901000977 13.4203090667725
"88" 36.2550048828125 28.525369644165 5.75964736938477
"89" 35.387638092041 28.5832901000977 13.4203090667725
"90" 15.2774543762207 15.4387178421021 5.35275173187256
"91" 18.4975051879883 24.8374366760254 5.03114986419678
"92" 18.2561 24.306 4.476
"93" 17.9039 23.6108 4.2217
"94" 17.5507 22.8849 4.1214
"95" 17.217 22.1357 4.0486
"96" 16.9173 21.3702 4.0395
"97" 16.647 20.5996 4.1315
"98" 16.3905 19.8402 4.3122
"99" 16.0555 19.113 4.5011
"100" 15.7319 18.3936 4.731
"101" 15.4201 17.6622 4.9286
"102" 15.2144 16.9164 5.0298
"103" 15.0536 16.1237 5.0276
"104" 15.2774543762207 15.4387178421021 5.35275173187256
"105" 18.4975051879883 24.8374366760254 5.03114986419678
"106" 20.0847415924072 19.7509002685547 5.36423349380493
"107" 15.6097211837769 18.3999576568604 9.99142932891846
"108" 16.2231 18.6435 10.8038
"109" 17.055 18.9314 11.365
"110" 17.8283 19.4067 11.841
"111" 18.4572 20.119 12.2705
"112" 18.7729 21.0833 12.398
"113" 18.8953 22.052 12.2709
"114" 18.852 23.0483 12.0141
"115" 18.8386 23.9981 11.6257
"116" 18.4861 24.6729 10.9221
"117" 18.1492 25.073 10.0185
"118" 17.8505 25.2071 9.0266
"119" 17.5502 25.0256 8.0469
"120" 17.3603 24.4307 7.2149
"121" 17.1943 23.6468 6.54
"122" 16.9694 22.7516 6.0488
"123" 16.616 21.7837 5.8586
"124" 16.2892 20.7974 5.9309
"125" 15.8947 19.9013 6.2769
"126" 15.6236 19.2377 7.0191
"127" 15.4933 18.7642 7.9448
"128" 15.472 18.4906 8.9551
"129" 22.6543140411377 24.7328968048096 5.23801898956299
"130" 23.0422 23.6863 5.4222
"131" 23.061 22.5533 5.7107
"132" 22.2527 21.6087 5.6702
"133" 21.5582 20.5891 5.4868
"134" 20.7436 19.6723 5.2813
"135" 19.7564 18.9273 5.1016
"136" 18.6677 18.3178 5.0425
"137" 17.5594 17.7764 5.2299
"138" 17.5662879943848 16.9145774841309 5.68373775482178
"139" 22.6543140411377 24.7328968048096 5.23801898956299
"140" 32.4631195068359 19.8991260528564 2.10067677497864
"141" 32.6199684143066 19.9856185913086 2.01331353187561
"142" 32.738941192627 19.9975509643555 1.89081430435181
"143" 32.5993995666504 19.9116992950439 1.86605000495911
"144" 32.9631004333496 20.0387001037598 1.86239004135132
"145" 32.5630760192871 19.7086296081543 2.22016000747681
"146" 32.652904510498 19.727502822876 2.04368853569031
"147" 32.815128326416 19.7626876831055 1.95585477352142
"148" 33.0801239013672 19.8322410583496 1.89883863925934
"149" 33.0918006896973 19.4384002685547 1.79979002475739
"150" 32.6020965576172 19.4067287445068 2.16671657562256
"151" 32.8334426879883 19.5506820678711 2.20173478126526
"152" 33.0702934265137 19.6567535400391 2.12395977973938
"153" 33.2736396789551 19.654426574707 1.97027802467346
"154" 33.630298614502 19.2858009338379 1.73056995868683
"155" 32.5352325439453 18.9731426239014 1.94205689430237
"156" 32.8003311157227 19.1605033874512 2.03024768829346
"157" 32.9400215148926 19.1348209381104 1.92531979084015
"158" 33.3710441589355 19.4287643432617 1.99163317680359
"159" 33.6299171447754 19.45481300354 1.92317390441895
"160" 32.8071136474609 19.0331439971924 2.23597693443298
"161" 32.7176971435547 18.8611392974854 1.89476501941681
"162" 32.8569755554199 18.8487987518311 1.74317872524261
"163" 33.391902923584 19.2109527587891 1.89762663841248
"164" 33.7371063232422 19.3422374725342 1.90592360496521
"165" 32.9774169921875 19.0670337677002 2.34244751930237
"166" 33.3146591186523 19.1450519561768 2.38814854621887
"167" 33.1673889160156 19.0474967956543 2.01988410949707
"168" 33.4263763427734 19.1509037017822 1.86132669448853
"169" 33.7468299865723 19.2524337768555 1.90473031997681
"170" 33.1995849609375 18.9447994232178 2.46549987792969
"171" 33.075855255127 18.9674835205078 2.05244898796082
"172" 33.3150482177734 19.0790538787842 1.83660399913788
"173" 33.788501739502 19.1559314727783 1.85687589645386
"174" 32.9225654602051 18.8300762176514 2.08555769920349
"175" 33.1923446655273 18.8561000823975 2.11819124221802
"176" 33.2979469299316 18.8855323791504 1.93292856216431
"177" 33.6559257507324 19.0080184936523 1.80243349075317
"178" 32.7075042724609 18.6986885070801 1.83282363414764
"179" 33.2058448791504 18.6777591705322 1.99284958839417
"180" 33.4686698913574 18.7151756286621 1.90258288383484
"181" 33.7002487182617 18.8409595489502 1.69088506698608
"182" 33.1450119018555 18.4440326690674 2.00254273414612
"183" 33.2449264526367 18.476001739502 1.84358537197113
"184" 33.4424438476562 18.5407829284668 1.7336357831955
"185" 33.7064361572266 18.6523914337158 1.60441255569458
"186" 33.6166076660156 18.2277603149414 2.05238699913025
"187" 33.1058006286621 18.4563007354736 1.66131997108459
"188" 33.5147018432617 18.5179996490479 1.58126997947693
"189" 24.1180171966553 15.813081741333 5.86321067810059
"190" 24.7214107513428 14.5686521530151 5.81335830688477
"191" 24.695671081543 15.0502414703369 6.28208351135254
"192" 24.90771484375 15.9600296020508 6.26313734054565
"193" 25.2807235717773 16.6812419891357 5.93690395355225
"194" 25.6705951690674 17.3240184783936 5.57323884963989
"195" 26.0600299835205 17.8433036804199 5.34521389007568
"196" 24.3302001953125 14.4589996337891 4.84727001190186
"197" 24.7633037567139 14.5422945022583 5.46894693374634
"198" 24.2206077575684 15.0109128952026 6.17446136474609
"199" 24.5169448852539 16.1959457397461 5.86141872406006
"200" 24.8707332611084 17.080286026001 5.50388860702515
"201" 25.1234817504883 17.9068717956543 5.52225160598755
"202" 23.7061996459961 15.9678001403809 5.64545011520386
"203" 23.7061996459961 15.9678001403809 5.64545011520386
"204" 24.0589790344238 15.794379234314 5.85287570953369
"205" 23.9451503753662 15.8972949981689 5.76871061325073
"206" 24.2227935791016 16.9661731719971 5.51486682891846
"207" 24.604700088501 17.5576992034912 5.5775899887085
"208" 24.8859004974365 18.1798000335693 5.60931015014648
"209" 23.015100479126 15.9678001403809 5.43322992324829
"210" 23.1878089904785 15.9396562576294 5.50413608551025
"211" 23.295711517334 15.3072004318237 5.84268999099731
"212" 23.4680290222168 16.1737461090088 5.49884223937988
"213" 23.7290515899658 17.2089309692383 5.57544279098511
"214" 24.288158416748 17.8161582946777 5.6751651763916
"215" 22.8076992034912 14.3886995315552 4.49948978424072
"216" 22.8214111328125 15.9102554321289 5.42169761657715
"217" 22.9433288574219 15.9610347747803 5.42790746688843
"218" 22.8856086730957 15.8901538848877 5.4440860748291
"219" 23.1151580810547 16.8405361175537 5.51129579544067
"220" 23.3607006072998 17.3124942779541 5.60182332992554
"221" 23.4407691955566 18.9532051086426 5.73767805099487
"222" 22.4388999938965 14.3780002593994 4.22259998321533
"223" 22.3339366912842 15.8752222061157 5.35481691360474
"224" 22.1419143676758 16.0413513183594 5.3462929725647
"225" 22.192045211792 15.824070930481 5.35438823699951
"226" 22.409948348999 16.5278472900391 5.43116092681885
"227" 22.6695003509521 16.9356002807617 5.5032901763916
"228" 23.153299331665 18.3180999755859 5.80008983612061
"229" 21.6905555725098 15.7432622909546 5.34142923355103
"230" 21.6955528259277 15.8296003341675 5.33925294876099
"231" 21.4564323425293 15.234504699707 5.40937852859497
"232" 21.5881423950195 15.8788766860962 5.35920763015747
"233" 22.0563449859619 16.2443008422852 5.3724627494812
"234" 22.2548007965088 17.2120990753174 5.58668994903564
"235" 22.1166000366211 18.6637001037598 5.48510980606079
"236" 21.1981029510498 15.8096027374268 5.37183284759521
"237" 20.972282409668 15.8908243179321 5.42625141143799
"238" 20.8340225219727 15.2702617645264 5.44370651245117
"239" 21.0247249603271 15.9305171966553 5.42994546890259
"240" 21.7085990905762 16.6543998718262 5.4800500869751
"241" 21.425500869751 18.2488994598389 5.37037992477417
"242" 19.974100112915 16.175199508667 5.29370021820068
"243" 20.0431995391846 16.0714645385742 5.35629844665527
"244" 20.2408084869385 15.1741752624512 5.42208385467529
"245" 20.3878192901611 15.711311340332 5.4862585067749
"246" 20.9078502655029 15.8506927490234 5.42671537399292
"247" 20.6210403442383 17.2163772583008 5.31348037719727
"248" 21.0193004608154 17.8948001861572 5.32928991317749
"249" 19.5548706054688 16.0932006835938 5.21918964385986
"250" 19.6075286865234 16.0016937255859 5.26233339309692
"251" 19.5611190795898 15.2760152816772 5.47679138183594
"252" 19.8386840820312 15.9133806228638 5.36081218719482
"253" 19.8732948303223 16.4504051208496 5.22434949874878
"254" 20.1201992034912 17.2148990631104 5.09423017501831
"255" 20.3887004852295 17.765100479126 5.0983099937439
"256" 18.9029064178467 16.0608501434326 5.17060232162476
"257" 18.9081001281738 15.5981464385986 5.26987171173096
"258" 18.9929943084717 14.6722536087036 4.83272218704224
"259" 19.1737785339355 15.6604175567627 5.26753759384155
"260" 19.1446990966797 16.1416797637939 5.15580940246582
"261" 19.5174465179443 16.8935871124268 5.02773189544678
"262" 19.6975994110107 17.0228462219238 5.02726888656616
"263" 18.4535007476807 16.0368995666504 5.2334098815918
"264" 18.4542751312256 15.9093637466431 5.44884538650513
"265" 18.263599395752 14.670783996582 4.93225145339966
"266" 18.4738998413086 15.8020029067993 5.27123546600342
"267" 18.6151390075684 15.9230642318726 5.224289894104
"268" 18.8859920501709 16.6379413604736 5.09249591827393
"269" 17.7623996734619 16.1061000823975 5.36246013641357
"270" 17.8539047241211 14.9752368927002 5.66665983200073
"271" 17.7623996734619 15.5530996322632 5.48627996444702
"272" 17.946174621582 15.5107450485229 5.45742273330688
"273" 18.0045394897461 15.9137582778931 5.32212543487549
"274" 18.1597995758057 16.3653583526611 5.25007915496826
"275" 17.2105655670166 15.9657773971558 5.57640409469604
"276" 17.5547008514404 15.5527000427246 5.5381498336792
"277" 17.6605243682861 14.7077150344849 5.22810649871826
"278" 17.550365447998 16.0520763397217 5.47296524047852
"279" 17.0266571044922 17.1393165588379 5.44496440887451
"280" 17.2135429382324 15.8583831787109 5.58393287658691
"281" 17.0564460754395 15.2956047058105 5.74225234985352
"282" 17.0000457763672 15.3647394180298 5.70296192169189
"283" 17.0597019195557 15.8452291488647 5.65723514556885
"284" 17.2448062896729 16.3374805450439 5.65326690673828
"285" 17.1976699829102 15.926664352417 5.58407211303711
"286" 16.8498249053955 15.7081737518311 5.7203221321106
"287" 16.4455070495605 15.7006750106812 5.91686534881592
"288" 16.3591918945312 16.0232219696045 5.83718967437744
"289" 16.4491996765137 16.175199508667 5.76747989654541
"290" 16.3780174255371 16.3518981933594 5.78379678726196
"291" 16.2487945556641 16.0249538421631 6.2130389213562
"292" 15.8941287994385 15.9241533279419 6.02431440353394
"293" 16.2035121917725 16.320499420166 5.83559656143188
"294" 15.8923816680908 15.5172052383423 6.04271364212036
"295" 16.0651321411133 16.1324558258057 6.18115711212158
"296" 16.1806335449219 16.1133689880371 6.17277908325195
"297" 16.3118286132812 16.2365264892578 5.81336402893066
"298" 16.0480155944824 16.0020885467529 6.18198442459106
"299" 19.5687999725342 23.9986991882324 6.07126998901367
"300" 19.4501972198486 23.8634605407715 6.00778961181641
"301" 18.5908718109131 24.8587303161621 5.33945894241333
"302" 20.0377998352051 24.1195640563965 6.14945888519287
"303" 20.9491138458252 24.0515747070312 5.65273666381836
"304" 21.8914127349854 24.2393531799316 5.23426389694214
"305" 18.6609001159668 24.5415992736816 4.84560012817383
"306" 19.5419673919678 23.9669456481934 6.05663013458252
"307" 19.0201377868652 24.0306911468506 6.06603622436523
"308" 20.0748062133789 23.713020324707 5.77577924728394
"309" 20.9954013824463 23.5891819000244 5.36083793640137
"310" 22.0475006103516 23.5715999603271 5.29324007034302
"311" 18.3876991271973 24.2612991333008 4.43205976486206
"312" 19.5096321105957 23.1360740661621 5.59143018722534
"313" 18.6566123962402 23.5120067596436 5.92770099639893
"314" 19.5781898498535 23.3065776824951 5.6586217880249
"315" 20.4757289886475 23.0902938842773 5.36318111419678
"316" 21.4682083129883 22.7782707214355 5.48312997817993
"317" 21.8400993347168 22.8659000396729 5.52231979370117
"318" 17.9186000823975 23.5715999603271 4.22259998321533
"319" 19.2550773620605 22.6728992462158 5.43164443969727
"320" 18.4706573486328 22.8621597290039 5.73315334320068
"321" 19.0889167785645 22.6778888702393 5.4823579788208
"322" 20.0230674743652 22.4613876342773 5.35418272018433
"323" 20.8732738494873 22.2559013366699 5.49715137481689
"324" 21.9241981506348 21.3789501190186 5.66501808166504
"325" 17.6497993469238 22.9493999481201 4.29182004928589
"326" 19.0074138641357 22.1208152770996 5.28492641448975
"327" 18.2628192901611 22.0967979431152 5.460289478302
"328" 19.1142139434814 21.8021125793457 5.27032995223999
"329" 19.7168292999268 21.7848033905029 5.35760402679443
"330" 20.6757411956787 21.4964027404785 5.57728958129883
"331" 18.4597854614258 21.5669002532959 5.24071359634399
"332" 18.6074657440186 21.4431209564209 5.22861480712891
"333" 18.1112804412842 21.3969116210938 5.24215316772461
"334" 18.9513397216797 21.2901554107666 5.28218030929565
"335" 19.4940643310547 21.2945442199707 5.36313390731812
"336" 21.0799007415771 20.1844005584717 5.35349988937378
"337" 18.1079998016357 20.9447994232178 5.24098014831543
"338" 18.3615226745605 20.7145233154297 5.30701303482056
"339" 17.9523315429688 20.7203273773193 5.32149887084961
"340" 18.7004013061523 20.5354747772217 5.37283325195312
"341" 19.0168991088867 20.5890998840332 5.39516019821167
"342" 20.3178806304932 19.9781398773193 5.37482166290283
"343" 16.6929817199707 20.5943126678467 4.22770690917969
"344" 17.9696998596191 20.1152992248535 5.35882997512817
"345" 17.4728221893311 20.2063732147217 5.32483100891113
"346" 18.2105007171631 20.277099609375 5.35336017608643
"347" 18.9794788360596 19.6992359161377 5.3054051399231
"348" 19.7714004516602 19.3950996398926 5.1903600692749
"349" 17.7553825378418 19.3373527526855 5.23474407196045
"350" 17.7577228546143 19.3392963409424 5.23511695861816
"351" 16.9952430725098 19.6483745574951 5.37018537521362
"352" 17.5642757415771 19.558650970459 5.32433080673218
"353" 17.9764423370361 19.3223438262939 5.22894191741943
"354" 18.5925159454346 18.9167881011963 5.08400535583496
"355" 19.0150470733643 18.8859195709229 5.05211925506592
"356" 17.2820491790771 18.7403717041016 5.17700529098511
"357" 17.1032962799072 18.7430019378662 5.29792404174805
"358" 16.5280799865723 19.0051002502441 5.42260932922363
"359" 16.8611793518066 18.953275680542 5.32645702362061
"360" 17.6769142150879 18.7376613616943 5.14566469192505
"361" 18.0354633331299 18.558277130127 5.06826782226562
"362" 18.2076396942139 18.5159320831299 5.04119110107422
"363" 16.9935970306396 18.0037937164307 5.27677249908447
"364" 16.0798034667969 18.486780166626 5.59487915039062
"365" 16.4978084564209 18.2249431610107 5.37056064605713
"366" 16.591724395752 18.3267002105713 5.34267902374268
"367" 17.090238571167 18.2243995666504 5.22601079940796
"368" 17.4829883575439 17.9643421173096 5.17185926437378
"369" 16.7077198028564 17.5086097717285 5.38737726211548
"370" 16.6446514129639 17.5509510040283 5.55109596252441
"371" 15.5485897064209 17.9228267669678 5.12035703659058
"372" 16.4732799530029 17.7704658508301 5.44772148132324
"373" 16.7620162963867 17.55344581604 5.37094640731812
"374" 16.9330005645752 17.4193992614746 5.30690002441406
"375" 16.430721282959 17.0171775817871 5.5392370223999
"376" 16.0892238616943 17.2711391448975 5.68792772293091
"377" 15.7736196517944 17.466495513916 5.68367099761963
"378" 16.2398147583008 17.1001453399658 5.58447551727295
"379" 16.4966888427734 16.8293113708496 5.60602855682373
"380" 16.7589244842529 16.7015705108643 5.63688373565674
"381" 16.5286998748779 17.0062999725342 5.51014995574951
"382" 16.4990921020508 16.9400501251221 5.54255819320679
"383" 16.3721923828125 16.6060276031494 5.69812059402466
"384" 15.9490118026733 16.3207721710205 5.91332197189331
"385" 16.2159595489502 15.8693332672119 5.92945051193237
"386" 16.4491996765137 16.1257781982422 5.77312326431274
"387" 16.4323692321777 16.1395206451416 5.77860021591187
"388" 16.1245803833008 16.0486278533936 6.18356466293335
"389" 16.4326095581055 16.1061000823975 5.78231573104858
"390" 16.0329456329346 15.8714952468872 6.20331144332886
