"V1" "V2" "V3"
"1" 305.041442871094 156.993072509766 448.362518310547
"2" 300.879 149.701 455.5232
"3" 293.7635 146.4892 463.7083
"4" 285.9501 143.0732 471.1821
"5" 277.901 141.4543 479.0566
"6" 269.6811 141.1479 486.9146
"7" 261.986 140.6134 495.2651
"8" 254.2529 141.4254 503.5332
"9" 247.2799 143.6151 512.2553
"10" 240.2495 147.8749 520.1141
"11" 232.9864 151.1671 528.1912
"12" 226.1383 153.8356 536.8604
"13" 218.2816 153.368 545.0754
"14" 211.5193 151.0254 553.5487
"15" 201.4746 155.2551 554.9802
"16" 191.871475219727 161.116424560547 555.922119140625
"17" 303.456359863281 109.624145507812 317.066833496094
"18" 311.5648 113.551 319.2566
"19" 320.3768 114.0315 316.619
"20" 329.4801 112.5251 316.9843
"21" 338.5651 112.8481 319.4114
"22" 344.6093 111.9708 313.5648
"23" 347.9709 108.7946 305.3135
"24" 346.5785 104.6313 298.0379
"25" 339.7116 100.2324 300.823
"26" 330.734 100.7091 302.1762
"27" 321.8019 101.1603 299.6777
"28" 313.2049 98.6705 299.0454
"29" 305.1583 99.1362 303.6045
"30" 300.7667 103.1005 310.7618
"31" 305.041442871094 156.993072509766 448.362518310547
"32" 238.64875793457 154.523498535156 484.661071777344
"33" 256.101928710938 250.606918334961 500.43359375
"34" 260.369 256.8986 489.0045
"35" 262.3972 261.2366 476.4792
"36" 266.7875 263.575 463.8225
"37" 273.3443 263.0773 452.1003
"38" 281.5539 259.4838 441.7458
"39" 289.9645 255.1313 431.7911
"40" 296.4132 245.0305 425.7999
"41" 303.1614 233.1137 425.1496
"42" 308.4709 220.8584 427.9446
"43" 310.6285 208.451 433.4733
"44" 310.569 197.889 441.9056
"45" 308.4302 190.1502 453.0959
"46" 304.3006 182.2104 463.4418
"47" 296.4636 176.7667 473.2891
"48" 287.2503 174.5409 483.0893
"49" 277.5253 175.0314 492.816
"50" 268.9026 179.3464 502.5358
"51" 262.1862 188.25 510.4347
"52" 257.7178 200.05 515.7611
"53" 256.0652 213.5102 516.9834
"54" 255.0714 226.9122 514.1166
"55" 255.0885 239.1996 508.0841
"56" 269.229309082031 160.859436035156 418.741668701172
"57" 266.9211 156.6193 435.1314
"58" 263.9661 154.7816 451.8546
"59" 255.8826 153.0539 466.5472
"60" 246.112 152.4697 480.4008
"61" 236.8994 155.1801 494.4529
"62" 230.0399 160.3535 509.1409
"63" 220.1321 168.9697 519.9075
"64" 206.1416 176.7654 525.0416
"65" 190.409317016602 182.780334472656 526.781372070312
"66" 269.229309082031 160.859436035156 418.741668701172
"67" 196.037170410156 262.585815429688 546.001892089844
"68" 190.409317016602 182.780334472656 526.781372070312
"69" 196.037170410156 262.585815429688 546.001892089844
"70" 195.308 272.0633 529.2398
"71" 195.9399 275.7908 510.4629
"72" 195.556 274.88 491.2205
"73" 195.085 273.8985 472.0135
"74" 194.7075 274.9048 452.7292
"75" 195.95 279.1427 433.9679
"76" 195.194 282.767 415.0175
"77" 196.6416 284.5733 395.9036
"78" 196.9167 286.1997 376.6674
"79" 197.5856 288.6977 357.5342
"80" 198.0785 290.3342 338.2919
"81" 198.5905 289.7376 318.9967
"82" 198.1583 285.4644 300.3094
"83" 197.5828 280.7639 281.7727
"84" 197.7473 276.5846 262.9463
"85" 198.6492 276.2458 243.6952
"86" 199.69 278.0488 224.4827
"87" 201.024703979492 280.20751953125 205.322311401367
"88" 193.08381652832 154.023788452148 206.370788574219
"89" 201.024703979492 280.20751953125 205.322311401367
"90" 191.871475219727 161.116424560547 555.922119140625
"91" 81.9713287353516 160.098373413086 443.78369140625
"92" 88.1712 153.3133 452.7225
"93" 95.9958 149.4581 462.4659
"94" 104.6297 145.2557 471.3184
"95" 113.3993 143.0842 480.7661
"96" 122.0243 142.4072 490.5819
"97" 130.4018 142.9218 500.6205
"98" 138.0653 145.6767 510.8338
"99" 145.9536 149.9048 520.3799
"100" 154.3014 152.7771 529.9589
"101" 162.144 153.6431 540.4087
"102" 169.2848 151.4223 550.5789
"103" 181.0299 154.5653 555.1246
"104" 191.871475219727 161.116424560547 555.922119140625
"105" 81.9713287353516 160.098373413086 443.78369140625
"106" 147.337768554688 155.661163330078 484.987182617188
"107" 128.318908691406 258.670135498047 490.5087890625
"108" 123.8803 262.2599 477.3248
"109" 121.6808 265.725 463.451
"110" 114.6295 265.1412 451.2165
"111" 106.0425 261.2957 440.4595
"112" 97.9634 258.167 428.9291
"113" 91.2916 247.3135 422.3812
"114" 83.4873 235.4414 420.8679
"115" 80.0229 222.4521 425.4906
"116" 78.7983 209.4833 431.7017
"117" 78.9232 199.3554 441.9369
"118" 80.5502 190.4824 453.1807
"119" 86.6355 183.084 463.9801
"120" 95.1285 178.2202 474.3776
"121" 104.4571 176.5047 485.3016
"122" 113.4102 177.8682 496.5253
"123" 121.3409 184.0179 506.5656
"124" 126.3436 195.6472 513.3306
"125" 129.6457 209.4165 515.47
"126" 130.9378 223.7128 513.7341
"127" 131.3584 237.4187 509.2123
"128" 131.2247 249.2847 501.1599
"129" 120.833618164062 161.328048706055 417.027893066406
"130" 121.6489 158.4894 433.0106
"131" 125.2073 157.3499 448.9023
"132" 130.7756 155.1082 463.9612
"133" 139.2517 154.4502 477.9249
"134" 146.9585 156.657 491.906
"135" 154.6579 161.3199 505.451
"136" 163.4365 169.2594 516.4443
"137" 175.6826 176.1943 524.454
"138" 190.409317016602 182.780334472656 526.781372070312
"139" 120.833618164062 161.328048706055 417.027893066406
"140" 304.470703125 107.582992553711 315.526763916016
"141" 304.870910644531 105.77613067627 312.320922851562
"142" 305.824340820312 103.934928894043 309.296600341797
"143" 306.959045410156 101.857704162598 306.237762451172
"144" 308.949584960938 99.2113647460938 302.254638671875
"145" 308.349761962891 109.263221740723 315.831420898438
"146" 308.965087890625 107.162994384766 312.185516357422
"147" 309.606231689453 105.371849060059 309.390350341797
"148" 310.987884521484 103.134208679199 305.949768066406
"149" 313.514801025391 101.462432861328 302.544311523438
"150" 312.373931884766 110.226318359375 315.084991455078
"151" 313.249633789062 108.267097473145 311.573425292969
"152" 313.666351318359 105.867752075195 307.867126464844
"153" 315.096160888672 103.81852722168 304.705963134766
"154" 317.374603271484 102.387901306152 302.048370361328
"155" 315.936004638672 110.795997619629 314.389007568359
"156" 317.225036621094 108.99373626709 310.532409667969
"157" 318.311920166016 107.279609680176 307.896728515625
"158" 320.279998779297 105.26301574707 304.848815917969
"159" 322.469543457031 103.06884765625 302.165924072266
"160" 320.751281738281 110.803337097168 313.030548095703
"161" 322.3974609375 109.407890319824 310.564819335938
"162" 324.018188476562 107.371002197266 308.001037597656
"163" 325.717224121094 105.541725158691 306.332489013672
"164" 326.542816162109 103.378288269043 303.691009521484
"165" 324.869812011719 110.050880432129 312.941192626953
"166" 326.859771728516 108.073364257812 310.69677734375
"167" 328.018249511719 106.589912414551 308.844329833984
"168" 329.148284912109 104.336494445801 306.561614990234
"169" 329.894195556641 102.166374206543 304.121856689453
"170" 330.168090820312 109.243583679199 314.709411621094
"171" 331.130523681641 107.043807983398 311.276153564453
"172" 331.658264160156 104.454391479492 307.798522949219
"173" 332.658508300781 101.611083984375 304.142303466797
"174" 334.441345214844 109.28018951416 315.538879394531
"175" 334.376770019531 107.290351867676 312.513946533203
"176" 335.054107666016 105.298454284668 309.740020751953
"177" 335.191040039062 102.570411682129 305.340728759766
"178" 337.831573486328 110.234748840332 316.300384521484
"179" 338.017761230469 107.25772857666 312.043304443359
"180" 338.187469482422 104.619659423828 308.266906738281
"181" 338.781494140625 102.160667419434 304.163543701172
"182" 340.654144287109 109.592308044434 313.741577148438
"183" 341.191802978516 107.138313293457 310.175750732422
"184" 341.263336181641 105.078033447266 307.053283691406
"185" 341.409515380859 102.31600189209 302.678283691406
"186" 344.081665039062 108.30989074707 309.478881835938
"187" 344.036529541016 106.106010437012 306.204528808594
"188" 345.015380859375 104.380599975586 302.037994384766
"189" 300.328369140625 162.064315795898 449.060577392578
"190" 301.046325683594 169.206802368164 447.565643310547
"191" 296.181213378906 173.159790039062 447.579376220703
"192" 289.527435302734 171.466567993164 443.9990234375
"193" 284.971710205078 167.254760742188 439.286743164062
"194" 279.023345947266 164.381362915039 434.818389892578
"195" 274.277770996094 160.983383178711 429.232574462891
"196" 295.478149414062 154.701354980469 455.884246826172
"197" 295 166.154006958008 455
"198" 293.782440185547 171.774520874023 454.788299560547
"199" 286.591827392578 163.849151611328 449.371337890625
"200" 280.305541992188 162.074813842773 446.114624023438
"201" 275.820526123047 159.175842285156 442.170013427734
"202" 290.786468505859 151.488616943359 461.743530273438
"203" 290.174987792969 160.722747802734 461.816162109375
"204" 290.279693603516 166.970611572266 460.811950683594
"205" 286.009002685547 164.955993652344 459.730010986328
"206" 279.020477294922 160.522003173828 454.467193603516
"207" 274.099182128906 158.450775146484 450.801971435547
"208" 270.410308837891 156.136703491211 448.060089111328
"209" 285.909332275391 150.435882568359 466.192230224609
"210" 286.952667236328 159.956756591797 467.201507568359
"211" 286.027496337891 165.955932617188 466.449584960938
"212" 281.011108398438 163.07844543457 463.887756347656
"213" 274.92041015625 159.219436645508 460.0283203125
"214" 269.108459472656 155.879592895508 455.588439941406
"215" 281.590179443359 148.086013793945 471.082672119141
"216" 282.516998291016 155.897003173828 471.963989257812
"217" 283.010009765625 164.335006713867 471.43798828125
"218" 275.312072753906 163.682418823242 470.917358398438
"219" 273.877746582031 158.201782226562 467.616394042969
"220" 267.990753173828 156.624816894531 462.721343994141
"221" 264.007049560547 154.392349243164 461.101135253906
"222" 275.563262939453 146.93424987793 476.754180908203
"223" 276.649841308594 153.675323486328 478.022308349609
"224" 276.937316894531 161.393890380859 477.912170410156
"225" 272.109008789062 164.130905151367 476.849731445312
"226" 269.49755859375 158.394104003906 474.896881103516
"227" 262.762817382812 156.464630126953 470.690307617188
"228" 261.038208007812 154.389694213867 467.523834228516
"229" 269.187622070312 147.019271850586 483.596435546875
"230" 272.014007568359 156.011993408203 485.966003417969
"231" 271.268707275391 164.911315917969 486.686370849609
"232" 266.995300292969 163.156219482422 484.997619628906
"233" 264.291625976562 158.364730834961 481.983276367188
"234" 257.633239746094 155.477966308594 475.670288085938
"235" 255.13623046875 153.348281860352 473.19677734375
"236" 261.949096679688 147.039947509766 491.756408691406
"237" 263.310119628906 155.557022094727 492.901702880859
"238" 263.065155029297 164.052627563477 492.415710449219
"239" 262.452850341797 162.811584472656 492.733489990234
"240" 253.558288574219 157.46955871582 483.364410400391
"241" 251.82160949707 154.392486572266 480.255889892578
"242" 255.888092041016 146.978454589844 499.247406005859
"243" 255.505966186523 155.134170532227 498.735137939453
"244" 259.794128417969 163.735961914062 500.059783935547
"245" 255.990997314453 161.964004516602 499.623992919922
"246" 253.311965942383 160.307922363281 495.843139648438
"247" 246.941024780273 156.152359008789 489.742370605469
"248" 244.970993041992 153.212997436523 485.192993164062
"249" 248.289001464844 149.00700378418 507.614990234375
"250" 251.212265014648 160.045547485352 506.890808105469
"251" 251.238128662109 170.109313964844 507.396423339844
"252" 246.145568847656 163.105819702148 505.635467529297
"253" 241.134384155273 160.665588378906 502.749755859375
"254" 238.708297729492 157.197357177734 500.655731201172
"255" 237.974960327148 155.347915649414 497.939788818359
"256" 240.591003417969 151.907806396484 517.278869628906
"257" 242.105606079102 161.858047485352 514.564880371094
"258" 245.138977050781 171.897018432617 515.659423828125
"259" 238.981735229492 164.860748291016 515.552856445312
"260" 235.016998291016 161.080993652344 513.213012695312
"261" 232.858657836914 160.650390625 509.866790771484
"262" 231.313766479492 160.262283325195 510.214630126953
"263" 235.697479248047 153.926162719727 523.648498535156
"264" 241.444839477539 170.879196166992 520.788696289062
"265" 235.453994750977 173.059860229492 521.103698730469
"266" 229.131912231445 170.039352416992 523.620544433594
"267" 226.220993041992 168.380004882812 521.260986328125
"268" 221.942367553711 168.479965209961 519.602172851562
"269" 227.484603881836 156.391998291016 531.744079589844
"270" 232.322647094727 171.019256591797 527.181030273438
"271" 229.661346435547 174.758392333984 526.909545898438
"272" 224.898101806641 175.866760253906 526.470031738281
"273" 218.600143432617 173.003128051758 528.161743164062
"274" 213.543151855469 174.229995727539 526.364013671875
"275" 221.921920776367 165.038970947266 534.871643066406
"276" 224.599639892578 177.658386230469 531.950134277344
"277" 218.456481933594 178.375061035156 531.073120117188
"278" 211.029006958008 176.404998779297 532.27001953125
"279" 204.173355102539 178.55354309082 527.755981445312
"280" 216.45068359375 160.616348266602 543.729675292969
"281" 217.327224731445 175.292755126953 538.842346191406
"282" 215.345504760742 181.139801025391 535.129150390625
"283" 207.778442382812 178.305786132812 534.266479492188
"284" 200.9326171875 181.528350830078 530.706481933594
"285" 211.644744873047 156.211639404297 550.01025390625
"286" 210.602569580078 174.392700195312 541.427978515625
"287" 207.862915039062 184.730422973633 537.618591308594
"288" 199.412750244141 184.463119506836 535.811279296875
"289" 205.404693603516 160.533264160156 551.846435546875
"290" 204.941223144531 175.656753540039 545.227478027344
"291" 201.817001342773 189.856994628906 539.317016601562
"292" 195.040954589844 192.14826965332 536.35107421875
"293" 201.129119873047 164.529739379883 552.387512207031
"294" 199.691116333008 178.559234619141 547.570922851562
"295" 198.261810302734 191.923446655273 543.654602050781
"296" 194.664321899414 192.375701904297 539.591735839844
"297" 196.072082519531 171.921630859375 552.220397949219
"298" 192.913452148438 188.656600952148 546.984436035156
"299" 87.6660003662109 165.063385009766 444.590087890625
"300" 87.4635848999023 171.660842895508 443.583038330078
"301" 91.1499481201172 175.648727416992 442.639892578125
"302" 100.199394226074 171.984909057617 439.155364990234
"303" 105.940521240234 168.990264892578 435.342498779297
"304" 113.545761108398 162.669494628906 428.361358642578
"305" 91.5004425048828 158.684661865234 451.270904541016
"306" 89.888298034668 166.001129150391 450.543853759766
"307" 94.0523986816406 173.042999267578 449.433990478516
"308" 102.415260314941 166.775268554688 446.339691162109
"309" 110.074577331543 164.255081176758 442.729309082031
"310" 115.089630126953 159.946395874023 438.483947753906
"311" 96.3333206176758 156.050491333008 457.706207275391
"312" 97.0372467041016 163.445678710938 458.211608886719
"313" 97.746940612793 170.671844482422 457.858795166016
"314" 103.528694152832 168.509521484375 455.723419189453
"315" 108.642974853516 163.871337890625 452.272613525391
"316" 115.151611328125 160.340637207031 449.274688720703
"317" 119.8369140625 157.812652587891 448.919311523438
"318" 101.752830505371 152.857269287109 463.189910888672
"319" 101.899307250977 162.953369140625 465.366607666016
"320" 102.803428649902 168.839172363281 466.284149169922
"321" 107.001579284668 165.94108581543 464.1611328125
"322" 111.061492919922 161.170608520508 461.640106201172
"323" 117.756973266602 159.866088867188 458.504547119141
"324" 121.737373352051 157.92463684082 459.185485839844
"325" 107.317916870117 150.478271484375 469.554992675781
"326" 109 158.330993652344 472
"327" 109.591423034668 166.546203613281 475.416015625
"328" 115.991996765137 160.033004760742 472.026000976562
"329" 117.49382019043 160.602752685547 471.340942382812
"330" 125.319580078125 157.882049560547 466.700347900391
"331" 115.668762207031 148.868759155273 480.271362304688
"332" 112.617988586426 159.448287963867 483.047760009766
"333" 116.342460632324 163.910522460938 482.813690185547
"334" 120.257164001465 159.537704467773 479.054656982422
"335" 119.691390991211 155.096130371094 481.170715332031
"336" 130.933364868164 156.274032592773 473.754241943359
"337" 122.57926940918 149.33772277832 487.750427246094
"338" 120.136703491211 158.945617675781 489.434478759766
"339" 120.824584960938 165.128067016602 490.422760009766
"340" 125.47395324707 160.486312866211 486.815155029297
"341" 123.83576965332 157.557083129883 487.104248046875
"342" 134.734970092773 156.751098632812 480.939056396484
"343" 128.077972412109 147.837265014648 495.73974609375
"344" 126.268684387207 156.516174316406 496.359985351562
"345" 125.430938720703 166.097564697266 497.277404785156
"346" 130.718353271484 161.216445922852 494.738647460938
"347" 138.231262207031 158.955825805664 490.403625488281
"348" 139.212554931641 157.404495239258 489.156311035156
"349" 134.175750732422 150.787857055664 503.261596679688
"350" 132.833877563477 160.081069946289 504.667877197266
"351" 131.061157226562 170.045104980469 505.051025390625
"352" 133.996719360352 166.590713500977 501.552093505859
"353" 137.648025512695 163.141021728516 502.749908447266
"354" 142.710662841797 162.118041992188 501.181488037109
"355" 147.402069091797 159.030410766602 501.43798828125
"356" 140.29328918457 151.840972900391 511.759429931641
"357" 138.947525024414 162.47834777832 512.8427734375
"358" 137.645660400391 173.659164428711 513.607543945312
"359" 141.073150634766 171.866348266602 512.828308105469
"360" 146.007965087891 165.086135864258 512.207275390625
"361" 151.063491821289 164.387008666992 511.793548583984
"362" 155.319686889648 165.319030761719 513.317443847656
"363" 148.865921020508 158.123641967773 521.561584472656
"364" 145.452651977539 169.604705810547 521.826171875
"365" 145.908706665039 177.863616943359 520.585571289062
"366" 149.671264648438 174.858016967773 520.202941894531
"367" 154.578384399414 169.075180053711 520.706787109375
"368" 160.337768554688 170.448669433594 520.241577148438
"369" 155.077850341797 159.073379516602 528.009155273438
"370" 153.996002197266 167.811004638672 529.393981933594
"371" 150.63410949707 177.997573852539 527.989929199219
"372" 160.880386352539 176.889984130859 527.192321777344
"373" 165.123550415039 173.445556640625 528.440673828125
"374" 171.935638427734 175.304153442383 525.851196289062
"375" 161 163 535.392028808594
"376" 159.024002075195 172.983001708984 534.27001953125
"377" 160.363174438477 179.721389770508 532.867309570312
"378" 169.588150024414 176.711868286133 533.221984863281
"379" 176.532257080078 179.20133972168 532.827514648438
"380" 182.453857421875 182.295944213867 532.443359375
"381" 168.718048095703 159.90168762207 544.205505371094
"382" 170.732818603516 171.437316894531 540.670349121094
"383" 171.447235107422 183.784271240234 537.911437988281
"384" 176.877334594727 185.707748413086 536.609191894531
"385" 184.291931152344 190.350769042969 534.664306640625
"386" 175.112503051758 161.793640136719 548.857238769531
"387" 177.182037353516 175.081771850586 543.34716796875
"388" 183.774459838867 190.602142333984 539.473327636719
"389" 180.557205200195 166.571716308594 550.143371582031
"390" 182.20361328125 186.850677490234 545.471435546875
