"V1" "V2" "V3"
"1" 47.0054588317871 37.8855857849121 9.26293563842773
"2" 46.2844 36.5726 7.9857
"3" 45.2753 34.9576 7.431
"4" 44.2987 33.2867 7.2904
"5" 43.1398 31.7993 6.6996
"6" 42.2633 30.0497 6.5891
"7" 41.1601 28.4134 6.3827
"8" 40.1584 26.7039 6.4392
"9" 39.0109 25.1539 6.8574
"10" 37.7621 23.7668 7.4839
"11" 36.7757 22.3365 8.3904
"12" 35.748 20.9024 8.99
"13" 34.5852 19.9744 7.874
"14" 32.9411 19.5363 7.3991
"15" 31.6508 18.5504 8.5409
"16" 29.9106712341309 18.0021133422852 9.02833557128906
"17" 41.6186714172363 53.7740859985352 2.28774166107178
"18" 42.6455 53.3885 2.1602
"19" 43.7578 53.6555 2.2839
"20" 44.8131 53.9223 2.631
"21" 45.8993 53.908 2.3295
"22" 46.8245 54.1239 1.6876
"23" 47.3095 54.9337 1.1024
"24" 46.7926 55.7202 0.7329
"25" 45.8076 56.1004 1.0628
"26" 44.9174 56.5282 1.6827
"27" 43.7814 56.6463 1.6344
"28" 42.8984 56.1738 1.0371
"29" 42.0128 55.4435 0.88
"30" 41.6761 54.4838 1.3643
"31" 47.0054588317871 37.8855857849121 9.26293563842773
"32" 33.6907005310059 30.7609519958496 10.2116422653198
"33" 36.8443717956543 24.4936084747314 21.6953430175781
"34" 37.08 26.0432 22.9351
"35" 37.7858 27.8608 23.5073
"36" 38.3609 29.7234 24.1089
"37" 39.0184 31.6303 24.2976
"38" 39.9953 33.3901 23.9717
"39" 41.3791 34.7787 23.5382
"40" 42.3634 36.4204 22.8354
"41" 43.4828 37.5684 21.6156
"42" 44.7199 38.3069 20.1976
"43" 45.6582 37.8299 18.5373
"44" 45.9521 36.8982 16.7661
"45" 45.7763 35.6285 15.1942
"46" 45.3059 34.1036 13.9289
"47" 44.6245 32.3741 13.1274
"48" 43.5981 30.6846 12.6365
"49" 42.4109 29.0392 12.4811
"50" 41.2151 27.3834 12.4178
"51" 39.8679 25.9703 12.946
"52" 38.8516 24.7812 14.1982
"53" 38.2131 23.9554 15.9372
"54" 37.5509 23.64 17.8422
"55" 37.074 23.8401 19.7725
"56" 38.5607719421387 41.0927391052246 10.9207181930542
"57" 37.8452 39.4133 10.4284
"58" 37.3319 37.5556 10.5269
"59" 36.4773 35.8161 10.6299
"60" 35.6102 34.0974 10.3939
"61" 34.6166 32.5123 10.1253
"62" 33.6501 30.8327 10.2699
"63" 32.5872 29.2098 10.0189
"64" 31.2443 27.8164 10.1333
"65" 29.696964263916 26.6720142364502 10.2995920181274
"66" 38.5607719421387 41.0927391052246 10.9207181930542
"67" 30.5330467224121 16.2298736572266 20.4578323364258
"68" 29.696964263916 26.6720142364502 10.2995920181274
"69" 30.5330467224121 16.2298736572266 20.4578323364258
"70" 30.3749 18.2692 22.4179
"71" 30.2756 20.8655 23.6391
"72" 30.1044 23.6235 24.4503
"73" 30.081 26.4532 24.9401
"74" 29.7831 29.266 25.3927
"75" 29.7399 32.1244 25.7448
"76" 29.5852 34.9914 25.9453
"77" 29.5893 37.8668 25.9784
"78" 29.3837 40.738 26.0598
"79" 29.1069 43.5953 26.2851
"80" 29.0689 46.4557 26.6031
"81" 29.1117 49.3176 26.8503
"82" 29.0569 52.1853 27.0879
"83" 28.9452 55.0634 27.1167
"84" 28.916 57.9334 27.3115
"85" 28.8996 60.7954 27.6163
"86" 28.8067 63.6572 27.8895
"87" 28.6969108581543 66.5183715820312 28.1144371032715
"88" 27.7554092407227 70.7262878417969 12.015962600708
"89" 28.6969108581543 66.5183715820312 28.1144371032715
"90" 29.9106712341309 18.0021133422852 9.02833557128906
"91" 12.0235681533813 36.4011154174805 9.9570779800415
"92" 12.7625 35.0438 8.4476
"93" 14.0032 33.3435 7.7776
"94" 15.3999 31.6342 7.5365
"95" 16.7179 29.9039 7.1272
"96" 17.9493 28.1021 6.9206
"97" 19.2341 26.3094 6.8893
"98" 20.71 24.6716 6.969
"99" 22.188 23.1492 7.5427
"100" 23.4886 21.7642 8.637
"101" 24.7753 20.0675 8.7469
"102" 26.166 19.5451 7.2729
"103" 27.9439 18.6308 8.2444
"104" 29.9106712341309 18.0021133422852 9.02833557128906
"105" 12.0235681533813 36.4011154174805 9.9570779800415
"106" 25.659049987793 29.9486885070801 10.2719144821167
"107" 23.858039855957 23.9200706481934 22.0020408630371
"108" 23.5426 25.4201 23.3694
"109" 22.7873 27.1766 24.2141
"110" 21.8476 28.9948 24.6648
"111" 20.8649 30.8394 24.814
"112" 19.5217 32.3942 24.3933
"113" 18.238 33.9924 23.9418
"114" 16.8597 35.3325 23.1761
"115" 15.5413 36.1887 21.7871
"116" 14.2743 36.2579 20.2038
"117" 13.698 35.3133 18.4298
"118" 13.6292 34.2309 16.6395
"119" 13.9774 32.7424 15.2185
"120" 14.7616 31.18 14.07
"121" 15.9632 29.6485 13.3058
"122" 17.2342 27.9962 13.0504
"123" 18.5769 26.3886 12.9414
"124" 20.1513 25.0723 13.1893
"125" 21.3994 23.9615 14.4282
"126" 22.344 23.366 16.2054
"127" 23.012 22.9174 18.1352
"128" 23.6317 23.1011 20.0813
"129" 19.5247173309326 39.3669357299805 11.6483173370361
"130" 20.8344 38.2395 10.929
"131" 21.5191 36.4869 10.9442
"132" 22.2458 34.8162 10.5034
"133" 23.1177 33.1208 10.3873
"134" 24.212 31.5834 10.1938
"135" 25.329 30.0385 10.158
"136" 26.5598 28.5803 10.274
"137" 27.9587 27.2908 10.2905
"138" 29.696964263916 26.6720142364502 10.2995920181274
"139" 19.5247173309326 39.3669357299805 11.6483173370361
"140" 42.1669578552246 53.7627487182617 1.74636507034302
"141" 42.1773529052734 54.216495513916 1.41562914848328
"142" 42.3395004272461 54.5859985351562 1.10772001743317
"143" 42.4835739135742 54.8936996459961 0.984639525413513
"144" 42.5775871276855 55.5624961853027 0.800019145011902
"145" 42.7087440490723 53.7243995666504 1.7846599817276
"146" 42.7086982727051 54.2783012390137 1.4154200553894
"147" 42.7703018188477 54.5243988037109 1.23080003261566
"148" 42.790412902832 55.0368118286133 0.98464047908783
"149" 42.9548988342285 55.5705986022949 0.861559987068176
"150" 43.201099395752 53.8474998474121 1.7846599817276
"151" 43.3241996765137 54.2783012390137 1.60003995895386
"152" 43.3857002258301 54.709098815918 1.29234004020691
"153" 43.3857002258301 55.2629013061523 1.10772001743317
"154" 43.5407524108887 55.7856559753418 1.32431411743164
"155" 43.4889030456543 53.9507026672363 1.84619998931885
"156" 43.5954437255859 54.4265441894531 1.6615799665451
"157" 43.7549018859863 54.8320999145508 1.4154200553894
"158" 43.8303718566895 55.2734336853027 1.36779117584229
"159" 44.017017364502 55.9033966064453 1.53849983215332
"160" 43.8779983520508 54.0321006774902 2.0308198928833
"161" 43.9396018981934 54.5245018005371 1.84621000289917
"162" 43.9816093444824 55.0167999267578 1.51899719238281
"163" 44.3030242919922 55.5033264160156 1.53849995136261
"164" 44.4569053649902 55.9322929382324 1.65400886535645
"165" 44.4518852233887 54.4161376953125 2.22069048881531
"166" 44.5550003051758 54.8936996459961 1.90772998332977
"167" 44.9856986999512 55.1398010253906 1.72311997413635
"168" 44.8738059997559 55.491081237793 1.53791892528534
"169" 44.8011016845703 55.8782997131348 1.53849995136261
"170" 45.1087989807129 54.4014015197754 2.21544003486633
"171" 45.2318992614746 54.8320999145508 1.84619998931885
"172" 45.1703987121582 55.3244018554688 1.47695994377136
"173" 45.293399810791 55.8980712890625 1.35388004779816
"174" 45.5396003723145 54.2167015075684 2.1538999080658
"175" 45.5781326293945 54.6722297668457 1.78306901454926
"176" 45.478099822998 55.0783004760742 1.47698998451233
"177" 45.4170188903809 55.6312370300293 1.29234004020691
"178" 46.0545043945312 54.1230850219727 1.93038785457611
"179" 46.0487022399902 54.6609764099121 1.44574570655823
"180" 45.9419593811035 54.983642578125 1.23080003261566
"181" 45.966236114502 55.6909255981445 0.927269816398621
"182" 46.4011993408203 54.3470077514648 1.5313458442688
"183" 46.4210014343262 54.6665000915527 1.19765996932983
"184" 46.3689155578613 54.9259300231934 1.04618000984192
"185" 46.191162109375 55.4729385375977 0.861559271812439
"186" 46.7295188903809 54.6067581176758 1.18503785133362
"187" 46.6483001708984 54.8936996459961 0.984640002250671
"188" 46.831901550293 55.3245010375977 0.738475978374481
"189" 45.8607940673828 37.1541748046875 10.2476568222046
"190" 45.4190673828125 36.9832382202148 11.6262702941895
"191" 43.7840805053711 36.6638450622559 12.6956443786621
"192" 42.2555046081543 37.3007316589355 12.492600440979
"193" 41.2318000793457 38.0932998657227 11.8772001266479
"194" 40.247200012207 38.831600189209 11.2617998123169
"195" 39.4412002563477 39.8345985412598 10.9163999557495
"196" 45.2031745910645 35.9106292724609 9.0779333114624
"197" 44.7244682312012 35.666259765625 10.8235492706299
"198" 43.455738067627 35.5558929443359 12.3695001602173
"199" 41.6626014709473 36.5547981262207 11.6926002502441
"200" 40.5471954345703 37.1162147521973 11.0771999359131
"201" 39.5034217834473 37.8745765686035 10.831000328064
"202" 44.3052864074707 34.6434860229492 8.73985195159912
"203" 43.9646873474121 34.6105880737305 10.1581401824951
"204" 43.1611175537109 34.3689155578613 11.8236770629883
"205" 41.6626014709473 35.3240013122559 11.6310997009277
"206" 40.4318008422852 36.1855010986328 10.8926000595093
"207" 39.419490814209 36.5288276672363 10.5846605300903
"208" 38.3394012451172 37.1702003479004 10.3387002944946
"209" 43.4698448181152 33.4363250732422 8.85925102233887
"210" 43.201099395752 33.4042015075684 10.2140340805054
"211" 42.1870613098145 33.5111274719238 11.7259283065796
"212" 40.7868690490723 34.1815719604492 11.1386995315552
"213" 39.5087013244629 35.1475486755371 10.461799621582
"214" 38.4860877990723 35.941047668457 10.3387002944946
"215" 43.0164985656738 32.5546989440918 8.24635982513428
"216" 42.5762748718262 32.3605880737305 9.73833656311035
"217" 41.9331169128418 32.4210205078125 11.2268877029419
"218" 40.6510734558105 32.9130668640137 11.3073072433472
"219" 39.5087013244629 33.8470001220703 10.4003000259399
"220" 38.5856018066406 34.4539184570312 10.0925998687744
"221" 37.1840057373047 35.1254959106445 10.0310001373291
"222" 42.105037689209 31.2740383148193 8.1232795715332
"223" 41.8644866943359 31.2796154022217 9.13869953155518
"224" 41.4164009094238 31.1828422546387 10.7100973129272
"225" 40.1469573974609 31.5499267578125 11.5694999694824
"226" 39.1872100830078 32.2684745788574 10.6112213134766
"227" 38.1548004150391 33.0463676452637 9.96947956085205
"228" 36.923999786377 34.0316009521484 9.96947956085205
"229" 41.4297027587891 29.9832801818848 7.80181550979614
"230" 40.9160003662109 30.0907001495361 9.56083965301514
"231" 40.5090103149414 29.6890163421631 11.1498069763184
"232" 39.0778999328613 30.4008007049561 11.0771999359131
"233" 38.1281547546387 31.2850494384766 10.1541004180908
"234" 37.2382659912109 32.1173248291016 9.7848596572876
"235" 36.0190505981445 32.9672508239746 9.7848596572876
"236" 40.3925018310547 28.5803413391113 7.51399517059326
"237" 40.0625686645508 28.6161689758301 9.36110496520996
"238" 39.6323127746582 28.6246242523193 11.0851345062256
"239" 38.2163009643555 29.4776992797852 10.7694997787476
"240" 37.1467781066895 30.569128036499 9.60023975372314
"241" 36.1609535217285 31.6843509674072 9.66178035736084
"242" 39.5702018737793 27.3852996826172 7.38479995727539
"243" 39.3442001342773 27.4120769500732 8.99151611328125
"244" 39.0163993835449 27.5353469848633 10.7455253601074
"245" 37.7795829772949 28.2922992706299 11.015700340271
"246" 36.9258117675781 29.0490036010742 10.0944108963013
"247" 36.0009002685547 29.8981170654297 9.53870010375977
"248" 34.7463645935059 30.6706352233887 9.47716045379639
"249" 38.5818367004395 26.1507396697998 7.77501916885376
"250" 38.3397789001465 26.2163791656494 9.64950942993164
"251" 38.1544799804688 26.092679977417 10.2156000137329
"252" 36.3700981140137 27.6315002441406 9.47716045379639
"253" 35.9742126464844 28.035514831543 9.35408020019531
"254" 34.4009017944336 29.1084003448486 9.41561985015869
"255" 33.3490676879883 30.0205516815186 9.41562461853027
"256" 37.4313774108887 24.938777923584 8.02205181121826
"257" 37.407829284668 25.0998287200928 9.76189136505127
"258" 37.3548011779785 25.169900894165 10.2156000137329
"259" 35.8162994384766 26.4006996154785 10.6464004516602
"260" 35.0778007507324 27.0160999298096 9.41561985015869
"261" 34.1544342041016 28.0004348754883 9.41561985015869
"262" 33.1655540466309 28.6322154998779 9.41561985015869
"263" 36.7372055053711 23.9887142181396 8.33952522277832
"264" 36.9390296936035 24.3271427154541 11.0195083618164
"265" 36.5547981262207 24.0620994567871 10.4003000259399
"266" 34.3991317749023 25.7236995697021 10.5848999023438
"267" 33.5392990112305 26.3390998840332 9.60023975372314
"268" 32.6565856933594 27.257303237915 9.7493782043457
"269" 35.7553176879883 22.7332954406738 8.81725406646729
"270" 36.0349464416504 23.1876888275146 10.9395561218262
"271" 35.047679901123 24.0311336517334 11.7540998458862
"272" 33.6191558837891 24.8189792633057 11.0771999359131
"273" 32.923900604248 25.2313995361328 10.3387002944946
"274" 32.1853981018066 26.1544990539551 9.7848596572876
"275" 35.1429252624512 21.7271537780762 10.1361312866211
"276" 35.2624015808105 22.2775001525879 11.1386995315552
"277" 33.3546981811523 23.6928997039795 11.4463996887207
"278" 32.1239013671875 24.6774997711182 10.2771997451782
"279" 31.1629066467285 25.6325225830078 10.1599960327148
"280" 34.1973838806152 20.7390003204346 9.27363872528076
"281" 33.9085006713867 21.3544006347656 11.2003002166748
"282" 33.1085014343262 22.6466999053955 11.6926002502441
"283" 31.9652538299561 23.6857757568359 10.8997249603271
"284" 30.8426265716553 24.748592376709 10.6873474121094
"285" 32.923900604248 20.5543994903564 8.43099021911621
"286" 32.9533958435059 21.1198101043701 10.9361953735352
"287" 32.2879066467285 22.0735282897949 12.2658548355103
"288" 31.0413627624512 23.1689338684082 11.8837022781372
"289" 32.2470016479492 19.9603786468506 8.92376804351807
"290" 32.0623016357422 20.4927997589111 11.1386995315552
"291" 31.6452960968018 21.0466995239258 12.9712038040161
"292" 30.4386787414551 22.1069660186768 13.439549446106
"293" 31.5321712493896 19.3472728729248 9.53600406646729
"294" 31.3239002227783 19.3850994110107 11.4463996887207
"295" 31.262300491333 20.0004997253418 12.9233999252319
"296" 30.2489891052246 20.6244831085205 13.7234001159668
"297" 30.722864151001 18.722562789917 10.4832315444946
"298" 30.3391990661621 19.0158996582031 12.5542001724243
"299" 13.2848310470581 35.6394691467285 10.8498630523682
"300" 13.964524269104 35.4285011291504 12.2414236068726
"301" 15.2159404754639 35.4159736633301 13.0925149917603
"302" 16.5783538818359 36.171817779541 12.8378162384033
"303" 17.4773998260498 36.7974395751953 12.1701936721802
"304" 18.8150043487549 37.8845710754395 11.5080003738403
"305" 13.6664361953735 34.7655487060547 9.63530254364014
"306" 14.586630821228 34.2805099487305 11.5124349594116
"307" 15.9254217147827 34.2596588134766 12.8002996444702
"308" 17.2926998138428 35.0778007507324 11.93869972229
"309" 18.3603916168213 35.8438949584961 11.3634424209595
"310" 19.8187408447266 36.702823638916 11.1358594894409
"311" 14.5234003067017 33.6282119750977 9.17149448394775
"312" 15.2900485992432 33.2649955749512 10.7058773040771
"313" 16.3385772705078 32.9035491943359 12.4412078857422
"314" 17.4773006439209 33.8470001220703 11.9387998580933
"315" 18.5851001739502 34.2778015136719 11.1386995315552
"316" 19.7424831390381 35.1167297363281 10.831000328064
"317" 20.7916851043701 35.4493064880371 10.5846500396729
"318" 15.3578310012817 32.3720626831055 8.8981819152832
"319" 16.3606719970703 31.8543701171875 10.7372045516968
"320" 17.1867237091064 31.6367053985596 12.0840578079224
"321" 16.9850006103516 31.4468994140625 11.2003002166748
"322" 18.8971424102783 33.101261138916 11.015700340271
"323" 20.1236000061035 33.9085006713867 10.5233001708984
"324" 21.2928009033203 33.7238998413086 10.5233001708984
"325" 16.2796726226807 31.3542289733887 8.56750583648682
"326" 17.0542659759521 30.8536605834961 9.93774890899658
"327" 18.217903137207 30.240327835083 11.7188310623169
"328" 19.4465999603271 31.0161991119385 11.2617998123169
"329" 20.2467002868652 31.7546005249023 10.461799621582
"330" 21.3981800079346 32.431583404541 10.2156000137329
"331" 17.7379360198975 29.5205421447754 8.30359840393066
"332" 18.3741512298584 29.3193473815918 10.1932363510132
"333" 18.8843040466309 28.9322967529297 10.5916786193848
"334" 20.5767498016357 30.4399318695068 10.6464004516602
"335" 21.4775009155273 30.7700004577637 10.0925998687744
"336" 22.3390007019043 31.6315994262695 10.0925998687744
"337" 18.7696990966797 28.3083992004395 8.49252033233643
"338" 19.4189205169678 28.1514949798584 10.256178855896
"339" 20.3183612823486 28.2749309539795 11.5080003738403
"340" 21.2479496002197 29.0302124023438 11.015700340271
"341" 22.2775001525879 29.4383125305176 9.90793991088867
"342" 23.1801948547363 30.3188514709473 9.90793991088867
"343" 19.6928005218506 26.9545001983643 7.87715005874634
"344" 20.0620002746582 27.0160999298096 9.60023021697998
"345" 21.8263359069824 27.6314449310303 11.220664024353
"346" 22.3390007019043 28.1853008270264 10.6464004516602
"347" 23.0093841552734 28.6056900024414 9.84640026092529
"348" 24.2372741699219 29.442777633667 9.84640026092529
"349" 20.800500869751 25.8467998504639 8.24637031555176
"350" 21.1433162689209 25.8116855621338 9.79952812194824
"351" 21.4143562316895 25.9350070953369 11.5694999694824
"352" 22.5461883544922 26.7432327270508 11.1777105331421
"353" 23.7544002532959 27.5083999633789 9.90793991088867
"354" 24.0285797119141 27.5570640563965 9.84640026092529
"355" 25.4265842437744 28.2550563812256 9.84640026092529
"356" 21.6620998382568 24.7390995025635 8.1848201751709
"357" 22.0312995910645 24.7390995025635 10.0925998687744
"358" 22.508996963501 24.7954864501953 12.0003004074097
"359" 22.4348258972168 24.2740726470947 10.7080001831055
"360" 24.5703029632568 26.3819599151611 10.4647188186646
"361" 25.1918601989746 26.5770797729492 9.96947956085205
"362" 26.3407382965088 27.4468002319336 9.90793991088867
"363" 23.0774993896484 23.3236999511719 9.10793018341064
"364" 24.1851997375488 24.4929008483887 11.8772001266479
"365" 24.1851997375488 24.4929008483887 11.8772001266479
"366" 24.706714630127 24.7617683410645 11.6310997009277
"367" 25.5391006469727 25.6005992889404 10.0310001373291
"368" 26.6108455657959 25.9162693023682 9.96947956085205
"369" 23.8159999847412 22.3390007019043 9.41563034057617
"370" 24.0620994567871 22.4006004333496 10.831000328064
"371" 24.0445556640625 22.418140411377 11.2682113647461
"372" 26.1078090667725 24.0511093139648 11.1241321563721
"373" 26.8313999176025 24.5543994903564 10.461799621582
"374" 27.8775997161865 25.169900894165 10.0310001373291
"375" 25.1082992553711 20.9235992431641 10.2771997451782
"376" 24.985200881958 21.3544006347656 11.0771999359131
"377" 26.0311317443848 22.6463298797607 11.6931705474854
"378" 27.077600479126 23.0774993896484 11.2003002166748
"379" 28.0622005462646 23.6313991546631 11.1386995315552
"380" 28.8006992340088 24.3083000183105 10.8926000595093
"381" 26.321268081665 20.1851005554199 8.84391593933105
"382" 26.7084007263184 20.6159000396729 10.831000328064
"383" 27.2621994018555 21.7852001190186 12.1233997344971
"384" 27.9765815734863 22.0619831085205 12.4004163742065
"385" 28.9546794891357 22.6826152801514 12.8568639755249
"386" 27.1390991210938 19.8773994445801 9.00537014007568
"387" 27.5083999633789 20.1851005554199 11.0771999359131
"388" 28.4314994812012 20.8621006011963 13.1079998016357
"389" 28.2469005584717 19.0774002075195 10.0310001373291
"390" 28.8006992340088 19.3850994110107 12.492600440979
