"V1" "V2" "V3"
"1" 4712.36376953125 37263.3984375 18653.41015625
"2" 3582.6919 36510.8153 17653.7308
"3" 2867.6944 35617.1916 16332.0369
"4" 2658.7885 34717.7226 14841.3548
"5" 2732.0927 34019.9797 13246.878
"6" 2833.0976 33146.2969 11790.4001
"7" 2895.1475 32475.8595 10213.5414
"8" 3801.478 32205.0562 8743.4161
"9" 4091.1829 31327.13 7349.7224
"10" 4237.3477 30390.3984 5956.4111
"11" 4753.3587 29366.1596 4689.5686
"12" 5453.5047 28333.7555 3453.4065
"13" 6055.5557 27057.7505 2518.0299
"14" 6601.6347 25580.7852 1836.1019
"15" 6718.61 23905.0305 1323.9281
"16" 7241.6083984375 22315.64453125 989.82421875
"17" 4125.81298828125 34404.02734375 36553.765625
"18" 4706.2766 35479.9749 36275.3442
"19" 5177.88 36592.0684 36711.6935
"20" 5336.1903 37877.4267 36607.4257
"21" 5271.5191 39146.798 36378.8395
"22" 5363.5331 40393.3709 36087.4498
"23" 5404.8408 41420.4392 36624.8653
"24" 5450.0203 41372.2421 37876.835
"25" 5170.8038 40389.845 38655.2108
"26" 5413.7265 39137.6055 38690.7222
"27" 5525.7085 37865.2877 38569.6463
"28" 5127.1637 36643.6173 38495.0094
"29" 4852.4554 35408.127 38389.2095
"30" 4071.3736 34589.1781 37793.7045
"31" 4712.36376953125 37263.3984375 18653.41015625
"32" 7589.892578125 26313.48828125 10810.58203125
"33" 13086.314453125 27947.8671875 5725.173828125
"34" 15264.5732 27155.9017 6166.6267
"35" 17404.6576 26358.7956 6642.905
"36" 18901.5947 25424.8159 8181.8862
"37" 20318.0889 24690.0827 9926.1056
"38" 21172.8944 24307.4516 12070.2945
"39" 21780.9949 24707.5187 14291.1035
"40" 22090.7446 25909.6735 16266.529
"41" 22028.82 27648.3461 17854.7185
"42" 21441.0981 29676.776 18908.7551
"43" 20532.0839 31618.0086 19896.0953
"44" 19252.0194 33372.1071 20822.8507
"45" 17921.56 35056.065 21759.8481
"46" 16059.156 36314.7193 21368.7339
"47" 14250.2596 36983.5473 20043.6503
"48" 12729.7682 36886.6482 18250.847
"49" 11556.0749 36193.5636 16380.3678
"50" 9981.4875 35206.4748 14937.9597
"51" 9152.4451 34083.8033 13054.2393
"52" 8493.6752 33039.1337 11040.9747
"53" 8925.3049 31879.4292 9080.567
"54" 9544.7261 30495.7617 7312.1026
"55" 11195.6864 29222.16 6197.4504
"56" 6248.849609375 34153.35546875 15657.3564453125
"57" 6361.6177 32547.8915 14442.351
"58" 5713.6271 31327.2768 12957.8073
"59" 5216.342 30045.0513 11490.7982
"60" 4935.5697 28755.3727 9939.8492
"61" 5000.3085 27443.2982 8376.2769
"62" 5511.1726 26221.7531 6821.2748
"63" 6363.483 25030.05 5408.4461
"64" 7199.9951 23683.102 4178.1387
"65" 8165.232421875 21976.591796875 3882.20385742188
"66" 6248.849609375 34153.35546875 15657.3564453125
"67" 17071.4609375 22185.248046875 4929.998046875
"68" 8165.232421875 21976.591796875 3882.20385742188
"69" 17071.4609375 22185.248046875 4929.998046875
"70" 18680.5502 22274.5484 6444.6831
"71" 19954.9711 22247.8995 8289.5691
"72" 20970.0727 21977.1679 10271.1937
"73" 21681.98 21656.6901 12376.7868
"74" 22327.1189 21348.4834 14512.0715
"75" 22682.3446 21266.7107 16734.1289
"76" 23007.5171 21079.2538 18952.9457
"77" 23180.8871 21017.6438 21190.0955
"78" 23342.4499 20984.2035 23438.1832
"79" 23404.4021 20775.8388 25671.9046
"80" 23378.6304 20709.0461 27917.8674
"81" 23276.0952 20605.3622 30162.8376
"82" 22895.4089 20213.7961 32341.0296
"83" 22500.4198 19998.1091 34525.1793
"84" 21914.7111 19678.8584 36670.6886
"85" 21474.0629 19538.5489 38871.0563
"86" 20977.745 19296.1196 41044.9586
"87" 20336.33984375 19297.513671875 43182.88671875
"88" 4114.7607421875 19980.7421875 48457.3828125
"89" 20336.33984375 19297.513671875 43182.88671875
"90" 7241.6083984375 22315.64453125 989.82421875
"91" 5749.375 5247.326171875 16201.107421875
"92" 3900.3098 5665.4418 15536.4336
"93" 3274.9583 6833.7412 13983.255
"94" 2758.3992 8091.3787 12440.5264
"95" 3212.9031 9235.7758 10881.7005
"96" 3463.2468 10289.7691 9193.3016
"97" 4043.314 11284.1164 7529.2388
"98" 4860.3203 12303.8373 5934.2752
"99" 5368.3015 13527.5653 4360.4668
"100" 6252.5186 14859.1099 3136.093
"101" 6939.2489 16455.5875 2164.4806
"102" 6743.0759 18281.3902 1333.6097
"103" 6858.1465 20306.3713 999.482
"104" 7241.6083984375 22315.64453125 989.82421875
"105" 5749.375 5247.326171875 16201.107421875
"106" 7836.59765625 17158.853515625 10769.7568359375
"107" 14500.333984375 16635.025390625 5087.96240234375
"108" 16646.0549 17656.4003 5335.4464
"109" 18485.3992 18383.807 6685.6271
"110" 19843.6656 18592.5846 8664.0174
"111" 20735.4682 18589.211 10936.1899
"112" 21144.4762 17950.2239 13233.7623
"113" 21246.1459 16487.2599 15170.438
"114" 20798.4475 14570.248 16608.2054
"115" 19882.7867 12517.7694 17464.1321
"116" 19114.1391 10276.0353 18066.2562
"117" 18058.9361 8366.7549 19151.0571
"118" 16474.131 6677.5846 19691.748
"119" 14347.3101 5686.5766 19121.9342
"120" 12136.8553 5720.3782 18793.4711
"121" 10676.2807 6440.9709 16978.242
"122" 9817.1624 7570.3215 15041.0273
"123" 9396.7689 7573.6096 12625.0321
"124" 8910.0531 9089.9348 10824.6623
"125" 8648.5283 10592.7161 8937.9719
"126" 9305.4693 12274.8461 7297.1218
"127" 10637.8212 13858.3386 6056.2038
"128" 12468.1821 15322.801 5366.7852
"129" 6164.15234375 7312.9091796875 14963.837890625
"130" 6450.7538 9103.4858 13757.0134
"131" 6270.7097 10779.6926 12433.4551
"132" 5628.2402 12292.9401 10965.1163
"133" 5328.4138 13807.6295 9396.2196
"134" 5173.419 15439.9815 7948.7653
"135" 5489.6297 17031.4103 6441.4452
"136" 6555.861 18339.458 5018.8002
"137" 7440.4929 19972.8827 3890.473
"138" 8165.232421875 21976.591796875 3882.20385742188
"139" 6164.15234375 7312.9091796875 14963.837890625
"140" 4241.79931640625 35021.421875 36876.17578125
"141" 4290.552734375 35025.9375 37308.6640625
"142" 4325.466796875 35091.125 37613.328125
"143" 4438.86328125 35239.9140625 37865.83984375
"144" 4717.25 35281.30078125 38008.19921875
"145" 4593.7421875 35426.32421875 36846.26953125
"146" 4635.60302734375 35421.4296875 37240.7578125
"147" 4884.60302734375 35668.4765625 37566.48828125
"148" 4931.72021484375 35704.65625 37821.46484375
"149" 5056.46630859375 36136.05859375 38215.44140625
"150" 4985.7373046875 36081.02734375 36949.9453125
"151" 5032.9755859375 36221.28125 37308.421875
"152" 5079.99951171875 36224.4296875 37567.11328125
"153" 5203.1572265625 36491.87109375 37977
"154" 5209.96044921875 36763.85546875 38187.44140625
"155" 5103.189453125 36519.5390625 36996.9375
"156" 5212.634765625 36705.0703125 37379.4375
"157" 5238.84130859375 36880.41015625 37636.40625
"158" 5261.2490234375 37112.796875 37906.3515625
"159" 5375.92041015625 37428.41015625 38208.59765625
"160" 5286.3818359375 37183.65625 37142.42578125
"161" 5346.06591796875 37393.40234375 37432.25390625
"162" 5398.78662109375 37521.296875 37692.609375
"163" 5426.099609375 37809.4140625 37960.40625
"164" 5414.09228515625 38027.76953125 38217.9921875
"165" 5398.47802734375 37833.828125 37162.92578125
"166" 5399.89404296875 38122.18359375 37458.76171875
"167" 5389.64208984375 38257.3046875 37717.54296875
"168" 5381.28955078125 38512.8046875 37985.27734375
"169" 5413.70458984375 38664.31640625 38285.23046875
"170" 5277.3466796875 38672.4140625 36971.421875
"171" 5254.48486328125 38803.703125 37421.16015625
"172" 5208.111328125 38860.6328125 37849.6171875
"173" 5314.37451171875 39095.0390625 38336.38671875
"174" 5188.5830078125 39339.16796875 36832.33984375
"175" 5140.05029296875 39346.02734375 37153.79296875
"176" 5035.63037109375 39409.04296875 37499.6328125
"177" 5114.7578125 39529.00390625 38137.84375
"178" 5151.67041015625 39886.0546875 36527.77734375
"179" 5100.60302734375 39977.1796875 37007.6640625
"180" 5070.0654296875 40088.2421875 37443.90625
"181" 5112.2099609375 40056.74609375 38144.171875
"182" 5277.31396484375 40362.48828125 36598.390625
"183" 5279.22900390625 40480.2578125 37006.59375
"184" 5197.0615234375 40507.30078125 37409.56640625
"185" 5190.30859375 40495.95703125 38053.54296875
"186" 5338.77734375 40993.73828125 36838.6875
"187" 5344.95068359375 40980.0546875 37253.3984375
"188" 5357.47412109375 41094.58984375 37748.99609375
"189" 6389.72412109375 37245.43359375 18371.748046875
"190" 8932.3896484375 37846.5 17963.69921875
"191" 10266.5 36403.19921875 18537.099609375
"192" 9204.0986328125 35400.5 17722.193359375
"193" 8370.7998046875 34743.80078125 16824.5
"194" 7320.5576171875 34710.91015625 15926.71875
"195" 6672.74462890625 34179.30078125 15711.697265625
"196" 4835.84033203125 36301.421875 17632.1640625
"197" 7046.61767578125 37101.4453125 17845.294921875
"198" 9696.66015625 36607.19921875 17979.400390625
"199" 8019.4921875 35025.1328125 16443.078125
"200" 7145.17041015625 34262.08203125 15686.3935546875
"201" 6352.7822265625 33432.5 15014.333984375
"202" 4260.486328125 35620.859375 16762.1328125
"203" 6471.93701171875 35980.19921875 17008.25
"204" 8453.671875 35879.88671875 16944.21875
"205" 7959.21044921875 34797.6875 15923.4833984375
"206" 7200.58984375 33792 14784
"207" 6011.611328125 33293.30078125 14468.0166015625
"208" 6017.32958984375 32759.60546875 13878.3525390625
"209" 4240.69287109375 34903.05078125 15871.521484375
"210" 6197.86083984375 36086.79296875 15333.2392578125
"211" 8152.99658203125 35023.82421875 15557.6435546875
"212" 7237.8837890625 33818.515625 14693.3857421875
"213" 5971.99658203125 33202.484375 13985.6728515625
"214" 5975.52197265625 32337.279296875 13382.2734375
"215" 3916.70922851562 34428.53125 14715.9501953125
"216" 5546.123046875 35021.55859375 14447.5947265625
"217" 7780.1083984375 34364.46875 14553.1611328125
"218" 7384.91064453125 33605.75390625 13883.359375
"219" 6005.17626953125 32927.8671875 13402.5546875
"220" 5961.06689453125 32128.939453125 12903.654296875
"221" 5451.91015625 31209 12430.5
"222" 3805.6728515625 33966.52734375 13562.0439453125
"223" 4954.8447265625 33900.3671875 13472.89453125
"224" 6046.830078125 33632 13376
"225" 7489.169921875 32928 12640
"226" 5984.98046875 32299.28125 12466.341796875
"227" 5495.6435546875 31200.53125 12349.0146484375
"228" 5401.91650390625 30785.61328125 12030.630859375
"229" 3768.05615234375 33397.54296875 12206.1796875
"230" 5248.296875 33268.2421875 12009.0341796875
"231" 6873.1689453125 32237.6328125 12101.599609375
"232" 6140.8955078125 31727.931640625 11398.2197265625
"233" 5833.6982421875 31001.6796875 11598.8603515625
"234" 5438.240234375 30384.384765625 11498.9619140625
"235" 5188.5400390625 29779.900390625 11078.2998046875
"236" 3805.70556640625 32712.978515625 10671.033203125
"237" 5217.177734375 32710.68359375 10640.552734375
"238" 6112.6884765625 31922.201171875 10656.4501953125
"239" 6247.794921875 30982.431640625 10446.533203125
"240" 5657.6162109375 30082.99609375 10704.95703125
"241" 5232.76513671875 29546.322265625 10614.271484375
"242" 4071.3876953125 32078.03125 9485.35546875
"243" 5065.4638671875 32054.712890625 9345.3759765625
"244" 6090.7236328125 31532.294921875 9421.208984375
"245" 6419.8388671875 30383.158203125 9317.8349609375
"246" 6059.57275390625 29742.814453125 9522.5244140625
"247" 5554.89697265625 29218.9921875 9566.7177734375
"248" 5903.796875 28053.95703125 10169.490234375
"249" 4503.78759765625 31332.041015625 7924.2861328125
"250" 5609.60205078125 31095.548828125 7869.11376953125
"251" 6329.81005859375 30008.9921875 8033.45361328125
"252" 6167.51416015625 29311.935546875 8076.14794921875
"253" 5763.0751953125 28726.71875 8196.6630859375
"254" 5984.48388671875 27330.91015625 8682.767578125
"255" 6313.9345703125 26848.216796875 8882.9853515625
"256" 4762.92822265625 30340.33203125 6186.68505859375
"257" 5822.71435546875 30235.876953125 6512.08984375
"258" 6883.32275390625 29537.625 6602.48681640625
"259" 6511.77734375 28552.751953125 6730.5595703125
"260" 5984.15380859375 27936.05078125 6886.06396484375
"261" 6335.919921875 27098.69921875 6969.85986328125
"262" 5823.8994140625 26689.69921875 6838.54833984375
"263" 5198.97998046875 29672.5 5127.14990234375
"264" 6565.35400390625 29542.154296875 5609.2021484375
"265" 6933.16748046875 28176.962890625 5552.3173828125
"266" 6890.91162109375 27175.3125 5421.85107421875
"267" 6693.36328125 26367.27734375 5450.96826171875
"268" 6512.8203125 25752.685546875 5361.68896484375
"269" 5859.20654296875 29093.376953125 4404.63916015625
"270" 6675.345703125 28544.619140625 4654.05517578125
"271" 7511.228515625 27667.333984375 4650.46826171875
"272" 7269.12841796875 26672.904296875 4526.08447265625
"273" 7310.580078125 25902.900390625 4300.31982421875
"274" 7089.70947265625 24804.978515625 4409.9267578125
"275" 6660.27197265625 27702.201171875 3496.60791015625
"276" 7825.677734375 27177.39453125 3856.701171875
"277" 7617.53857421875 26020.525390625 3791.7021484375
"278" 7607.9697265625 24676.9375 3830.353515625
"279" 7553.78759765625 23817.5078125 3759.82568359375
"280" 6629.30224609375 26818.615234375 2682.82836914062
"281" 7609.6513671875 26519.083984375 3050.33569335938
"282" 7736.3720703125 25570.31640625 3322.435546875
"283" 7918.95556640625 24616.654296875 3321.96118164062
"284" 7889.6630859375 23291.953125 3330.22778320312
"285" 6797.54296875 25809.333984375 2259.55224609375
"286" 7650.3427734375 25422.25390625 2702.98657226562
"287" 8475.560546875 24727.197265625 2899.013671875
"288" 8531.71484375 23322.3828125 2981.65185546875
"289" 7065.5595703125 24871.060546875 2066.24682617188
"290" 8064 24382.80078125 2176
"291" 9046.9697265625 23813.30078125 2185.81005859375
"292" 9064.46875 22559.568359375 2914.22534179688
"293" 7423.515625 24037.5078125 1624.02319335938
"294" 8198.6650390625 23791.796875 1778.16796875
"295" 9289.0234375 23151.3515625 2012.55236816406
"296" 9072.58984375 22496 2656
"297" 8114.2861328125 23170.99609375 1437.966796875
"298" 9386.640625 22641.1875 1783.52087402344
"299" 6537.548828125 5354.81103515625 16269.36328125
"300" 8359.7099609375 5472 16792.30078125
"301" 8960.2041015625 5994.98046875 17240.609375
"302" 8414.91796875 6741.17041015625 16400.107421875
"303" 8025.3701171875 6816 15360
"304" 6691.548828125 7368.76025390625 14825.474609375
"305" 5153.99365234375 6011.19580078125 15623.5068359375
"306" 6802.48486328125 5610.9658203125 15945.380859375
"307" 8440.52734375 6671.96630859375 16494.8046875
"308" 7518.02490234375 6995.81982421875 14828.53515625
"309" 6835.5771484375 7749.27294921875 14486.26953125
"310" 6209.8359375 8700.33203125 13784.1923828125
"311" 4614.11328125 6601.2138671875 14876.5244140625
"312" 6093.9599609375 6698.939453125 15237.666015625
"313" 8075.29541015625 6892.87451171875 15354.736328125
"314" 7232.2099609375 7744.14990234375 14304.2001953125
"315" 6859.98095703125 8401.13671875 14142.8603515625
"316" 6078.33544921875 9068.3388671875 13133.072265625
"317" 6154.33984375 9792.08984375 12576.099609375
"318" 4311.63525390625 7346.85986328125 14068.013671875
"319" 5936.32958984375 7695.1943359375 14345.1318359375
"320" 7420.2666015625 8042.3330078125 14109.5810546875
"321" 7226.85986328125 8890.8603515625 13381.099609375
"322" 6064.61767578125 9142.6279296875 12995.306640625
"323" 6036.93994140625 9600 12256
"324" 6097.74853515625 10765.3740234375 11694.3291015625
"325" 4044.36254882812 8066.44091796875 13077.333984375
"326" 5278.40234375 8536.2294921875 13003.0078125
"327" 7827.087890625 9184.7509765625 12513.048828125
"328" 6560 9984.58984375 11872.599609375
"329" 6045.08984375 10134.2998046875 11121.599609375
"330" 6117.41162109375 11254.01953125 11097.7490234375
"331" 4189.267578125 9264.9755859375 11122.0537109375
"332" 5601.58984375 9619.6298828125 11206.599609375
"333" 7126.76611328125 10448.873046875 10975.1884765625
"334" 6162.94140625 10601.7431640625 10279.927734375
"335" 6097.17529296875 10680.16796875 9873.203125
"336" 5787.462890625 12485.353515625 10226.529296875
"337" 4462.5458984375 10127.5673828125 9684.79296875
"338" 5802.611328125 10438.048828125 9749.4931640625
"339" 6976 11041.2001953125 9408
"340" 6425.46484375 11528.3974609375 9220.14453125
"341" 5152.39013671875 11392.099609375 8416.1298828125
"342" 5503.8701171875 13663.900390625 9279.8701171875
"343" 4459.47998046875 10868.9892578125 8322.4326171875
"344" 5682.9560546875 10841.7529296875 8301.3046875
"345" 6898.35107421875 11463.12890625 8239.0390625
"346" 6639.7099609375 12672 7840
"347" 5369.43994140625 12570 7276.33984375
"348" 5311.919921875 14687.900390625 8287.900390625
"349" 5152.517578125 12000.3369140625 7004.07421875
"350" 6048 12000 6671.41015625
"351" 7195.2109375 12265.9765625 7023.6435546875
"352" 6775.7099609375 13216 6816
"353" 6620.4951171875 14263.5439453125 6995.29443359375
"354" 6059.841796875 15003.9423828125 7117.46044921875
"355" 5817.00341796875 15912.1826171875 6666.7294921875
"356" 5460.712890625 12815.3828125 5655.36572265625
"357" 6318.47119140625 13281.87890625 5606.9423828125
"358" 7546.0205078125 13800.517578125 5655.50244140625
"359" 7043.31884765625 14517.9453125 5415.4638671875
"360" 6752 15392 5767.7099609375
"361" 6522.1298828125 16254.2001953125 5506.16015625
"362" 6382.037109375 17209.62890625 5360.2646484375
"363" 6376.70703125 14330.009765625 4047.64819335938
"364" 7360.509765625 14578.3447265625 4180.2822265625
"365" 8066.8876953125 15205.1201171875 4540.9638671875
"366" 7488.4169921875 16004.9423828125 4318.82421875
"367" 7414.75732421875 16746.22265625 4489.25390625
"368" 7148.85498046875 17873.009765625 4604.50927734375
"369" 6863.12841796875 15300.11328125 3164.6669921875
"370" 7680.7431640625 15642.259765625 3216.93481445312
"371" 8607.7177734375 16170.4619140625 3640.46069335938
"372" 7968.60986328125 17656.5 3756.31005859375
"373" 8065.3564453125 18128.412109375 3488.22436523438
"374" 7603.767578125 19520.111328125 3581.74682617188
"375" 7544.66015625 16747.244140625 2408.62182617188
"376" 8354.9423828125 17160.28515625 2684.146484375
"377" 8517.2685546875 17233.853515625 2648.91040039062
"378" 8356.15234375 18873.859375 2880.64575195312
"379" 8239.93359375 20019.14453125 2933.419921875
"380" 8261.3056640625 21029.169921875 3068.80786132812
"381" 7473.6435546875 18308.361328125 1632.67578125
"382" 8174.3017578125 18686.11328125 2024.13513183594
"383" 9134.201171875 19291.578125 2413.62231445312
"384" 9052.884765625 20082.357421875 2614.21362304688
"385" 9183.849609375 21088.30078125 3071.85009765625
"386" 7478.359375 19381.296875 1441.18322753906
"387" 8530.9140625 19771.607421875 1804.57019042969
"388" 9304.3798828125 20458.220703125 2422.31494140625
"389" 7852.66650390625 20432.580078125 1346.87719726562
"390" 9393.6171875 20995.53125 1866.96264648438
