"V1" "V2" "V3"
"1" 25.4730796813965 22.5909538269043 8.27621364593506
"2" 26.3167 22.1023 7.7939
"3" 27.28 21.6478 7.5397
"4" 28.2592 21.1666 7.6785
"5" 29.1582 20.5451 7.797
"6" 29.9336 19.8348 8.0977
"7" 30.7751 19.2001 8.3706
"8" 31.7758 18.8114 8.2882
"9" 32.7544 18.3661 8.1742
"10" 33.5912 17.7053 8.0056
"11" 34.3873 17.1017 8.4622
"12" 35.2784 16.5314 8.7144
"13" 36.1481 16.032 9.1432
"14" 37.1436 15.6278 8.9013
"15" 37.9228 15.0389 8.4298
"16" 38.1360549926758 14.0197124481201 8.61857795715332
"17" 16.8837146759033 18.8932151794434 3.36636018753052
"18" 16.9833 19.4891 3.882
"19" 16.8276 20.2906 3.988
"20" 16.7774 21.0917 3.8469
"21" 17.176 21.8025 3.7041
"22" 17.3326 22.4542 3.2577
"23" 17.168 22.7163 2.5326
"24" 16.6622 22.6654 1.9344
"25" 16.1191 22.1255 1.7941
"26" 15.9926 21.398 2.1256
"27" 15.7674 20.6559 2.3265
"28" 15.7345 19.8751 2.0886
"29" 16.0564 19.1614 2.0881
"30" 16.6082 18.8833 2.5909
"31" 25.4730796813965 22.5909538269043 8.27621364593506
"32" 29.6642532348633 15.8027582168579 8.16469955444336
"33" 32.4704475402832 17.3901786804199 15.5619354248047
"34" 31.4951 17.3678 16.1348
"35" 30.4608 17.232 16.5818
"36" 29.3282 17.2583 16.6055
"37" 28.2848 17.7049 16.5844
"38" 27.3492 18.3186 16.4229
"39" 26.6175 19.1129 16.1131
"40" 25.9588 19.8609 15.5704
"41" 25.5187 20.6152 14.8807
"42" 25.4831 21.0904 13.8543
"43" 25.6776 21.4555 12.8034
"44" 26.2194 21.5855 11.8213
"45" 26.9674 21.6317 10.9658
"46" 27.9187 21.3382 10.4482
"47" 28.8775 20.8687 10.0713
"48" 29.7687 20.2081 9.8776
"49" 30.5685 19.4438 9.876
"50" 31.489 19.1143 10.4274
"51" 32.3598 18.7583 11.05
"52" 33.1747 18.3383 11.6928
"53" 33.6665 17.7879 12.5204
"54" 33.5017 17.4549 13.5918
"55" 33.0786 17.2787 14.6074
"56" 24.8166007995606 17.8543453216553 7.75743770599365
"57" 25.6867 17.3654 7.8391
"58" 26.5828 16.9946 7.8824
"59" 27.4864 16.5318 7.7525
"60" 28.3944 16.0704 7.7331
"61" 29.3557 15.8191 7.9858
"62" 30.1804 15.5649 8.4287
"63" 30.8842 15.0874 8.9846
"64" 31.6491 14.751 9.5659
"65" 32.0531158447266 13.8352432250977 9.82811832427979
"66" 24.8166007995606 17.8543453216553 7.75743770599365
"67" 38.6230621337891 13.5307331085205 15.6780815124512
"68" 32.0531158447266 13.8352432250977 9.82811832427979
"69" 38.6230621337891 13.5307331085205 15.6780815124512
"70" 37.3131 13.4204 16.5324
"71" 35.7578 13.3291 16.8428
"72" 34.2081 13.1677 17.1129
"73" 32.6252 13.132 17.1888
"74" 31.0364 13.0873 17.2449
"75" 29.4577 12.9806 17.336
"76" 27.8946 12.8379 17.1447
"77" 26.3293 12.7548 16.9833
"78" 24.7547 12.7349 16.7819
"79" 23.2066 12.6724 16.4312
"80" 21.6658 12.5848 16.0485
"81" 20.1271 12.3805 15.9751
"82" 18.6033 12.3315 15.5238
"83" 17.059 12.3245 15.1497
"84" 15.4826 12.2371 14.9655
"85" 13.8983 12.1489 14.8631
"86" 12.3145 12.0383 14.7795
"87" 10.7551555633545 12.1243724822998 14.5092849731445
"88" 9.43033790588379 12.9207735061646 2.9593391418457
"89" 10.7551555633545 12.1243724822998 14.5092849731445
"90" 38.1360549926758 14.0197124481201 8.61857795715332
"91" 26.1890869140625 4.32251834869385 6.47068643569946
"92" 27.0898 5.0538 6.1824
"93" 28.1098 5.714 5.9689
"94" 29.1957 6.3303 6.1675
"95" 30.1205 7.1155 6.5214
"96" 30.8934 7.9534 7.0726
"97" 31.763 8.7497 7.5159
"98" 32.7824 9.4352 7.5219
"99" 33.7244 10.2542 7.4127
"100" 34.6072 11.0066 7.8824
"101" 35.5974 11.6623 8.3238
"102" 36.634 12.2327 8.7395
"103" 37.6184 12.9056 8.6157
"104" 38.1360549926758 14.0197124481201 8.61857795715332
"105" 26.1890869140625 4.32251834869385 6.47068643569946
"106" 29.9147968292236 11.5817537307739 7.89122295379639
"107" 32.9972953796387 9.0387659072876 14.9831523895264
"108" 31.9626 8.8961 15.5302
"109" 30.8529 8.6682 15.8334
"110" 29.7465 8.2694 15.7775
"111" 28.7447 7.6923 15.5584
"112" 27.9246 6.9522 15.1611
"113" 27.1353 6.2564 14.6298
"114" 26.5417 5.5547 13.9126
"115" 26.2455 5.1734 12.8759
"116" 26.3053 4.9317 11.7408
"117" 26.7895 4.9587 10.6733
"118" 27.5307 5.1604 9.826
"119" 28.4703 5.4565 9.2109
"120" 29.4395 6.0125 8.8712
"121" 30.2855 6.7452 8.6291
"122" 31.1197 7.5475 8.7935
"123" 31.9047 8.2206 9.3423
"124" 32.6923 8.69 10.0841
"125" 33.4931 9.2327 10.7451
"126" 33.83 9.6224 11.7487
"127" 33.8136 9.5557 12.9133
"128" 33.4254 9.5513 14.0098
"129" 25.5357036590576 8.94962310791016 6.96070194244385
"130" 26.0879 9.7489 7.1698
"131" 26.9926 10.2429 7.349
"132" 27.8827 10.7812 7.5251
"133" 28.7913 11.2892 7.6484
"134" 29.7577 11.6068 7.9062
"135" 30.4781 12.0872 8.382
"136" 31.1509 12.548 8.9451
"137" 31.8722 12.8776 9.397
"138" 32.0531158447266 13.8352432250977 9.82811832427979
"139" 25.5357036590576 8.94962310791016 6.96070194244385
"140" 16.9135646820068 19.2400245666504 3.18347120285034
"141" 16.7599315643311 19.2671127319336 2.84729552268982
"142" 16.5300350189209 19.3014602661133 2.58030390739441
"143" 16.3460464477539 19.3861198425293 2.3275089263916
"144" 16.1103000640869 19.3673000335693 2.09376001358032
"145" 16.9796981811523 19.5483551025391 3.31270933151245
"146" 16.7440185546875 19.5680332183838 2.99935293197632
"147" 16.5720481872559 19.6306648254395 2.70806074142456
"148" 16.3268890380859 19.7008171081543 2.46689748764038
"149" 16.1129932403564 19.8923244476318 2.27643299102783
"150" 16.895959854126 19.8537864685059 3.40209674835205
"151" 16.7170238494873 19.9294357299805 3.0766441822052
"152" 16.5058822631836 19.9578380584717 2.7510085105896
"153" 16.2556991577148 20.0689315795898 2.49222660064697
"154" 16.0154399871826 20.2037982940674 2.35549592971802
"155" 16.906982421875 20.1576194763184 3.44083094596863
"156" 16.6871795654297 20.2357578277588 3.13701868057251
"157" 16.503999710083 20.3150291442871 2.83024740219116
"158" 16.3719997406006 20.5013999938965 2.67535996437073
"159" 16.0201015472412 20.513599395752 2.46879434585571
"160" 16.7578525543213 20.4945983886719 3.49785161018372
"161" 16.604700088501 20.579008102417 3.19924712181091
"162" 16.4631328582764 20.6440029144287 2.90656995773315
"163" 16.2699432373047 20.7328834533691 2.66032791137695
"164" 16.1394004821777 21.0538997650146 2.41364002227783
"165" 16.6919002532959 20.8106327056885 3.45455527305603
"166" 16.5755996704102 20.9250583648682 3.13259220123291
"167" 16.4777011871338 20.9708805084229 2.86084389686584
"168" 16.2971153259277 21.0779666900635 2.55115628242493
"169" 16.1075782775879 21.1571140289307 2.35838937759399
"170" 16.8264713287354 21.2445335388184 3.40978264808655
"171" 16.6627998352051 21.2834396362305 3.00814461708069
"172" 16.4671802520752 21.3051509857178 2.57744264602661
"173" 16.164134979248 21.3940334320068 2.24339270591736
"174" 17.0118007659912 21.5795269012451 3.30120062828064
"175" 16.8232612609863 21.5606937408447 2.99882173538208
"176" 16.6897888183594 21.5928363800049 2.65855860710144
"177" 16.3470649719238 21.5990905761719 2.22134613990784
"178" 17.1936988830566 21.9030094146729 3.25974464416504
"179" 16.9763298034668 21.8606395721436 2.82994318008423
"180" 16.7182960510254 21.8760452270508 2.44775867462158
"181" 16.3869571685791 21.9351558685303 2.09487962722778
"182" 17.1762256622314 22.1798896789551 3.00297260284424
"183" 17.0408992767334 22.0459003448486 2.76259994506836
"184" 16.7500991821289 21.8971996307373 2.47180008888245
"185" 16.4576187133789 22.157564163208 1.998575091362
"186" 17.2502117156982 22.5486660003662 2.72765946388245
"187" 16.9351005554199 22.6436996459961 2.12975001335144
"188" 16.8126888275146 22.6649875640869 2.04121446609497
"189" 25.9791774749756 21.8846530914307 8.65767192840576
"190" 26.0873279571533 21.5588111877441 9.21952152252197
"191" 26.3283634185791 20.6574115753174 9.39284038543701
"192" 26.1042194366455 19.9289398193359 9.1435546875
"193" 25.8240795135498 19.3322601318359 8.76687049865723
"194" 25.5539360046387 18.7791328430176 8.34689998626709
"195" 25.2812080383301 18.2928047180176 8.01153755187988
"196" 26.6466445922852 21.406530380249 8.13079452514648
"197" 26.7041664123535 21.0761337280273 8.84681701660156
"198" 26.7043361663818 20.6161918640137 8.48390197753906
"199" 26.6031761169434 19.8041896820068 8.54923248291016
"200" 26.3042602539062 18.9255771636963 8.31688022613525
"201" 26.0850811004639 18.2879066467285 8.0842399597168
"202" 26.899808883667 20.3851413726807 8.43319988250732
"203" 27.2527847290039 20.4744491577148 8.43904113769531
"204" 27.1514301300049 19.9542217254639 8.54951953887939
"205" 27.4021492004395 19.9014530181885 8.52057266235352
"206" 26.9502696990967 18.8417148590088 8.28779983520508
"207" 26.6082553863525 18.3662967681885 8.14239978790283
"208" 26.3942203521729 18.0019397735596 8.05515956878662
"209" 27.6325721740723 19.9132270812988 8.52044010162354
"210" 28.008674621582 20.1097850799561 8.52044010162354
"211" 27.9876441955566 19.8044204711914 8.54951953887939
"212" 27.88254737854 19.2275238037109 8.45596027374268
"213" 27.3403644561768 18.6932315826416 8.28779983520508
"214" 26.8170890808105 18.0930633544922 8.14239978790283
"215" 28.1518325805664 19.4711437225342 8.49135971069336
"216" 28.6646556854248 19.8879795074463 8.52044010162354
"217" 28.4443111419678 19.2838077545166 8.52044010162354
"218" 28.6225357055664 19.1608581542969 8.54951953887939
"219" 28.1788806915283 18.6666088104248 8.40412044525146
"220" 27.7009410858154 17.9953842163086 8.25872039794922
"221" 27.3957996368408 16.718599319458 7.82251977920532
"222" 28.7310009002686 19.1637001037598 8.54951953887939
"223" 28.7242698669434 18.7695484161377 8.52044010162354
"224" 29.1124649047852 18.7892227172852 8.63675975799561
"225" 29.3357162475586 18.7299194335938 8.66584014892578
"226" 28.8393173217773 18.2007846832275 8.52044010162354
"227" 28.3820991516113 17.9132995605469 8.37504005432129
"228" 27.6842002868652 16.5174007415771 7.76435995101929
"229" 29.5757789611816 18.5058422088623 8.69491958618164
"230" 30.0125217437744 18.9145965576172 8.73035144805908
"231" 30.0128536224365 18.3693256378174 8.82276153564453
"232" 29.9258842468262 18.3513336181641 8.79572677612305
"233" 29.5161991119385 18.1459007263184 8.66584014892578
"234" 28.9783897399902 17.4042091369629 8.4622802734375
"235" 28.388500213623 16.1329002380371 7.70620012283325
"236" 30.1268997192383 17.9423999786377 8.86940002441406
"237" 30.7483158111572 18.5330257415771 8.92334079742432
"238" 30.6243743896484 17.8970775604248 8.95664024353027
"239" 30.4126491546631 17.9525127410889 8.95662975311279
"240" 29.8582935333252 17.4287567138672 8.66584014892578
"241" 29.3416996002197 16.4883995056152 8.17148017883301
"242" 31.070240020752 17.534236907959 8.95664024353027
"243" 31.5203247070312 18.2535552978516 8.9242467880249
"244" 31.190408706665 17.3265132904053 8.95664024353027
"245" 31.2058944702148 17.9312152862549 9.04388046264648
"246" 30.6171836853027 17.1998329162598 8.7983570098877
"247" 30.3304004669189 16.4592990875244 8.37504005432129
"248" 29.9102001190186 16.1758003234863 8.17148017883301
"249" 31.6760730743408 16.9992504119873 8.9275598526001
"250" 31.7692356109619 16.9643840789795 9.11279582977295
"251" 32.1927185058594 17.6933135986328 9.04386329650879
"252" 31.6349029541016 17.187801361084 8.98571968078613
"253" 31.1031742095947 16.4684791564941 8.60768032073975
"254" 30.7422103881836 16.2435665130615 8.38774299621582
"255" 30.2723007202148 15.8486003875732 8.20055961608887
"256" 32.2448997497559 16.57080078125 9.01480007171631
"257" 32.815185546875 16.9899215698242 9.21259689331055
"258" 32.8261833190918 17.2383728027344 9.07295989990234
"259" 32.4241600036621 16.9172267913818 9.04388046264648
"260" 32.015567779541 16.4283428192139 8.9275598526001
"261" 31.310962677002 16.004861831665 8.67524147033691
"262" 30.9120006561279 15.7903995513916 8.54951953887939
"263" 33.5909996032715 15.5922002792358 7.7371997833252
"264" 33.0393142700195 16.2926540374756 9.67463684082031
"265" 33.3241348266602 16.6663589477539 9.47178649902344
"266" 32.7392501831055 16.0393352508545 9.45324611663818
"267" 33.5352516174316 15.594144821167 7.67519617080688
"268" 31.7680225372314 15.4123115539551 9.1234130859375
"269" 33.6446990966797 15.43630027771 7.75868988037109
"270" 34.1279296875 16.3414058685303 9.88916969299316
"271" 33.8264846801758 16.240816116333 10.0399560928345
"272" 33.8035430908203 16.5187854766846 9.62663269042969
"273" 33.5909996032715 15.5922002792358 7.7371997833252
"274" 32.0751991271973 15.4704999923706 9.24742031097412
"275" 35.2786254882812 15.9235744476318 10.0104093551636
"276" 34.6911735534668 16.0143337249756 10.2235794067383
"277" 34.2271995544434 16.4349994659424 9.70786952972412
"278" 33.6455993652344 15.2960996627808 7.70620012283325
"279" 32.249698638916 13.9875001907349 9.71271991729736
"280" 35.8656005859375 16.0807991027832 9.18904972076416
"281" 35.1867980957031 16.1394004821777 9.7127103805542
"282" 35.3570442199707 16.0933151245117 9.68255043029785
"283" 34.9860992431641 16.1424999237061 9.82598972320557
"284" 32.3280982971191 13.9654998779297 9.79222965240479
"285" 36.122200012207 15.9940004348755 9.16020965576172
"286" 35.4485015869141 15.6740999221802 10.2362003326416
"287" 35.8600006103516 15.0663003921509 10.5415000915527
"288" 35.6263999938965 12.7660999298096 10.4977998733521
"289" 37.560661315918 15.0286817550659 9.08679962158203
"290" 36.1754989624023 14.9470996856689 10.4687995910645
"291" 36.214298248291 13.182900428772 10.6195001602173
"292" 36.1694602966309 13.1846790313721 10.6809225082397
"293" 37.7168006896973 13.9293003082275 9.33467960357666
"294" 36.962100982666 13.3704500198364 10.0700149536133
"295" 36.5738182067871 14.2569379806519 10.8620119094849
"296" 36.3721466064453 13.2987356185913 10.604808807373
"297" 37.3703384399414 13.5450735092163 9.70661735534668
"298" 37.0239334106445 13.9966945648193 10.4909343719482
"299" 26.9843997955322 5.59602022171021 7.04891014099121
"300" 26.8442230224609 5.54758834838867 7.6677827835083
"301" 26.894983291626 6.22570562362671 7.96748685836792
"302" 26.6318588256836 6.98784923553467 7.84536170959473
"303" 26.4246692657471 7.57433080673218 7.47355985641479
"304" 26.0690841674805 8.50078010559082 7.12459993362427
"305" 27.1291999816895 5.8467698097229 7.0137300491333
"306" 27.1908740997314 6.25256776809692 7.42886590957642
"307" 27.5515327453613 6.63154792785645 7.76342535018921
"308" 27.3351154327393 7.28580045700073 7.26999998092651
"309" 26.9370460510254 8.17264652252197 7.2409200668335
"310" 26.583044052124 9.07938289642334 7.18958377838135
"311" 27.8819561004639 6.05604839324951 6.57361268997192
"312" 27.7793617248535 6.88466644287109 7.14041948318481
"313" 28.0838603973389 7.18415880203247 7.21323919296265
"314" 28.1092891693115 7.28890037536621 7.26098585128784
"315" 27.6164531707764 8.20653629302979 7.26999998092651
"316" 27.3246994018555 8.82470035552979 7.29866981506348
"317" 27.1723594665527 9.55083751678467 7.38632011413574
"318" 28.6661338806152 6.42293119430542 6.66834306716919
"319" 28.512544631958 7.41284608840942 7.29907989501953
"320" 28.7453937530518 7.66270208358765 7.35724020004272
"321" 28.9614429473877 7.67789316177368 7.38632011413574
"322" 28.3524684906006 8.47189998626709 7.35724020004272
"323" 28.0331001281738 8.98571968078613 7.41540002822876
"324" 27.7131996154785 10.4979000091553 7.50263977050781
"325" 28.9927997589111 7.09552001953125 7.12459993362427
"326" 29.369686126709 7.45231914520264 7.30921936035156
"327" 29.5495166778564 8.26648902893066 7.50263977050781
"328" 29.4872646331787 8.57162666320801 7.56080007553101
"329" 28.9410991668701 9.26658821105957 7.58987998962402
"330" 28.5701007843018 9.72823047637939 7.67712020874023
"331" 29.4710483551025 8.36135005950928 7.50263977050781
"332" 30.0547466278076 8.33690452575684 7.63890314102173
"333" 30.2657012939453 8.73816680908203 7.76435995101929
"334" 29.6666641235352 9.33254241943359 7.76435995101929
"335" 29.547306060791 9.3011999130249 7.70620012283325
"336" 28.6661052703857 10.8422317504883 7.61895990371704
"337" 30.2355499267578 9.07094573974609 7.82251977920532
"338" 30.6318321228027 8.98738193511963 7.99444341659546
"339" 30.8455123901367 9.25614643096924 8.08439540863037
"340" 30.4765281677246 9.55866432189941 8.02608013153076
"341" 30.721399307251 9.62777996063232 6.30603981018066
"342" 29.5065002441406 10.8759002685547 7.7934398651123
"343" 30.7376003265381 9.50720024108887 8.0842399597168
"344" 31.3932437896729 9.14537620544434 8.13974666595459
"345" 31.411771774292 9.79786109924316 8.28779983520508
"346" 30.8935375213623 10.1080179214478 8.20055961608887
"347" 30.6671943664551 10.7460975646973 8.0842399597168
"348" 30.3626556396484 11.1873159408569 7.88068008422852
"349" 31.4717292785645 10.2196683883667 8.31688022613525
"350" 31.5736484527588 10.3991966247559 8.34595966339111
"351" 31.9743824005127 10.3642663955688 8.40427494049072
"352" 31.9616317749023 9.97945117950439 8.37504005432129
"353" 31.4448795318604 10.6628465652466 8.31063938140869
"354" 31.1510334014893 11.0988254547119 8.14239978790283
"355" 30.8583965301514 11.6684303283691 8.06584644317627
"356" 32.3376350402832 10.8329019546509 8.4622802734375
"357" 32.6027450561523 10.7126836776733 8.74682807922363
"358" 32.8563499450684 10.5837650299072 8.67357635498047
"359" 32.9404449462891 10.3949251174927 8.61733913421631
"360" 32.1772308349609 11.1980504989624 8.4622802734375
"361" 31.8157615661621 11.6408920288086 8.4622802734375
"362" 31.4745044708252 12.0557327270508 8.62430191040039
"363" 33.1749687194824 11.17138671875 8.84518146514893
"364" 33.3414573669434 11.4983863830566 9.38094806671143
"365" 33.5507507324219 11.0815658569336 8.90054988861084
"366" 33.3588447570801 11.2137222290039 8.97490310668945
"367" 32.8078918457031 11.6381349563599 8.9426326751709
"368" 32.2185935974121 11.9880285263062 8.75810718536377
"369" 34.5909996032715 11.371600151062 8.97154998779297
"370" 34.4730911254883 11.4365501403809 9.25199222564697
"371" 34.2476196289062 11.3896312713623 9.26153564453125
"372" 33.9266738891602 11.1667003631592 8.98571968078613
"373" 33.1511993408203 11.835599899292 9.27651977539062
"374" 33.6745986938477 13.7693996429443 7.34270000457764
"375" 35.5338096618652 11.8257541656494 9.04029560089111
"376" 35.2349090576172 11.9294090270996 9.62937831878662
"377" 34.8953475952148 11.823935508728 9.66994667053223
"378" 35.1576995849609 11.7774000167847 9.3056001663208
"379" 33.6953048706055 12.4597549438477 10.1167650222778
"380" 33.4763450622559 12.5629768371582 10.0809879302979
"381" 36.1221008300781 12.0398998260498 8.70962047576904
"382" 35.7795104980469 12.259108543396 9.65031147003174
"383" 35.7597770690918 12.4465389251709 9.94678211212158
"384" 35.9137992858887 12.7370004653931 10.2361001968384
"385" 35.5822334289551 12.9342317581177 10.7868680953979
"386" 37.018798828125 12.6788997650146 9.07297992706299
"387" 36.6275253295898 13.0530061721802 10.0970611572266
"388" 36.2222213745117 13.1845636367798 10.6135158538818
"389" 37.3096008300781 13.0860004425049 9.2878303527832
"390" 36.7522087097168 13.4920167922974 10.4036426544189
