"V1" "V2" "V3"
"1" 84.8235321044922 62.0073852539062 18.6630935668945
"2" 84.4219 58.0617 16.837
"3" 82.8128 54.0124 15.8082
"4" 81.0876 49.9535 14.9929
"5" 79.4725 45.9184 13.9769
"6" 77.395 42.0783 12.9905
"7" 75.5871 38.3179 11.3511
"8" 72.9522 35.0562 9.9375
"9" 70.1446 31.5834 9.9055
"10" 67.9563 27.8094 10.8568
"11" 66.193 23.7431 11.3174
"12" 63.9015 19.9314 11.0758
"13" 60.676 16.8953 11.757
"14" 57.2463 14.5083 13.1751
"15" 53.2173 13.1131 14.3881
"16" 48.8391990661621 12.8052663803101 14.9859952926636
"17" 71.3737716674805 93.906364440918 5.70949554443359
"18" 74.2196 93.3666 6.8421
"19" 77.0259 94.4059 8.2363
"20" 80.2357 95.0086 7.9227
"21" 82.9239 94.5477 6.001
"22" 85.8522 94.4358 4.5635
"23" 87.9758 96.5127 3.446
"24" 87.2969 99.4209 2.5045
"25" 84.6547 101.1488 3.3147
"26" 81.6778 101.7562 4.7077
"27" 78.3978 101.7254 4.7372
"28" 75.4048 100.7069 3.7099
"29" 72.5396 99.125 3.0747
"30" 71.0197 96.1382 3.3833
"31" 84.8235321044922 62.0073852539062 18.6630935668945
"32" 61.1137619018555 47.6987457275391 18.4364547729492
"33" 62.6309356689453 45.8310852050781 23.5729827880859
"34" 60.1324 45.1408 25.0906
"35" 57.6596 44.9449 26.734
"36" 55.7863 46.7597 27.9684
"37" 54.7267 49.4597 28.7069
"38" 53.5233 52.2069 28.7815
"39" 53.2374 54.9759 29.6082
"40" 53.702 57.8637 30.165
"41" 54.795 60.4631 30.7207
"42" 56.8417 62.6551 30.6474
"43" 59.2246 64.1416 30.0693
"44" 61.8041 65.4241 29.308
"45" 64.3982 66.7538 28.6694
"46" 66.8291 68.5069 28.4796
"47" 69.4901 69.0151 28.2792
"48" 70.8443 66.5492 27.5674
"49" 71.2147 63.7542 26.645
"50" 70.6285 60.8856 26.0062
"51" 70.0945 57.9671 25.5354
"52" 69.0571 55.2229 25.0172
"53" 67.9931 52.772 23.7238
"54" 66.6732 50.1502 23.1584
"55" 64.7893 47.8809 23.1681
"56" 71.5927581787109 61.9941596984863 21.8836517333984
"57" 69.298 56.703 21.1971
"58" 67.5478 51.4557 19.3295
"59" 64.9657 46.5184 17.6132
"60" 61.5309 41.901 16.7858
"61" 58.8766 36.7274 16.3652
"62" 56.7468 31.3063 16.1168
"63" 54.6591 26.2715 16.8318
"64" 51.6504 22.0457 18.1395
"65" 46.1756324768066 20.3831799825033 19.0532595316569
"66" 71.5927581787109 61.9941596984863 21.8836517333984
"67" 45.8177070617676 9.45243072509766 18.4349975585938
"68" 46.1756324768066 20.3831799825033 19.0532595316569
"69" 45.8177070617676 9.45243072509766 18.4349975585938
"70" 46.0462 14.6276 20.765
"71" 46.2869 20.2078 21.8864
"72" 46.3557 25.7749 23.0869
"73" 46.3887 31.3337 24.3333
"74" 46.6832 36.7965 25.6805
"75" 46.7267 42.287 26.9677
"76" 46.5287 47.8424 27.7745
"77" 46.1204 52.8685 30.3768
"78" 46.1216 58.4047 31.6436
"79" 46.2158 63.9885 32.7583
"80" 46.1683 69.5764 33.8348
"81" 46.8697 75.1169 34.7977
"82" 46.7256 80.64 35.8831
"83" 46.9171 86.2052 37.0374
"84" 47.0473 91.876 37.57
"85" 47.1775 97.5468 38.1026
"86" 47.3076 103.2177 38.6353
"87" 47.0811920166016 108.879364013672 38.8405838012695
"88" 47.436149597168 128.392883300781 14.5423908233643
"89" 47.0811920166016 108.879364013672 38.8405838012695
"90" 48.8391990661621 12.8052663803101 14.9859952926636
"91" 7.04115343093872 60.2922782897949 18.4098358154297
"92" 8.2472 55.3488 16.9838
"93" 9.9482 50.3333 16.1589
"94" 11.8311 45.3492 15.5763
"95" 14.0431 40.6452 14.2888
"96" 16.343 36.1423 12.6321
"97" 19.4419 31.8826 11.8479
"98" 22.7514 27.8507 12.8485
"99" 25.4955 23.3676 13.8263
"100" 29.4396 20.0095 13.7069
"101" 34.0107 17.405 12.9917
"102" 38.4742 14.7063 14.0573
"103" 43.593 13.8692 15.3201
"104" 48.8391990661621 12.8052663803101 14.9859952926636
"105" 7.04115343093872 60.2922782897949 18.4098358154297
"106" 30.4372406005859 45.0010375976562 17.8002853393555
"107" 30.4778461456299 45.7006988525391 23.9040031433106
"108" 33.1803 44.9835 25.2253
"109" 35.7846 45.6843 26.653
"110" 37.3412 48.1004 27.6733
"111" 37.8986 51.0346 28.4001
"112" 37.8375 54.0422 29.1631
"113" 37.2114 56.9724 29.8636
"114" 36.2679 59.8726 30.2348
"115" 34.5666 62.4217 30.4482
"116" 32.2541 64.4438 30.1588
"117" 29.604 65.9071 29.4864
"118" 27.1178 67.6314 29.3321
"119" 24.4255 68.7375 28.4158
"120" 21.4081 68.5213 29.1086
"121" 20.9319 65.9424 28.4265
"122" 21.1355 63.0075 27.4559
"123" 21.6647 60.1056 26.7134
"124" 22.5751 57.2638 26.0404
"125" 23.5198 54.8124 24.3883
"126" 24.3606 52.0324 23.5441
"127" 25.8794 49.38 23.0601
"128" 27.7804 47.0604 23.1923
"129" 20.8863563537598 62.8857688903809 22.2800445556641
"130" 22.4917 57.4398 21.7273
"131" 24.3462 52.1918 19.6914
"132" 26.68 47.1446 17.7193
"133" 29.6558 42.1353 16.6461
"134" 32.6207 37.0284 16.3355
"135" 35.2757 31.7323 16.1772
"136" 37.5965 26.6496 17.6926
"137" 40.5964 21.9297 18.5787
"138" 46.1756324768066 20.3831799825033 19.0532595316569
"139" 20.8863563537598 62.8857688903809 22.2800445556641
"140" 72.6978759765625 94.4015121459961 4.93694829940796
"141" 72.7172775268555 95.5316696166992 4.22635984420776
"142" 72.9064178466797 96.3715209960938 3.9040060043335
"143" 73.3034515380859 97.6754379272461 3.49496960639954
"144" 73.9214096069336 99.3509368896484 3.31036901473999
"145" 73.9046173095703 94.572135925293 5.66358613967896
"146" 73.9973449707031 95.726692199707 4.94637298583984
"147" 74.2803421020508 96.6205978393555 4.48533868789673
"148" 74.6754913330078 97.7075653076172 4.05106544494629
"149" 75.4459228515625 99.2790298461914 3.88715672492981
"150" 74.945198059082 94.7853164672852 6.34332323074341
"151" 75.293098449707 96.1943206787109 5.57977819442749
"152" 75.4169998168945 97.3277359008789 4.76966857910156
"153" 75.8478546142578 98.5306167602539 4.45123100280762
"154" 76.6811981201172 100.105003356934 4.41747999191284
"155" 76.1292419433594 95.4072875976562 6.87760305404663
"156" 76.4717636108398 96.5702743530273 6.25492668151855
"157" 76.8011322021484 97.7085876464844 5.58102130889893
"158" 77.3614120483398 98.8816986083984 5.24197101593018
"159" 78.1933822631836 100.46012878418 5.07026720046997
"160" 77.570930480957 95.8934860229492 7.412353515625
"161" 78.1785507202148 97.3098678588867 6.65702247619629
"162" 79.2131881713867 98.146728515625 6.1327223777771
"163" 79.5792999267578 99.0702514648438 5.6053729057312
"164" 79.8895034790039 100.628570556641 5.18483400344849
"165" 79.4914321899414 96.5585708618164 7.17604732513428
"166" 80.0805740356445 97.588623046875 6.28378200531006
"167" 80.5263671875 98.2842712402344 5.74313497543335
"168" 80.9640655517578 99.2625427246094 5.23832368850708
"169" 81.1308975219727 100.579002380371 4.91962003707886
"170" 81.2407684326172 96.2980422973633 6.57564306259155
"171" 81.5611190795898 97.4407958984375 5.79006147384644
"172" 81.8226470947266 98.7748184204102 5.07188272476196
"173" 82.3545532226562 100.39769744873 4.42922401428223
"174" 82.6268463134766 95.841064453125 5.78449583053589
"175" 82.7977066040039 97.0421752929688 5.19934844970703
"176" 83.0700225830078 97.8888320922852 4.61386013031006
"177" 83.3018188476562 99.6667251586914 4.00105762481689
"178" 83.6918182373047 95.2782669067383 5.10863161087036
"179" 83.8983306884766 96.6336898803711 4.48771047592163
"180" 84.0890045166016 97.8674850463867 3.85409307479858
"181" 84.3851165771484 99.4771957397461 3.36186408996582
"182" 84.8765106201172 95.4757537841797 4.29964303970337
"183" 85.18798828125 96.5308685302734 3.67857766151428
"184" 85.2442321777344 97.6084899902344 3.24219942092896
"185" 85.3192520141602 99.270637512207 2.81552886962891
"186" 86.4438171386719 96.173225402832 3.36956143379211
"187" 86.4472274780273 97.2632141113281 2.92319917678833
"188" 86.7661514282227 98.4849166870117 2.46368002891541
"189" 81.1316223144531 63.7589645385742 21.9296436309814
"190" 78.2663040161133 66.2662963867188 21.9515914916992
"191" 75.2742919921875 66.5913543701172 24.2798080444336
"192" 73.9057464599609 65.1531753540039 22.3799057006836
"193" 74.1010055541992 63.8176727294922 22.3551654815674
"194" 74.1097717285156 63.0873527526855 21.566915512085
"195" 73.0573348999023 61.5622406005859 21.0761280059814
"196" 82.3898239135742 60.2868385314941 18.8882389068604
"197" 78.4344024658203 64.6365966796875 22.0361003875732
"198" 75.0213928222656 66.1245727539062 24.3823986053467
"199" 74.9375991821289 62.9370994567871 24.2903995513916
"200" 74.6396331787109 60.7347984313965 21.6597061157227
"201" 72.9188766479492 59.7709922790527 21.5635261535645
"202" 81.3517990112305 58.7904853820801 18.1320114135742
"203" 78.3804016113281 60.377498626709 21.0664005279541
"204" 74.2428970336914 64.2370758056641 22.3300247192383
"205" 74.9768981933594 62.8658981323242 24.3652992248535
"206" 74.7965850830078 59.1186790466309 21.9655857086182
"207" 73.008674621582 59.4050025939941 21.6455669403076
"208" 72.0730819702148 57.9382362365723 22.0419025421143
"209" 80.0975723266602 56.858341217041 17.9922466278076
"210" 77.2652359008789 59.6398086547852 20.8225116729736
"211" 73.2012023925781 61.5994987487793 22.6068992614746
"212" 73.9240875244141 58.5863189697266 22.475040435791
"213" 74.457275390625 56.9067115783691 21.6479568481445
"214" 72.38330078125 55.6726989746094 21.9188995361328
"215" 79.5107955932617 53.7943534851074 17.3996162414551
"216" 76.9035186767578 56.2358283996582 19.9253978729248
"217" 73.9765396118164 58.3476791381836 22.4424209594727
"218" 73.009521484375 57.4781150817871 22.8460521697998
"219" 73.9609069824219 55.1454963684082 21.4135570526123
"220" 73.3271102905273 54.1208724975586 21.4009628295898
"221" 71.1215972900391 52.7145538330078 21.1351261138916
"222" 78.4594192504883 50.4088134765625 16.7661552429199
"223" 76.4540023803711 52.1142845153809 18.8149662017822
"224" 73.5998077392578 54.1857376098633 21.4166927337646
"225" 71.618034362793 54.0171928405762 22.6237983703613
"226" 72.5719833374023 52.5175361633301 21.0971927642822
"227" 71.4729156494141 51.5054969787598 20.8773918151855
"228" 69.9336013793945 51.5382995605469 20.6810970306396
"229" 76.8777008056641 46.5738983154297 15.9564237594604
"230" 74.23583984375 48.4745979309082 18.669397354126
"231" 70.4561386108398 50.6298942565918 20.5309677124023
"232" 70.6199264526367 49.4985504150391 21.3346004486084
"233" 70.5690078735352 48.9912109375 20.1197357177734
"234" 69.4082946777344 49.5611610412598 20.107873916626
"235" 67.5800704956055 50.5288124084473 19.1679210662842
"236" 74.8261032104492 42.2578010559082 14.6590995788574
"237" 72.2873992919922 44.2580986022949 17.9283008575439
"238" 69.1642532348633 46.033748626709 22.0769748687744
"239" 69.0515747070312 46.4261779785156 19.4073505401611
"240" 68.5074081420898 46.115795135498 19.2336406707764
"241" 66.4981842041016 48.452579498291 18.4728717803955
"242" 72.8922805786133 38.2580261230469 13.0171241760254
"243" 71.1064376831055 39.8912162780762 16.2979297637939
"244" 67.7226104736328 42.624080657959 18.4733180999756
"245" 67.0547256469727 42.555534362793 19.9083309173584
"246" 67.3340148925781 42.9012641906738 18.5054168701172
"247" 66.032958984375 44.0916481018066 18.3476734161377
"248" 64.5783996582031 46.1802558898926 17.5000457763672
"249" 70.0103988647461 34.367000579834 12.2726001739502
"250" 67.6178588867188 36.1318283081055 16.4104251861572
"251" 65.2685089111328 38.7832412719727 17.8707485198975
"252" 66.0278091430664 38.1812286376953 17.6131362915039
"253" 66.0714874267578 37.4148368835449 17.3449401855469
"254" 62.6249084472656 39.5484275817871 17.506628036499
"255" 61.6561698913574 41.4119567871094 16.7620258331299
"256" 67.3299331665039 30.1870155334473 12.4135961532593
"257" 65.9666137695312 32.1185340881348 14.9994354248047
"258" 63.9377670288086 34.5564231872559 17.1827869415283
"259" 64.1348876953125 33.8290023803711 16.8682327270508
"260" 64.2534637451172 32.4430351257324 16.3720626831055
"261" 62.2521133422852 34.1142082214355 17.267183303833
"262" 60.3532943725586 34.9523658752441 16.7551536560059
"263" 66.1042022705078 26.9706497192383 12.8595018386841
"264" 63.6808013916016 31.0105247497559 16.398401260376
"265" 61.8298721313477 30.7763175964355 17.0136833190918
"266" 60.5241165161133 29.2201538085938 16.8408718109131
"267" 59.8506889343262 27.4991340637207 16.6381683349609
"268" 58.2541046142578 28.3116931915283 16.5186805725098
"269" 63.6914672851562 22.5604457855225 12.8710594177246
"270" 62.8327560424805 26.1941871643066 15.36252784729
"271" 60.3128128051758 27.7130317687988 16.6953887939453
"272" 59.3267707824707 26.9646244049072 16.6077117919922
"273" 56.744514465332 24.2646312713623 17.0430126190186
"274" 56.5701942443848 23.8555145263672 17.5098056793213
"275" 61.1234550476074 21.037712097168 13.4342880249023
"276" 59.4337005615234 24.4755992889404 15.9499998092651
"277" 56.950252532959 24.0185031890869 16.4712715148926
"278" 54.764232635498 21.6629829406738 17.8616523742676
"279" 52.0832710266113 21.4253540039062 17.8124465942383
"280" 59.0256004333496 16.7852993011475 12.9730997085571
"281" 58.6554985046387 20.8386001586914 15.6389999389648
"282" 56.0714416503906 21.6404857635498 17.874719619751
"283" 53.9400863647461 21.0048389434814 17.6833190917969
"284" 50.1976661682129 20.8999881744385 18.0120849609375
"285" 57.0561637878418 15.3590250015259 13.8130874633789
"286" 55.4673004150391 18.1319999694824 16.6315002441406
"287" 53.5911827087402 20.6820526123047 17.5676975250244
"288" 50.1918983459473 20.8657817840576 17.9934368133545
"289" 54.8950691223145 14.716157913208 14.9947547912598
"290" 53.4768943786621 16.7450637817383 16.5114402770996
"291" 51.7535781860352 19.6275501251221 17.4571952819824
"292" 49.155632019043 21.2624645233154 18.8121700286865
"293" 52.1719284057617 14.3976716995239 15.6358985900879
"294" 51.2837028503418 14.9071359634399 16.0811672210693
"295" 49.9526634216309 17.1391582489014 17.2405910491943
"296" 48.8670463562012 18.8755111694336 18.4072570800781
"297" 50.0709495544434 13.7381153106689 15.3861408233643
"298" 48.665641784668 15.1719255447388 16.4856300354004
"299" 11.1103219985962 62.1205749511719 19.438196182251
"300" 13.0806732177734 64.6645355224609 22.6229877471924
"301" 16.0608139038086 65.8177871704102 23.5825157165527
"302" 17.1362266540527 64.5046081542969 23.6574859619141
"303" 17.3027267456055 62.9947662353516 22.5889225006104
"304" 18.9812431335449 61.5450782775879 22.3012561798096
"305" 9.96819305419922 58.843433380127 18.8587493896484
"306" 12.9382696151733 62.0802383422852 22.1308422088623
"307" 17.2484245300293 63.9876136779785 23.3805103302002
"308" 15.9067764282227 60.8258666992188 22.9227390289307
"309" 17.4043064117432 59.4064521789551 22.5195732116699
"310" 20.0252990722656 59.8002014160156 22.3887004852295
"311" 11.1463232040405 56.575740814209 18.3281574249268
"312" 13.9234056472778 59.1636161804199 20.8160095214844
"313" 17.5927772521973 61.8983039855957 23.2040920257568
"314" 17.3226680755615 59.6676940917969 24.3411998748779
"315" 17.0726890563965 58.0809631347656 22.2513160705566
"316" 19.1676006317139 56.7426986694336 22.1583003997803
"317" 20.5951137542725 55.7571754455566 21.7784900665283
"318" 12.0525932312012 53.946849822998 18.0571784973145
"319" 15.6954956054688 56.4596481323242 21.2990493774414
"320" 18.8017711639404 58.3772659301758 22.427640914917
"321" 18.8843002319336 56.8442993164062 23.5582008361816
"322" 17.7395172119141 54.973804473877 21.8451442718506
"323" 19.6044597625732 53.8368301391602 21.5785236358643
"324" 21.9965934753418 53.3539810180664 20.9932193756104
"325" 12.8545341491699 50.7838134765625 17.7626399993896
"326" 15.7093076705933 51.9786338806152 20.0680065155029
"327" 20.4110088348389 53.626049041748 21.4895572662354
"328" 20.3001327514648 52.0029449462891 21.2765026092529
"329" 20.3815994262695 50.8098983764648 20.8899993896484
"330" 22.0610408782959 50.3278617858887 20.4500484466553
"331" 14.7164278030396 45.1114883422852 16.8256568908691
"332" 18.6187515258789 47.8809509277344 20.1008281707764
"333" 21.7079925537109 49.448974609375 20.4163856506348
"334" 20.5327110290527 47.8196983337402 20.2476253509521
"335" 22.1850929260254 47.3836288452148 19.7308559417725
"336" 24.6934375762939 48.6416091918945 18.728572845459
"337" 16.8098201751709 41.2167854309082 16.0095558166504
"338" 20.8328609466553 44.3470191955566 19.2249145507812
"339" 23.4238166809082 46.040699005127 19.4110050201416
"340" 22.7128162384033 45.0764846801758 19.3943767547607
"341" 23.7924003601074 45.2622985839844 19.1678009033203
"342" 26.2317600250244 46.0102653503418 17.8444004058838
"343" 18.3245887756348 36.8136177062988 14.1377305984497
"344" 20.7921009063721 39.4062004089355 17.5438995361328
"345" 24.7326412200928 42.2899017333984 20.0709075927734
"346" 24.2006130218506 41.2446594238281 18.6001396179199
"347" 25.6197071075439 40.7364692687988 18.3698768615723
"348" 28.2014007568359 42.7689018249512 17.2063007354736
"349" 21.1465263366699 33.4675712585449 14.1528015136719
"350" 23.4755001068115 35.9206008911133 16.934700012207
"351" 26.4265956878662 38.8314170837402 18.1822414398193
"352" 26.9825801849365 38.294807434082 18.1031703948975
"353" 26.2010326385498 36.8722267150879 17.828369140625
"354" 27.0998058319092 36.5324630737305 17.9036083221436
"355" 30.8946018218994 37.3266296386719 16.8784103393555
"356" 23.5579223632812 29.5968761444092 14.1484642028809
"357" 25.4770641326904 31.7634010314941 16.1854915618896
"358" 29.1328430175781 35.7061004638672 17.9003791809082
"359" 30.3215999603271 34.8005180358887 17.6304969787598
"360" 28.1537952423096 31.874340057373 17.5349140167236
"361" 31.7311000823975 31.7248992919922 17.3295001983643
"362" 33.1170425415039 30.6555843353271 17.0102310180664
"363" 26.8875942230225 24.7674713134766 15.2458114624023
"364" 28.77516746521 27.9509239196777 16.8935356140137
"365" 30.1489944458008 30.3478107452393 17.7986431121826
"366" 31.4993743896484 29.727725982666 17.5725784301758
"367" 32.2121658325195 27.7403621673584 17.2099647521973
"368" 34.6268119812012 26.126766204834 16.6420040130615
"369" 29.2510414123535 21.7715702056885 15.2700653076172
"370" 31.3737201690674 24.0319557189941 16.1369800567627
"371" 33.1377983093262 27.1026992797852 16.7807998657227
"372" 35.0033111572266 24.5415191650391 16.9093723297119
"373" 36.2142143249512 23.240894317627 17.9110889434814
"374" 39.9167747497559 21.9943370819092 18.4324073791504
"375" 33.4365081787109 19.204963684082 15.106879234314
"376" 34.5405006408691 22.25 16.3915004730225
"377" 35.0825996398926 23.8094997406006 16.6355991363525
"378" 38.3177490234375 21.5183258056641 18.3414764404297
"379" 41.5122528076172 21.6966171264648 18.6100025177002
"380" 43.155216217041 21.1721096038818 18.7307453155518
"381" 36.7103080749512 16.3552093505859 14.7672548294067
"382" 37.7615737915039 17.5607643127441 16.6111965179443
"383" 39.8658103942871 20.2613391876221 18.2685165405273
"384" 41.7236328125 21.3945922851562 18.5575656890869
"385" 43.7988891601562 21.1314239501953 19.3568649291992
"386" 39.9073600769043 14.50084400177 14.7816095352173
"387" 40.5525550842285 16.038444519043 16.9631195068359
"388" 43.3650360107422 19.4790477752686 18.4006118774414
"389" 43.5724983215332 14.0740995407104 15.5464000701904
"390" 43.9442176818848 15.9855899810791 17.8673076629639
