"V1" "V2" "V3"
"1" 57.872875213623 29.7552433013916 11.2016077041626
"2" 57.0033 27.5222 10.063
"3" 56.1587 25.2792 8.9234
"4" 54.6425 23.1412 8.3386
"5" 53.3268 20.7981 8.0139
"6" 51.8525 18.5278 8.0892
"7" 50.3214 16.293 8.1484
"8" 48.8334 14.1727 8.7201
"9" 46.6414 12.6519 8.7969
"10" 45.1828 10.8477 9.8909
"11" 43.4524 9.0023 10.5125
"12" 41.9131 7.2426 11.8776
"13" 40.4353 5.2425 12.6014
"14" 38.597 3.3527 12.9378
"15" 36.4806 1.7525 13.0032
"16" 33.9062232971191 1.23341083526611 13.4292793273926
"17" 52.3049850463867 59.3224563598633 5.64251327514648
"18" 54.1759 59.6983 6.3129
"19" 55.7226 59.914 7.6776
"20" 57.6072 59.3739 7.9094
"21" 59.4588 58.7415 7.234
"22" 60.6944 58.831 5.6934
"23" 61.0491 60.3534 4.5776
"24" 60.5442 62.3155 4.2449
"25" 59.4493 63.7369 4.9227
"26" 57.8642 64.3732 6.0679
"27" 55.9622 64.4961 6.4337
"28" 54.3687 64.0509 5.1998
"29" 52.8422 62.9268 4.4868
"30" 51.9851 61.182 4.8749
"31" 57.872875213623 29.7552433013916 11.2016077041626
"32" 42.442497253418 21.9385261535644 14.8269081115723
"33" 39.8017845153809 13.3479089736938 27.4344177246094
"34" 39.0534 14.2275 29.3931
"35" 38.6392 15.7095 31.092
"36" 38.6569 17.6389 32.2733
"37" 39.0886 19.7392 33.0456
"38" 39.8711 21.7884 33.7192
"39" 41.0553 23.688 34.1763
"40" 42.4623 25.4863 34.1977
"41" 44.2539 26.8213 33.9225
"42" 46.2456 27.5096 33.121
"43" 47.899 27.4486 31.6163
"44" 49.1365 26.957 29.7563
"45" 49.866 26.0495 27.8015
"46" 50.6411 24.9102 25.9771
"47" 50.4596 23.645 24.0693
"48" 49.7121 22.0039 22.675
"49" 49.2804 20.0757 21.5267
"50" 48.4227 18.0802 20.9998
"51" 47.1365 16.1995 21.0838
"52" 45.8101 14.4633 21.5871
"53" 44.0463 13.2993 22.471
"54" 42.4353 12.4584 23.8459
"55" 40.9404 12.8182 25.5117
"56" 47.7932586669922 34.5884323120117 16.0549774169922
"57" 45.6911 31.5614 15.4788
"58" 43.9939 28.1925 15.4102
"59" 42.9924 24.5884 15.1556
"60" 42.3973 20.9182 14.689
"61" 41.708 17.2194 14.3813
"62" 40.4305 13.7346 14.8734
"63" 38.703 10.6912 16.061
"64" 36.5326 8.0217 17.483
"65" 33.5463600158691 6.70632648468018 19.3610668182373
"66" 47.7932586669922 34.5884323120117 16.0549774169922
"67" 33.4836502075195 6.43989562988281 28.8912315368652
"68" 33.5463600158691 6.70632648468018 19.3610668182373
"69" 33.4836502075195 6.43989562988281 28.8912315368652
"70" 32.9879 9.9207 31.1894
"71" 32.7322 13.7792 32.8384
"72" 32.3022 17.6634 34.4092
"73" 32.2277 21.7774 35.391
"74" 32.4474 25.8781 36.324
"75" 32.5406 30.0374 37.0601
"76" 32.8099 34.2494 37.279
"77" 32.567 38.4517 37.6608
"78" 32.487 42.6182 38.3142
"79" 32.3259 46.5679 39.81
"80" 31.9673 50.6071 40.819
"81" 31.3642 54.6342 41.813
"82" 31.4777 58.4441 43.638
"83" 31.5064 62.3999 45.0929
"84" 31.3626 66.5608 45.8481
"85" 31.3389 70.7536 46.3111
"86" 30.9565 74.9235 45.8027
"87" 30.7838821411133 79.1347122192383 45.4840698242188
"88" 33.3176536560059 75.9060821533203 15.7666921615601
"89" 30.7838821411133 79.1347122192383 45.4840698242188
"90" 33.9062232971191 1.23341083526611 13.4292793273926
"91" 8.83738708496094 32.0901565551758 11.7608366012573
"92" 10.2637 29.8351 10.0321
"93" 11.0771 26.6946 9.9361
"94" 12.5447 23.8171 9.8099
"95" 14.2421 21.165 10.3648
"96" 16.093 18.561 10.1794
"97" 18.1696 16.1633 9.8136
"98" 20.2197 13.6689 9.8272
"99" 22.3649 11.5313 10.9629
"100" 24.4145 9.0633 11.6188
"101" 26.4001 6.4959 12.1003
"102" 28.5245 4.0757 12.6595
"103" 30.8666 1.8547 12.829
"104" 33.9062232971191 1.23341083526611 13.4292793273926
"105" 8.83738708496094 32.0901565551758 11.7608366012573
"106" 24.4377899169922 23.7516269683838 15.8832054138184
"107" 25.6118507385254 13.8813180923462 26.5276184082031
"108" 26.4386 14.3233 28.8546
"109" 26.9415 15.218 31.1234
"110" 27.1304 17.1362 32.6766
"111" 26.8634 19.427 33.6407
"112" 26.0669 21.7274 34.2332
"113" 24.8417 23.8456 34.764
"114" 23.2678 25.7033 35.3733
"115" 21.7044 27.6503 35.2786
"116" 19.8578 29.1502 34.9203
"117" 17.7618 29.8843 33.8986
"118" 16.1782 29.7847 31.9781
"119" 15.0751 28.6722 30.078
"120" 14.9229 26.9665 28.2393
"121" 15.196 25.2175 26.4944
"122" 16.0173 23.6002 24.7536
"123" 16.7904 21.837 23.1461
"124" 17.6931 19.691 22.2726
"125" 18.9594 17.5754 21.8564
"126" 20.6686 15.74 21.9828
"127" 22.5229 14.304 22.8252
"128" 24.1875 13.7882 24.4579
"129" 18.7032070159912 36.1702117919922 17.6367740631104
"130" 20.7547 32.9966 17.126
"131" 22.6202 29.6415 16.8166
"132" 23.6845 26.003 16.0994
"133" 24.5199 22.3015 15.4704
"134" 25.8256 18.6894 15.3115
"135" 27.0802 15.0987 15.608
"136" 28.7483 11.8254 16.7663
"137" 30.7107 8.6566 17.7044
"138" 33.5463600158691 6.70632648468018 19.3610668182373
"139" 18.7032070159912 36.1702117919922 17.6367740631104
"140" 53.0371360778809 60.0944633483887 5.17705917358398
"141" 52.9673728942871 60.8210563659668 5.04771852493286
"142" 52.8768844604492 61.4168090820312 4.70362138748169
"143" 53.2465896606445 62.0808601379395 4.65036821365356
"144" 53.300708770752 62.9748649597168 4.48305034637451
"145" 53.4977989196777 60.1001014709473 5.46179008483887
"146" 53.5103988647461 60.7756996154785 5.36568021774292
"147" 53.5093994140625 61.540599822998 5.19262981414795
"148" 53.4920272827148 62.2803955078125 4.84900665283203
"149" 54.2767944335938 63.6315879821777 5.11026668548584
"150" 54.1286392211914 60.3454360961914 6.12754201889038
"151" 53.9808006286621 60.7132987976074 5.86789989471436
"152" 54.0856781005859 62.0432052612305 5.55618286132812
"153" 54.3237991333008 62.8498992919922 5.47956991195679
"154" 55.1449012756348 63.6954727172852 5.78783559799194
"155" 55.0608329772949 60.4344711303711 6.76403617858887
"156" 55.2458572387695 60.8522033691406 6.81225824356079
"157" 55.2625465393066 61.8491477966309 6.57550954818726
"158" 55.5647125244141 63.1189308166504 6.30582141876221
"159" 55.5501480102539 63.5636711120605 6.12199640274048
"160" 56.0231704711914 60.7580413818359 7.10219717025757
"161" 56.6165046691895 61.1818618774414 6.99440765380859
"162" 57.0768165588379 61.6769180297852 6.67233276367188
"163" 57.1379928588867 62.5373077392578 6.54908752441406
"164" 57.1327667236328 63.867115020752 6.42504596710205
"165" 56.6589622497559 60.7138175964355 7.2143440246582
"166" 56.9861907958984 61.3946876525879 6.82938480377197
"167" 57.3245391845703 61.7575874328613 6.56875896453857
"168" 57.6815452575684 62.5055313110352 6.3195013999939
"169" 57.8721084594727 63.5306015014648 6.12947607040405
"170" 57.7007064819336 60.2351722717285 7.15488386154175
"171" 57.7974548339844 61.1606407165527 6.49996137619019
"172" 57.9578742980957 62.1875038146973 6.21072721481323
"173" 58.4378852844238 63.5443572998047 5.68946313858032
"174" 58.531494140625 59.8757629394531 6.83862257003784
"175" 58.3997840881348 60.6247482299805 6.30754137039185
"176" 58.5861778259277 61.3908233642578 5.86372232437134
"177" 58.8424911499023 62.7718238830566 5.44670248031616
"178" 59.3070297241211 59.372673034668 6.55046463012695
"179" 59.1706275939941 60.3569145202637 5.84919929504395
"180" 59.2331657409668 61.3044204711914 5.29682111740112
"181" 59.3868751525879 62.4238700866699 4.94340038299561
"182" 59.8514671325684 59.4991683959961 5.85669136047363
"183" 59.8754386901855 60.2566108703613 5.25995922088623
"184" 59.8174438476562 61.0176200866699 4.88848781585693
"185" 59.8178977966309 62.1655349731445 4.52229118347168
"186" 60.4025459289551 59.8370170593262 4.87251329421997
"187" 60.363109588623 60.6514358520508 4.58717918395996
"188" 60.3891983032227 61.3553009033203 4.36620998382568
"189" 55.5110206604004 27.9398956298828 13.5079746246338
"190" 53.3134765625 27.8916282653809 15.4551305770874
"191" 51.1120643615723 26.6126327514648 18.0012912750244
"192" 50.9311981201172 27.892599105835 17.8131999969482
"193" 49.804744720459 29.5730781555176 17.1283435821533
"194" 49.3425331115723 31.1734504699707 16.1501846313477
"195" 48.7035865783691 32.6639099121094 15.5592708587646
"196" 55.2707557678223 26.1200675964355 11.8024826049805
"197" 52.4616012573242 26.2148990631104 14.3978996276855
"198" 50.5984230041504 25.2695388793945 17.3230838775635
"199" 50.3660011291504 26.2441997528076 16.9748992919922
"200" 49.1942405700684 28.7464160919189 15.2158899307251
"201" 47.8559684753418 30.0204753875732 14.9772987365723
"202" 54.7835998535156 24.432300567627 11.1070995330811
"203" 52.0717620849609 24.1569862365723 13.8533315658569
"204" 49.8877487182617 23.6805763244629 17.1633548736572
"205" 49.217170715332 24.945972442627 16.9447898864746
"206" 48.6060523986816 26.7651290893555 15.0789833068848
"207" 47.3376541137695 28.0682544708252 15.2158660888672
"208" 46.8531341552734 29.1842021942139 15.0897846221924
"209" 53.0391998291016 22.3215007781982 11.7135000228882
"210" 50.5761451721191 22.5371170043945 14.1796541213989
"211" 48.8275451660156 22.7335758209229 16.7616310119629
"212" 49.0138130187988 23.698299407959 16.7897033691406
"213" 47.5424194335938 25.7509860992432 14.9965372085571
"214" 46.5451927185059 27.64697265625 15.2485799789429
"215" 52.4713935852051 20.7123870849609 10.6218614578247
"216" 49.9350738525391 21.1875667572021 14.0964756011963
"217" 48.0606994628906 21.8091106414795 16.5154819488525
"218" 48.1303367614746 21.8845329284668 16.5141983032227
"219" 47.3552474975586 23.7857055664062 15.0133256912231
"220" 46.7916946411133 25.4740943908691 14.9404735565186
"221" 44.4981002807617 26.3197002410889 15.0418996810913
"222" 51.5177459716797 19.1041736602783 10.3663511276245
"223" 49.8666191101074 19.2385387420654 13.1989479064941
"224" 46.6085014343262 20.0020999908447 15.9270000457764
"225" 47.6067008972168 19.9234008789062 16.9748992919922
"226" 47.2963638305664 21.4633903503418 14.7739353179932
"227" 46.1726875305176 23.1749610900879 14.8953275680542
"228" 44.9071922302246 25.2263240814209 14.9761095046997
"229" 49.7627983093262 17.2847995758057 11.1100997924805
"230" 48.1298599243164 17.8222236633301 13.7198944091797
"231" 47.4320983886719 17.5874004364014 17.3978004455566
"232" 47.8512001037598 18.9796009063721 17.1499996185303
"233" 46.3643417358398 20.4361209869385 14.7427291870117
"234" 45.3363990783691 21.9157009124756 14.7112998962402
"235" 44.0757751464844 23.9508361816406 14.8244113922119
"236" 48.2687721252441 15.3302049636841 10.8676624298096
"237" 46.5320816040039 16.4268646240234 13.8493890762329
"238" 44.1666984558105 17.7213001251221 16.7653999328613
"239" 45.5710983276367 18.0359001159668 15.7174997329712
"240" 45.5828666687012 19.3805980682373 14.405047416687
"241" 44.9071617126465 21.7104091644287 14.616379737854
"242" 47.0943031311035 13.8544950485229 10.6140270233154
"243" 45.8291664123535 14.5112438201904 13.4575681686401
"244" 44.2886581420898 13.6306629180908 17.3633308410645
"245" 44.6472015380859 13.4893999099731 17.3943996429443
"246" 45.4046325683594 16.880651473999 14.0502815246582
"247" 44.5035018920898 18.103099822998 14.1378002166748
"248" 43.52978515625 20.7687110900879 14.3054361343384
"249" 45.3858375549316 12.5596017837524 11.4972229003906
"250" 43.8423843383789 13.0877342224121 14.780312538147
"251" 44.4952011108398 13.395299911499 17.1840000152588
"252" 44.389102935791 13.3198585510254 15.7192010879517
"253" 43.5043334960938 14.8399353027344 13.9148616790771
"254" 43.0461540222168 16.3000202178955 13.8459186553955
"255" 42.2994232177734 17.9815711975098 14.2014579772949
"256" 43.1774063110352 10.2202425003052 12.2078819274902
"257" 42.2256965637207 11.0669450759888 14.6730175018311
"258" 42.7517013549805 11.0102996826172 17.394100189209
"259" 43.0311012268066 10.645899772644 16.5557994842529
"260" 42.8342132568359 12.1652069091797 14.4306449890137
"261" 42.3709259033203 13.7443771362305 14.2849903106689
"262" 42.1968002319336 14.4675998687744 14.2058000564575
"263" 42.1325607299805 8.70327091217041 12.8155717849731
"264" 41.3038330078125 10.2396535873413 17.0525970458984
"265" 41.8101081848145 8.97397422790527 17.1909732818604
"266" 41.1178779602051 9.16121292114258 16.4990253448486
"267" 41.352897644043 9.01889038085938 15.0029392242432
"268" 39.8946304321289 10.3800649642944 15.4604911804199
"269" 40.4704246520996 6.6126823425293 13.607759475708
"270" 40.4923629760742 7.79722881317139 16.806848526001
"271" 39.9546318054199 8.40853595733643 18.2464942932129
"272" 39.5247611999512 8.39466094970703 17.9288234710693
"273" 39.1619186401367 7.18909406661987 16.3866176605225
"274" 37.856029510498 8.43981742858887 16.7215270996094
"275" 38.9593048095703 5.70164060592651 15.4662342071533
"276" 38.9582977294922 6.99487209320068 18.3889942169189
"277" 38.7063407897949 6.69852542877197 17.9698219299316
"278" 37.5445365905762 5.703040599823 16.9638233184814
"279" 36.0270233154297 7.20388507843018 17.9378051757812
"280" 38.1133422851562 4.32118940353394 14.6585855484009
"281" 37.8034439086914 5.74900817871094 16.9053325653076
"282" 37.635612487793 5.66855669021606 18.0897216796875
"283" 36.5541801452637 5.17130470275879 17.4698657989502
"284" 35.6361999511719 6.39298009872437 18.3621063232422
"285" 37.5053443908691 3.33498859405518 14.0860662460327
"286" 36.8661003112793 4.71075820922852 16.9974613189697
"287" 35.9450073242188 4.92430114746094 18.5603160858154
"288" 34.9062423706055 5.01004266738892 19.3541584014893
"289" 36.4552040100098 2.74451518058777 14.4831657409668
"290" 36.1128845214844 3.87980008125305 17.1003017425537
"291" 35.1143264770508 5.54779529571533 19.3697986602783
"292" 33.7508392333984 5.6150336265564 19.7997055053711
"293" 35.5254173278809 2.32537388801575 14.9006013870239
"294" 35.1677551269531 3.14991474151611 17.169376373291
"295" 34.4181709289551 4.89991474151611 18.9503383636475
"296" 33.7148666381836 5.83678102493286 19.8245754241943
"297" 34.5951690673828 2.27314758300781 15.6673545837402
"298" 33.9393157958984 3.67653584480286 18.2629871368408
"299" 11.7310066223145 31.0428028106689 14.4514617919922
"300" 12.4908027648926 30.0383453369141 17.8961753845215
"301" 13.9911127090454 30.3043994903564 19.8743171691895
"302" 14.6914758682251 31.2364368438721 19.2698001861572
"303" 15.7060480117798 32.2455558776855 18.2038078308105
"304" 17.6341743469238 33.8760070800781 17.3559379577637
"305" 12.1049222946167 29.7292938232422 12.3140058517456
"306" 13.7108688354492 28.3980484008789 16.9203491210938
"307" 14.6054496765137 28.1023006439209 19.2706890106201
"308" 15.5542964935303 29.57053565979 17.3395309448242
"309" 17.1444206237793 30.7060794830322 17.1301307678223
"310" 18.9747753143311 32.0844116210938 16.8214263916016
"311" 11.6356000900269 25.9011001586914 12.5663003921509
"312" 13.9989709854126 26.3054313659668 15.937575340271
"313" 15.9969997406006 26.3197002410889 19.4207000732422
"314" 15.4069004058838 26.739200592041 19.2801990509033
"315" 17.3257732391357 28.4579238891602 16.9636383056641
"316" 19.1182651519775 29.6701412200928 16.7133617401123
"317" 20.513484954834 29.968822479248 16.7896995544434
"318" 12.5447034835815 24.3446140289307 12.3835420608521
"319" 16.1316795349121 24.5305995941162 16.1232013702393
"320" 17.4009075164795 24.2507266998291 18.6421604156494
"321" 16.6256999969482 24.6420001983643 18.7847003936768
"322" 17.9116458892822 26.2307720184326 16.7539863586426
"323" 19.5513572692871 27.6245269775391 16.6441631317139
"324" 21.0983352661133 28.0184135437012 16.5795650482178
"325" 14.6257295608521 22.172550201416 12.6713848114014
"326" 15.843297958374 22.4762058258057 15.214448928833
"327" 18.0925998687744 22.3351001739502 18.2903995513916
"328" 18.2358493804932 23.4285545349121 16.2849636077881
"329" 19.1415996551514 24.4286003112793 16.441499710083
"330" 20.8169994354248 25.9002990722656 16.3083992004395
"331" 15.9102430343628 20.3511524200439 12.6230268478394
"332" 18.0380840301514 20.82639503479 15.3825702667236
"333" 18.9344005584717 20.0391006469727 16.138599395752
"334" 19.3855857849121 22.3929290771484 15.9224433898926
"335" 20.2950553894043 23.2338542938232 16.0562591552734
"336" 21.654468536377 24.7018985748291 16.0870819091797
"337" 17.1983795166016 18.4554004669189 12.4012260437012
"338" 19.5551013946533 19.2783336639404 15.2118263244629
"339" 20.7089004516602 19.5039005279541 16.9748992919922
"340" 19.8976783752441 20.5524997711182 15.6179962158203
"341" 20.1748352050781 21.503963470459 15.8102827072144
"342" 22.1517524719238 22.9624099731445 15.6634321212769
"343" 18.5216064453125 16.3334255218506 11.7949848175049
"344" 19.48610496521 16.9158306121826 14.4119024276733
"345" 22.0734481811523 18.4553699493408 16.8179397583008
"346" 20.9975891113281 18.7294845581055 15.1119213104248
"347" 22.1189308166504 19.7191715240479 15.2206230163574
"348" 23.232400894165 21.3565254211426 15.0739030838013
"349" 20.3003005981445 14.6803998947144 12.154899597168
"350" 21.8592071533203 15.3790578842163 14.4802932739258
"351" 22.2840003967285 15.6232004165649 17.1828002929688
"352" 22.2840003967285 15.6232004165649 17.1828002929688
"353" 22.2438468933105 16.6029376983643 14.6782369613647
"354" 23.0562133789062 17.2375392913818 14.6505117416382
"355" 23.9537696838379 17.9124164581299 14.8244743347168
"356" 22.1491241455078 12.5863523483276 12.0765390396118
"357" 23.2978744506836 13.1393718719482 14.9431772232056
"358" 23.1284999847412 12.8978996276855 16.9771003723145
"359" 23.1169719696045 12.8814754486084 16.9767551422119
"360" 23.9189071655273 13.8128871917725 15.2274312973022
"361" 24.9469451904297 13.9964351654053 15.086519241333
"362" 26.1195678710938 13.9028005599976 15.1722717285156
"363" 24.4042053222656 10.0267267227173 13.4542455673218
"364" 24.7171401977539 10.3042898178101 16.347448348999
"365" 25.1021709442139 10.8304882049561 17.7622203826904
"366" 25.3068008422852 10.381199836731 16.9748992919922
"367" 25.6582832336426 10.7979297637939 15.6523733139038
"368" 27.3726577758789 10.8611345291138 15.823784828186
"369" 25.8527183532715 8.13224792480469 13.4819478988647
"370" 26.4100170135498 8.49711894989014 15.6262302398682
"371" 26.7241687774658 9.34188938140869 17.2814464569092
"372" 27.004114151001 8.33980274200439 16.9165840148926
"373" 28.3395900726318 8.28965854644775 16.5696430206299
"374" 29.9401187896729 8.13222408294678 17.3011226654053
"375" 27.6644153594971 6.19159126281738 14.3997564315796
"376" 28.2110900878906 6.98124599456787 16.3539352416992
"377" 27.9929599761963 7.32384872436523 17.7474327087402
"378" 29.4372482299805 6.79073095321655 17.1229820251465
"379" 30.7105369567871 6.42563629150391 17.8926162719727
"380" 31.5397968292236 5.45493936538696 18.3679656982422
"381" 28.9901676177979 4.23470067977905 14.0066213607788
"382" 29.4092998504639 4.91039991378784 15.9271001815796
"383" 30.4071350097656 5.98618268966675 17.5720024108887
"384" 30.9700298309326 6.11124229431152 18.8640575408936
"385" 32.4469337463379 6.12229871749878 19.6410140991211
"386" 30.4024200439453 3.07690048217773 14.3726024627686
"387" 30.6758995056152 4.41581010818481 16.9288005828857
"388" 32.3201332092285 5.96903324127197 18.9940032958984
"389" 31.6127853393555 2.53399181365967 14.8830509185791
"390" 32.284481048584 4.03587007522583 18.2043800354004
