"V1" "V2" "V3"
"1" 23.3969058990479 52.3345718383789 79.9246673583984
"2" 24.3514 52.9798 82.3707
"3" 25.2111 52.9547 84.9718
"4" 26.3124 53.0588 87.4762
"5" 27.6603 52.985 89.834
"6" 28.7922 52.9076 92.323
"7" 30.1525 53.1525 94.688
"8" 31.3222 52.9713 97.1465
"9" 32.4846 52.4223 99.476
"10" 34.0691 51.8825 101.6307
"11" 35.5383 51.3348 103.884
"12" 37.0902 51.0033 106.088
"13" 38.7747 51.375 108.1965
"14" 40.6179 51.6736 109.9895
"15" 42.5533 53.4204 110.8108
"16" 45.1970558166504 53.871280670166 111.132553100586
"17" 29.1952743530273 46.5398750305176 55.42822265625
"18" 27.4442 46.89 56.3699
"19" 25.4312 46.8424 56.4714
"20" 23.4897 46.6119 56.0159
"21" 21.5374 47.1646 56.0282
"22" 19.6486 47.4206 55.4853
"23" 18.4416 47.4133 54.1429
"24" 18.6629 48.0659 52.3536
"25" 20.2215 48.7357 51.3386
"26" 22.1599 48.7205 51.3912
"27" 24.1539 48.3531 51.3873
"28" 26.1837 48.1901 51.2412
"29" 28.0269 47.9254 51.9264
"30" 28.9989 47.1627 53.5038
"31" 23.3969058990479 52.3345718383789 79.9246673583984
"32" 40.1319808959961 43.2752075195312 96.5253448486328
"33" 29.4506530761719 26.7497215270996 101.150657653809
"34" 28.5479 24.0906 98.64
"35" 28.7038 21.7947 95.6199
"36" 28.706 19.8696 92.3307
"37" 27.1515 18.6904 89.272
"38" 24.0064 18.5955 87.1285
"39" 20.7251 19.4368 85.5001
"40" 17.8086 20.5642 83.5116
"41" 16.6037 21.1188 80.0665
"42" 15.9864 23.4882 77.3151
"43" 15.7404 27.201 77.3426
"44" 15.8061 30.9176 78.1066
"45" 16.485 34.4046 79.4652
"46" 17.8568 37.3633 81.3854
"47" 19.5312 39.7211 83.6973
"48" 21.5517 41.4324 86.4362
"49" 23.6576 42.2084 89.4719
"50" 25.7252 42.4512 92.6671
"51" 27.688 41.8405 95.8712
"52" 29.1971 40.158 98.8537
"53" 30.0749 37.2982 101.2108
"54" 30.5796 33.8998 102.6672
"55" 30.1845 30.1525 102.7088
"56" 32.964111328125 43.0306625366211 81.1169967651367
"57" 33.8632 43.5745 82.6134
"58" 34.725 43.7344 84.1757
"59" 35.694 44.0992 85.6529
"60" 36.7055 44.3508 87.111
"61" 37.6944 44.112 88.6066
"62" 38.815 43.7461 89.994
"63" 39.9624 43.3161 91.3184
"64" 41.5685 42.9463 91.9314
"65" 43.3368225097656 42.5358695983887 92.0130996704102
"66" 32.964111328125 43.0306625366211 81.1169967651367
"67" 41.1482467651367 27.4081344604492 108.453956604004
"68" 43.3368225097656 42.5358695983887 92.0130996704102
"69" 41.1482467651367 27.4081344604492 108.453956604004
"70" 41.1282 24.4159 106.1539
"71" 41.1044 22.3609 102.9128
"72" 40.8167 20.3385 99.6541
"73" 40.5375 18.4218 96.3322
"74" 40.2656 16.3379 93.1124
"75" 39.9964 14.379 89.8258
"76" 39.8549 12.8435 86.3128
"77" 39.6869 11.4786 82.7246
"78" 39.6716 10.1641 79.1172
"79" 39.4616 8.9315 75.4857
"80" 39.5656 8.2862 71.7007
"81" 39.5665 7.8671 67.8879
"82" 39.5243 6.9938 64.1506
"83" 39.3726 6.4393 60.3514
"84" 39.4564 5.4633 56.6388
"85" 39.2943 4.7087 52.8717
"86" 39.1981 4.0566 49.0937
"87" 38.5197372436523 4.1673698425293 45.3434257507324
"88" 41.7930030822754 32.8553886413574 46.6607971191406
"89" 38.5197372436523 4.1673698425293 45.3434257507324
"90" 45.1970558166504 53.871280670166 111.132553100586
"91" 65.7437896728516 46.452320098877 78.8532562255859
"92" 64.2048 48.0124 81.0863
"93" 62.8811 48.9807 83.8014
"94" 61.6922 48.7494 86.7034
"95" 60.4573 49.0024 89.6324
"96" 59.0868 49.7095 92.4194
"97" 57.7004 50.162 95.2625
"98" 56.23 50.2463 98.0858
"99" 54.6292 49.7728 100.7295
"100" 52.842 48.8674 103.1778
"101" 51.0587 49.2183 105.7784
"102" 49.2897 50.2161 108.1462
"103" 47.4092 51.9257 110.0311
"104" 45.1970558166504 53.871280670166 111.132553100586
"105" 65.7437896728516 46.452320098877 78.8532562255859
"106" 46.5960922241211 42.4312973022461 96.7288665771484
"107" 52.2435264587402 25.4400138854981 101.581245422363
"108" 52.3255 22.0552 99.8291
"109" 51.8472 19.5538 96.9477
"110" 51.4865 17.7299 93.4753
"111" 51.9225 15.8758 90.0879
"112" 54.6719 15.0163 87.5293
"113" 58.141 14.9126 85.6639
"114" 61.7398 15.2297 84.1612
"115" 63.3214 15.7379 80.6238
"116" 64.7865 17.6959 77.8346
"117" 65.9719 21.3825 77.9806
"118" 66.561 24.9703 79.5368
"119" 66.8576 28.7863 80.6098
"120" 66.1852 32.1856 82.4546
"121" 64.7392 34.8563 84.985
"122" 63.0178 37.1486 87.6794
"123" 60.9055 38.1885 90.8801
"124" 58.6553 38.3841 94.1181
"125" 56.5205 37.9214 97.4299
"126" 55.0719 35.8581 100.4205
"127" 53.5244 33.0034 102.5481
"128" 52.4225 29.2813 102.5801
"129" 53.6601600646973 40.6312522888184 81.6314315795898
"130" 52.6521 41.3233 82.8972
"131" 51.7194 41.7907 84.2969
"132" 50.5436 42.1395 85.5209
"133" 49.585 42.5311 86.9342
"134" 48.7199 42.7237 88.4087
"135" 47.5682 42.8223 89.6936
"136" 46.3845 42.7344 90.9896
"137" 45.0692 42.5597 91.8647
"138" 43.3368225097656 42.5358695983887 92.0130996704102
"139" 53.6601600646973 40.6312522888184 81.6314315795898
"140" 28.606372833252 47.7949981689453 55.3494071960449
"141" 28.5626049041748 47.93017578125 54.4358253479004
"142" 28.3870735168457 48.2355270385742 53.7674713134766
"143" 28.0490455627441 48.5209999084473 53.0610961914062
"144" 27.4128932952881 48.5209999084473 52.0413436889648
"145" 27.6699714660645 47.673999786377 55.586296081543
"146" 27.595983505249 48.0169067382812 54.7120933532715
"147" 27.3769111633301 48.3520088195801 54.0139923095703
"148" 27.0448055267334 48.6419982910156 53.216926574707
"149" 26.3426418304443 48.6419982910156 52.3846321105957
"150" 26.6477031707764 47.7893257141113 55.6656723022461
"151" 26.4395809173584 48.1371192932129 54.8338813781738
"152" 26.2973651885986 48.4000015258789 53.9401168823242
"153" 25.8691101074219 48.6419982910156 53.0040168762207
"154" 25.3187713623047 48.5209999084473 52.135871887207
"155" 25.7501277923584 47.7351837158203 55.6969413757324
"156" 25.4422168731689 48.0369987487793 54.7907104492188
"157" 25.1697158813477 48.2789993286133 53.9819488525391
"158" 24.8349113464355 48.6419982910156 53.0777053833008
"159" 24.294153213501 48.5209999084473 52.186882019043
"160" 24.5814342498779 47.5675582885742 55.5244445800781
"161" 24.2745208740234 47.9847450256348 54.744255065918
"162" 24.0616111755371 48.2789993286133 53.9515380859375
"163" 23.7821636199951 48.6419982910156 53.1482963562012
"164" 23.4174880981445 48.6985130310059 52.2005615234375
"165" 23.5985641479492 47.673999786377 55.3864631652832
"166" 23.2645301818848 48.1580009460449 54.6090431213379
"167" 23.1012840270996 48.5209999084473 53.9439163208008
"168" 22.8208980560303 48.9600143432617 53.0850677490234
"169" 22.5125617980957 49.1194381713867 52.2014503479004
"170" 22.5061683654785 47.9160003662109 55.5242919921875
"171" 22.3242950439453 48.5209999084473 54.5742568969727
"172" 22.2079906463623 49.0778694152832 53.5301322937012
"173" 21.8274211883545 49.3205795288086 52.1615180969238
"174" 21.6245651245117 48.2789993286133 55.5085945129395
"175" 21.6141128540039 48.6572113037109 54.7977867126465
"176" 21.3970718383789 49.0050010681152 54.0556144714355
"177" 21.2778644561768 49.4889984130859 52.6934585571289
"178" 20.712474822998 48.4063339233398 55.6536674499512
"179" 20.6533641815186 48.8218002319336 54.7541999816895
"180" 20.5731105804443 49.2832336425781 53.808765411377
"181" 20.4209175109863 49.6100006103516 52.6271858215332
"182" 19.8735198974609 48.5209999084473 55.2139320373535
"183" 19.7164211273193 48.8677444458008 54.4596786499023
"184" 19.6682949066162 49.272331237793 53.7649574279785
"185" 19.7500152587891 49.1259994506836 52.4833946228027
"186" 18.8185234069824 48.2455406188965 54.3049812316895
"187" 18.8775730133057 48.5209999084473 53.6227569580078
"188" 18.7598285675049 48.6419982910156 52.7863159179688
"189" 24.5851802825928 49.3159675598145 80.8501815795898
"190" 23.5226135253906 46.3949775695801 80.9456634521484
"191" 24.1623210906982 43.4066467285156 82.1589965820312
"192" 26.2491912841797 43.1726264953613 82.8850021362305
"193" 29.4029998779297 42.9550018310547 82.7639999389648
"194" 30.8549995422363 43.1969985961914 82.1589965820312
"195" 31.9440002441406 43.4389991760254 81.7959976196289
"196" 25.1866722106934 50.9924125671387 83.3876724243164
"197" 25.4099998474121 47.673999786377 82.9846115112305
"198" 25.7730007171631 44.648998260498 83.1269989013672
"199" 26.9646587371826 44.1833419799805 84.3369979858398
"200" 30.9759998321533 44.2859992980957 84.0950012207031
"201" 32.2295837402344 44.2859992980957 83.8529968261719
"202" 26.0149993896484 50.9318351745605 85.0857238769531
"203" 26.0548896789551 48.3917579650879 85.4658889770508
"204" 26.6200008392334 45.132999420166 85.3050003051758
"205" 27.4526519775391 44.9510612487793 86.1977233886719
"206" 31.0970001220703 44.7700004577637 86.3939971923828
"207" 32.9119987487793 44.648998260498 85.1839981079102
"208" 33.3959999084473 44.5279998779297 85.1839981079102
"209" 26.7409992218018 50.5779991149902 87.3619995117188
"210" 27.1040000915527 47.784782409668 87.3948516845703
"211" 27.6690158843994 45.1729850769043 87.2926864624023
"212" 29.2396545410156 45.6875877380371 88.8140029907227
"213" 31.8229999542236 45.0120010375977 87.2409973144531
"214" 34.168155670166 44.4070014953613 86.2729415893555
"215" 29.6450004577637 51.5460014343262 89.0559997558594
"216" 27.8299999237061 48.2085227966309 89.3488845825195
"217" 28.3139991760254 45.3903427124023 89.1203689575195
"218" 29.891077041626 44.7659225463867 89.3745346069336
"219" 32.1860008239746 45.132999420166 89.2979965209961
"220" 33.5169982910156 45.0120010375977 89.0559997558594
"221" 36.2999992370605 44.890998840332 88.9349975585938
"222" 29.0024681091309 50.9410018920898 91.4384613037109
"223" 28.7980003356934 49.0050010681152 91.234001159668
"224" 29.1439399719238 45.8435745239258 91.2015151977539
"225" 30.4156608581543 44.890998840332 91.6073303222656
"226" 32.2097854614258 45.7379989624023 91.838996887207
"227" 34.7270011901855 45.0120010375977 91.234001159668
"228" 36.4210014343262 44.890998840332 88.9349975585938
"229" 31.2180004119873 50.4570007324219 92.2020034790039
"230" 30.0582294464111 47.8092041015625 93.4622268676758
"231" 30.8172340393066 44.9287643432617 93.1699981689453
"232" 31.8943252563477 44.7700004577637 93.5770568847656
"233" 33.1539993286133 45.4959983825684 93.1699981689453
"234" 35.4529991149902 44.7700004577637 92.0967559814453
"235" 38.3569984436035 47.673999786377 91.9599990844727
"236" 32.4699020385742 50.2150001525879 94.4218978881836
"237" 30.9759998321533 47.4918556213379 95.4690017700195
"238" 32.064998626709 44.7700004577637 94.9059219360352
"239" 33.0931739807129 44.5279998779297 95.0056381225586
"240" 35.2109985351562 45.617000579834 94.1380004882812
"241" 38.8409996032715 44.7700004577637 94.2590026855469
"242" 32.1860008239746 51.1829986572266 97.5260009765625
"243" 32.064998626709 47.9739112854004 97.5260009765625
"244" 32.6664428710938 44.7735557556152 96.4937286376953
"245" 33.3509101867676 44.5279998779297 96.5145950317383
"246" 35.3822593688965 44.4070014953613 95.929931640625
"247" 37.3889999389648 44.2859992980957 95.1473159790039
"248" 39.0830001831055 44.7700004577637 94.379997253418
"249" 32.9119987487793 50.5779991149902 98.8570022583008
"250" 32.6699981689453 46.742431640625 98.6149978637695
"251" 33.6675491333008 44.5279998779297 97.9240417480469
"252" 35.4529991149902 44.2859992980957 97.4049987792969
"253" 37.4495010375977 44.2859992980957 95.5899963378906
"254" 38.9757843017578 44.7700004577637 94.379997253418
"255" 39.2281913757324 44.6175422668457 94.379997253418
"256" 33.7589988708496 50.0507431030273 100.551002502441
"257" 34.0009994506836 46.5849990844727 100.551002502441
"258" 34.7262153625488 44.2859992980957 98.9985122680664
"259" 36.0579986572266 44.0439987182617 97.8889999389648
"260" 38.1150016784668 44.0439987182617 97.2839965820312
"261" 39.0830001831055 44.7700004577637 94.379997253418
"262" 40.6374015808105 43.9835014343262 94.0169982910156
"263" 35.0900001525879 50.2150001525879 102.486999511719
"264" 34.5272903442383 44.9021186828613 100.967414855957
"265" 36.1695671081543 43.8042373657227 99.887825012207
"266" 38.5989990234375 43.8019981384277 98.0100021362305
"267" 39.8089981079102 43.6809997558594 96.8000030517578
"268" 40.6374015808105 43.9835014343262 94.0169982910156
"269" 36.0579986572266 50.0940017700195 103.939002990723
"270" 35.3320007324219 45.2540016174316 102.608001708984
"271" 37.0687065124512 43.4389991760254 100.798492431641
"272" 38.755443572998 43.560001373291 99.0689544677734
"273" 40.2061996459961 43.560001373291 97.7141571044922
"274" 42.5919990539551 45.7379989624023 94.5009994506836
"275" 37.1469993591309 48.069637298584 105.390998840332
"276" 36.9334983825684 43.560001373291 102.064002990723
"277" 38.5989990234375 43.4389991760254 99.9459991455078
"278" 40.7770004272461 43.560001373291 98.0705032348633
"279" 43.0564842224121 44.2859992980957 94.5009994506836
"280" 38.3569984436035 50.0705108642578 106.72200012207
"281" 37.3683242797852 46.2220001220703 105.370323181152
"282" 38.9620018005371 42.9550018310547 102.124000549316
"283" 42.7130012512207 47.0690002441406 99.4619979858398
"284" 42.9282379150391 42.8339996337891 96.9003753662109
"285" 39.5090141296387 51.3040008544922 108.358016967773
"286" 41.1726989746094 45.7547988891602 107.081001281738
"287" 40.4140014648438 42.4710006713867 102.971000671387
"288" 42.3880615234375 42.3460884094238 100.517120361328
"289" 40.6559982299805 50.9410018920898 109.384002685547
"290" 41.2610015869141 45.859001159668 107.206001281738
"291" 41.3819999694824 42.1080017089844 104.180999755859
"292" 42.6416702270508 41.0887870788574 102.659271240234
"293" 42.2290000915527 51.010684967041 110.231002807617
"294" 41.4908485412598 45.7501487731934 107.327003479004
"295" 43.0214004516602 44.2419013977051 107.797996520996
"296" 43.9623832702637 41.3003845214844 104.180999755859
"297" 43.6269912719727 50.0396957397461 110.472999572754
"298" 43.6809997558594 44.7700004577637 107.810997009277
"299" 63.5127143859863 43.915355682373 79.7503967285156
"300" 63.2830009460449 41.2610015869141 80.8280029296875
"301" 62.556999206543 39.3250007629395 81.7959976196289
"302" 59.8548812866211 38.8409996032715 82.6429977416992
"303" 57.1027030944824 39.7966117858887 82.1373138427734
"304" 54.4500007629395 40.7770004272461 82.1589965820312
"305" 62.9199981689453 46.043041229248 81.4983215332031
"306" 61.9964485168457 42.0659065246582 81.7515487670898
"307" 61.0141067504883 39.6980171203613 82.6429977416992
"308" 58.9269981384277 40.5349998474121 83.1269989013672
"309" 55.1759986877441 41.3819999694824 84.0950012207031
"310" 53.3504905700684 41.8660011291504 82.8955078125
"311" 62.1940002441406 46.0308380126953 83.7828369140625
"312" 61.1521263122559 43.4516563415527 84.0605316162109
"313" 59.773998260498 40.8979988098145 84.4031295776367
"314" 58.9419288635254 40.8374214172363 85.5470504760742
"315" 55.6599998474121 41.3819999694824 84.6999969482422
"316" 53.7413520812988 42.1080017089844 85.0803527832031
"317" 52.2719993591309 42.3499984741211 84.8209991455078
"318" 60.6209983825684 47.3110008239746 85.0630035400391
"319" 60.0148277282715 43.1420059204102 86.5821762084961
"320" 58.685001373291 41.2763671875 86.5303573608398
"321" 57.5518989562988 41.1399993896484 87.2247085571289
"322" 55.4179992675781 42.2290000915527 87.2409973144531
"323" 53.8450012207031 41.9869995117188 86.2730026245117
"324" 50.2150001525879 42.7130012512207 87.120002746582
"325" 59.368350982666 46.9480018615723 87.3193511962891
"326" 59.4109992980957 43.9230003356934 88.5719985961914
"327" 57.3653717041016 41.5143699645996 89.3773574829102
"328" 55.3547325134277 41.6240005493164 89.603271484375
"329" 53.2400016784668 42.4710006713867 88.3300018310547
"330" 51.6669998168945 42.3499984741211 88.3300018310547
"331" 58.685001373291 47.0287017822266 91.5970001220703
"332" 57.5960006713867 43.8019981384277 91.7180023193359
"333" 55.838493347168 41.7524299621582 91.5469360351562
"334" 52.9980010986328 42.4710006713867 90.8710021972656
"335" 51.7879981994629 42.4710006713867 91.234001159668
"336" 48.3117485046387 44.4070014953613 89.265251159668
"337" 55.4179992675781 46.8269996643066 93.1699981689453
"338" 56.1440010070801 43.076000213623 93.2910003662109
"339" 53.9941749572754 41.9869995117188 93.2970123291016
"340" 52.1904220581055 42.3499984741211 92.9282608032227
"341" 50.4570007324219 42.7130012512207 93.2910003662109
"342" 46.7060012817383 43.560001373291 92.0810012817383
"343" 54.6920013427734 47.431999206543 94.5009994506836
"344" 55.9020004272461 44.648998260498 95.7109985351562
"345" 53.4903030395508 42.1080017089844 95.0781326293945
"346" 50.3682975769043 42.7130012512207 94.2130126953125
"347" 48.503532409668 42.7130012512207 94.2590026855469
"348" 45.4959983825684 44.1650009155273 93.2910003662109
"349" 55.4179992675781 47.1531982421875 97.3682022094727
"350" 54.4500007629395 43.6759490966797 97.5209503173828
"351" 52.7560005187988 41.9869995117188 96.7386169433594
"352" 51.3164939880371 42.3375053405762 96.1606521606445
"353" 49.2483978271484 42.835620880127 95.3335113525391
"354" 47.7949981689453 42.8339996337891 94.9850006103516
"355" 45.0120010375977 43.9230003356934 94.1380004882812
"356" 54.2080001831055 47.673999786377 99.8251037597656
"357" 53.26513671875 43.7061347961426 99.4465408325195
"358" 52.1269950866699 42.2290000915527 98.5161666870117
"359" 50.596061706543 42.1080017089844 97.9312438964844
"360" 47.777904510498 42.7130012512207 96.7829055786133
"361" 44.890998840332 44.0439987182617 94.2590026855469
"362" 45.7416114807129 43.4695701599121 93.1945266723633
"363" 52.8769989013672 46.5849990844727 101.518997192383
"364" 51.3682518005371 42.5919990539551 100.849746704102
"365" 50.9423141479492 42.228630065918 99.9492034912109
"366" 48.9570732116699 41.9869995117188 98.4913635253906
"367" 47.7294692993164 42.7130012512207 96.9209976196289
"368" 44.7700004577637 44.1623229980469 94.2616806030273
"369" 51.5460014343262 46.7867012023926 103.575996398926
"370" 51.3040008544922 44.0439987182617 102.608001708984
"371" 50.2345886230469 42.1275901794434 101.498970031738
"372" 48.0369987487793 42.2290000915527 98.8570022583008
"373" 46.6815910339355 42.7130012512207 97.2839965820312
"374" 44.57763671875 45.9799995422363 94.5009994506836
"375" 50.2150001525879 46.5849990844727 105.149002075195
"376" 50.1586875915527 43.8666839599609 103.939002990723
"377" 49.7309989929199 42.4710006713867 103.092002868652
"378" 46.101001739502 42.1080017089844 100.30899810791
"379" 44.8305015563965 42.6105995178223 98.7360000610352
"380" 43.560001373291 42.7130012512207 98.0100021362305
"381" 49.7309989929199 49.1259994506836 106.600997924805
"382" 49.1259994506836 46.101001739502 106.237998962402
"383" 46.6972694396973 41.6240005493164 103.908653259277
"384" 45.375 41.7449989318848 102.728996276855
"385" 44.2185478210449 41.621955871582 101.453590393066
"386" 48.0369987487793 49.3680000305176 108.537002563477
"387" 45.2540016174316 45.859001159668 107.206001281738
"388" 44.641414642334 41.6240005493164 104.180999755859
"389" 46.8586082458496 49.3996086120605 109.504997253418
"390" 45.132999420166 45.5019989013672 107.321006774902
