"V1" "V2" "V3"
"1" 25275.15234375 20370.375 11134.013671875
"2" 25259.21 19189.0971 10379.7951
"3" 25019.5118 18203.5579 9456.4275
"4" 24470.4719 17083.164 8794.734
"5" 23913.5023 15947.5662 8166.7138
"6" 23437.5771 14810.7277 7492.4988
"7" 22712.3141 13698.9321 7011.1012
"8" 22214.4279 12503.4261 6465.0339
"9" 21673.9346 11301.1325 5962.8896
"10" 21190.114 10097.8313 5405.5487
"11" 20668.5704 8961.7048 4754.4572
"12" 20158.1535 7878.772 4008.0135
"13" 19490.317 6873.0945 3289.8246
"14" 18579.0959 6003.0711 2662.9674
"15" 17514.1614 5296.5625 2114.0485
"16" 16384.490234375 4448.46240234375 2105.93196614583
"17" 25111.330078125 38452.96875 7607.8720703125
"18" 25929.7981 38400.0644 8125.5319
"19" 26833.2604 38401.0652 8351.6068
"20" 27508.5564 37781.1618 8047.1727
"21" 28270.1838 37438.3631 7558.2135
"22" 29164.2595 37517.2335 7239.0796
"23" 29728.7633 38231.6495 7103.1503
"24" 29672.616 39125.7155 6907.1051
"25" 28826.6871 39549.7571 6737.3974
"26" 28026.9364 39606.744 7144.0964
"27" 27360.7652 39769.4343 7822.5136
"28" 26616.9482 39745.5938 8296.2959
"29" 25827.9418 39696.5477 7757.8701
"30" 25042.4486 39316.631 7353.5121
"31" 25275.15234375 20370.375 11134.013671875
"32" 20073.939453125 23115.9375 10347.705078125
"33" 18230.25 5650.333984375 14044.490234375
"34" 17796.9525 6531.7727 15072.4718
"35" 17736.2864 7623.7486 15978.0974
"36" 17900.6018 8750.1648 16836.7456
"37" 18515.7454 9799.4369 17567.292
"38" 19312.3333 10861.4276 18090.3253
"39" 20061.9823 12072.3482 18214.9914
"40" 20717.4502 13327.0683 18111.8361
"41" 21669.5746 14317.6617 17760.0821
"42" 22809.6109 14613.0782 17043.9717
"43" 23890.12 14379.2024 16139.8721
"44" 24593.0138 13800.6503 15043.5359
"45" 24947.0597 13048.956 13894.7321
"46" 25122.8309 12140.508 12819.2739
"47" 25021.2001 11144.8789 11798.7077
"48" 24650.3826 10054.5148 10954.9162
"49" 24087.1148 8897.7688 10332.8187
"50" 23407.9619 7731.5927 9891.7071
"51" 22530.3722 6621.9809 9680.017
"52" 21520.3587 5701.6472 9972.1994
"53" 20429.7711 5028.4122 10598.1755
"54" 19530.7241 4814.0868 11666.4815
"55" 18908.7295 5106.5032 12905.2712
"56" 23698.51953125 23684.9453125 11050.8291015625
"57" 21420.1857 23229.4721 10440.2505
"58" 20353.4696 21225.7268 9647.0964
"59" 19736.0934 18864.4742 8961.8003
"60" 18987.9641 16626.216 8155.3441
"61" 18489.4062 14407.463 7077.107
"62" 18139.5883 12039.7186 6364.8754
"63" 17949.1872 9574.2094 5836.6601
"64" 17345.3763 7222.6279 5174.0457
"65" 16345.814453125 5408.70068359375 4139.986328125
"66" 23698.51953125 23684.9453125 11050.8291015625
"67" 16237.240234375 1247.9345703125 8469.587890625
"68" 16345.814453125 5408.70068359375 4139.986328125
"69" 16237.240234375 1247.9345703125 8469.587890625
"70" 16114.1024 2274.9065 10650.0981
"71" 16078.5455 3847.8148 12510.3831
"72" 15969.5228 5425.688 14372.1565
"73" 15796.1529 7357.7195 15840.6495
"74" 15781.8907 9480.9236 17028.3744
"75" 15773.0348 11566.4233 18304.5534
"76" 15652.9307 13823.4154 19242.939
"77" 15576.4535 16189.7298 19839.8722
"78" 15404.1855 18576.777 20343.2704
"79" 15484.6083 20934.3104 20847.8627
"80" 15519.9078 23295.2212 21472.6926
"81" 15489.2531 25614.7403 22248.9207
"82" 15534.8066 28037.3333 22503.7585
"83" 15384.7026 30479.1355 22471.4643
"84" 15418.0586 32926.5904 22552.2033
"85" 15477.0361 35372.8049 22542.5591
"86" 15374.5445 37806.4512 22570.0021
"87" 15544.345703125 40192.91796875 23064.71875
"88" 15669.6640625 52907.2109375 11567.8291015625
"89" 15544.345703125 40192.91796875 23064.71875
"90" 16384.490234375 4448.46240234375 2105.93196614583
"91" 6717.87109375 19598 9851.009765625
"92" 6920.9417 18437.2568 8838.3555
"93" 7479.6302 17162.1546 8122.1505
"94" 8204.9011 15936.6635 7466.8988
"95" 8946.8962 14708.0857 6834.9528
"96" 9642.5948 13419.9567 6270.4622
"97" 10278.7412 12076.8516 5764.1641
"98" 10869.396 10719.1649 5241.6662
"99" 11428.3395 9395.3244 4614.4349
"100" 12049.7265 8153.3783 3895.9071
"101" 12843.9379 6994.7431 3195.9421
"102" 13781.1993 5968.7496 2484.3429
"103" 15040.809 5250.4283 1971.5325
"104" 16384.490234375 4448.46240234375 2105.93196614583
"105" 6717.87109375 19598 9851.009765625
"106" 11508.9609375 22855.380859375 9424.205078125
"107" 13645.44140625 5540.33251953125 14068.611328125
"108" 13970.012 6445.5112 15177.5744
"109" 13873.2919 7638.2834 16035.6846
"110" 13505.6715 8852.4737 16815.298
"111" 12889.6696 10078.4983 17402.1991
"112" 12151.7395 11308.6627 17767.7138
"113" 11322.9502 12546.1464 17748.9344
"114" 10466.3581 13720.0678 17469.5429
"115" 9368.9563 14520.5208 16894.7487
"116" 8339.4762 14453.7673 15866.9369
"117" 7443.114 14110.0882 14737.9396
"118" 7067.2477 13388.4061 13492.4099
"119" 6849.5008 12456.4391 12351.3608
"120" 6872.6478 11412.2504 11295.4931
"121" 7252.7493 10322.3848 10364.4418
"122" 7801.3053 9105.0484 9700.7554
"123" 8541.4883 7871.9387 9298.9446
"124" 9398.6157 6662.7124 9216.9823
"125" 10449.0745 5662.9558 9538.1346
"126" 11517.692 5010.8706 10331.6883
"127" 12434.8641 4784.2777 11464.7722
"128" 13070.4388 5017.6046 12790.4114
"129" 7816.4873046875 23381.76953125 10269.6728515625
"130" 10196.7939 22801.0917 9704.0991
"131" 11504.2276 20942.9918 9033.7375
"132" 12319.7881 18643.6934 8459.5966
"133" 13264.9955 16419.3677 7757.1001
"134" 14012.1717 14203.6391 6824.1723
"135" 14540.2639 11850.8252 6164.3525
"136" 14596.8652 9390.5063 5636.7445
"137" 15239.45 7089.1183 4914.1366
"138" 16345.814453125 5408.70068359375 4139.986328125
"139" 7816.4873046875 23381.76953125 10269.6728515625
"140" 25980.453125 38872.49609375 7926.93212890625
"141" 26005.90234375 39209.29296875 7848.98583984375
"142" 26056.947265625 39404.6953125 7827.74560546875
"143" 26179.7578125 39525.296875 7887.0751953125
"144" 26294.255859375 39609.0625 8005.4619140625
"145" 26285.0390625 38797.546875 8064.29736328125
"146" 26298.94140625 39078.140625 8014.03271484375
"147" 26322.708984375 39221.53515625 8026.06201171875
"148" 26366.685546875 39426.5234375 8029.830078125
"149" 26508.58984375 39404.8984375 8201.2138671875
"150" 26546.34765625 38769.44140625 8210.109375
"151" 26556.28515625 38953.7265625 8195.7744140625
"152" 26996.599609375 39042.3984375 8148.39990234375
"153" 27150.7734375 39276.25 7942.048828125
"154" 26985.609375 39486.48046875 8191.8115234375
"155" 26960.478515625 38671.76953125 8186.4541015625
"156" 27057.2421875 38865.4921875 8054.5390625
"157" 27128.673828125 39013.57421875 7941.7822265625
"158" 27168.375 39178.6328125 7883.36572265625
"159" 27214.404296875 39307.859375 7923.85791015625
"160" 27224.384765625 38501.29296875 8208.2001953125
"161" 27312.099609375 38757.19921875 8015.1298828125
"162" 27336.41796875 38901.546875 7902.85498046875
"163" 27466.998046875 39082.8828125 7774.0224609375
"164" 27469.296875 39268.30859375 7641.84130859375
"165" 27480.9921875 38297.58984375 8030.55517578125
"166" 27573.275390625 38687.9140625 7777.82421875
"167" 27628.404296875 38799.4140625 7685.68798828125
"168" 27710.095703125 39043.84765625 7590.2421875
"169" 27772.375 39297.80078125 7408.32763671875
"170" 27787.951171875 38180.8984375 7780.51123046875
"171" 27943.5 38493 7606.5
"172" 28056.640625 38916.8515625 7391.6796875
"173" 28119.763671875 39367.765625 7226.68017578125
"174" 28190.146484375 37974.7109375 7498.08740234375
"175" 28292.89453125 38254.51171875 7400.8251953125
"176" 28304.7265625 38672.6796875 7264.31787109375
"177" 28374.58984375 39171.33203125 7080.07080078125
"178" 28491.900390625 37710.3984375 7463.39990234375
"179" 28566.111328125 38214.1328125 7067.94677734375
"180" 28655.634765625 38707.5234375 7072.7705078125
"181" 28645.140625 39139.92578125 6769.20166015625
"182" 28872.169921875 37886.859375 7111.94580078125
"183" 28987.525390625 38301.33203125 7014.1162109375
"184" 29002.427734375 38662.93359375 6899.81884765625
"185" 28981.77734375 39185.03515625 6718.677734375
"186" 29323.55078125 38204.796875 7049.74951171875
"187" 29324.91796875 38616.44921875 6975.60107421875
"188" 29421.6953125 39017.01171875 6822.4169921875
"189" 24995.087890625 18946.2734375 11836.5078125
"190" 24978.392578125 17863.6171875 12540.568359375
"191" 24412.146484375 17470.759765625 13131.197265625
"192" 23731.5 18915 12593.599609375
"193" 23267.19921875 20367.400390625 12148.400390625
"194" 23303.65234375 21862.66796875 11679.396484375
"195" 23170.966796875 23037.31640625 11417.1015625
"196" 24973.900390625 18689.31640625 11099.310546875
"197" 24823.5 17394 11972.7998046875
"198" 24595.689453125 16894.998046875 12822.0400390625
"199" 23606.25 19240.544921875 12324.599609375
"200" 23192.94140625 20857.8046875 11430.130859375
"201" 22719.51171875 22206.087890625 11471.134765625
"202" 24746.169921875 18138.087890625 10737.3623046875
"203" 24774.375 17300.064453125 11652.1357421875
"204" 24675.283203125 16413.578125 12268.169921875
"205" 23622.591796875 18042.072265625 12142.6494140625
"206" 23109.3671875 20237.7421875 11380.681640625
"207" 22574.02734375 21579.732421875 10977.3447265625
"208" 22063.81640625 22723.74609375 10529.6494140625
"209" 24690.314453125 17481.876953125 10302.7998046875
"210" 24705.0078125 16498.8671875 11149.3388671875
"211" 24579 16230.099609375 11913.099609375
"212" 23344.365234375 18141.58984375 11674.1064453125
"213" 22825.6875 20365.087890625 10998.5048828125
"214" 22088.98046875 22156.439453125 10548.853515625
"215" 24432.69921875 16953.80078125 9885.2998046875
"216" 24433.5 16302 10569
"217" 24512.521484375 15691.6103515625 11428.64453125
"218" 23919.21875 17267.75 11402.6767578125
"219" 22968.91796875 19362.138671875 10974.35546875
"220" 22364.978515625 21156.09375 10529.421875
"221" 21574.4296875 22706.8828125 10399.9248046875
"222" 24357.900390625 16497 9418.76953125
"223" 24221.26171875 16063.2138671875 10044.365234375
"224" 24364.419921875 15093.947265625 10812.6494140625
"225" 24184.33203125 16123.416015625 10900.0400390625
"226" 22878.142578125 18128.546875 10984.08984375
"227" 22291.68359375 20452.486328125 10405.9267578125
"228" 21649.78125 22098.904296875 10392.7841796875
"229" 24042.814453125 15701.09765625 8952.3896484375
"230" 23860.44921875 14959.869140625 9778.4658203125
"231" 24234.98046875 13803.400390625 10362.892578125
"232" 23722.0078125 16086.455078125 10074.0986328125
"233" 22509.591796875 18397.169921875 10395.2822265625
"234" 21917.318359375 20505.0546875 10303.5205078125
"235" 21237.357421875 22090.181640625 10518.646484375
"236" 23272.9609375 14858.7451171875 8185.23974609375
"237" 23496.294921875 13959.0712890625 9167.6279296875
"238" 23958.6015625 13087.365234375 9672.8349609375
"239" 22897.00390625 15675.083984375 9302.54296875
"240" 21991.228515625 18766.5078125 9819.091796875
"241" 21334.35546875 21121.0859375 10142.4150390625
"242" 22603.876953125 13992.4716796875 7633.11669921875
"243" 22971.16796875 13077.310546875 8328.91796875
"244" 23404.701171875 12129.02734375 8907.7724609375
"245" 22340.326171875 13928.41015625 8694.123046875
"246" 21972.845703125 16335.9677734375 9187.9833984375
"247" 21409.814453125 18531.5 9509.6494140625
"248" 20713.4140625 21617.853515625 9828.5166015625
"249" 21950.392578125 12528.50390625 6980.58349609375
"250" 22403.447265625 11494.2548828125 7737.76123046875
"251" 22293.53515625 11150.7783203125 8251.3134765625
"252" 21730.197265625 13615.5810546875 8526.625
"253" 21214.53125 15499.94140625 8105.09228515625
"254" 20550.83984375 17497.861328125 8787.044921875
"255" 20067.25390625 19900.71484375 9306.0703125
"256" 21332.6953125 10973.02734375 6119.05126953125
"257" 21628.169921875 10153.8505859375 6918.751953125
"258" 21558.736328125 9919.849609375 7756.81787109375
"259" 20969.296875 11617.591796875 7564.5751953125
"260" 20604.77734375 13334.8291015625 7156.2021484375
"261" 20171.224609375 15102.3359375 7669.4521484375
"262" 19564.8046875 16398.732421875 8042.6689453125
"263" 20839.533203125 9705.0966796875 5435.53125
"264" 21250.5234375 8485.068359375 6848.22021484375
"265" 20882.978515625 9239.701171875 6750.4287109375
"266" 19997.48046875 10125.7236328125 6438.9716796875
"267" 19585.25390625 11166.6689453125 6213.48095703125
"268" 19164.1796875 11889.884765625 6418.3408203125
"269" 20087.59375 8144.54248046875 4444.1142578125
"270" 20440.697265625 7379.40185546875 5759.89453125
"271" 20460.181640625 7754.62451171875 5872.5546875
"272" 19679.26171875 8408.2802734375 5605.00537109375
"273" 18894.900390625 8502.3896484375 5440.490234375
"274" 18571.185546875 8753.23046875 5386.1357421875
"275" 19602.09375 6542.23486328125 4207.5390625
"276" 20335.544921875 6349.46533203125 5108.65087890625
"277" 18803.357421875 6969.74658203125 4641.0712890625
"278" 18237.02734375 6922.52685546875 4685.23193359375
"279" 17750.328125 6685.95849609375 4640.35205078125
"280" 18713.607421875 6281.912109375 3308.26049804688
"281" 19022.734375 5684.79736328125 4050.837890625
"282" 18315.794921875 6172.8505859375 4401.43994140625
"283" 17924.267578125 6069.67333984375 4439.13671875
"284" 17227.86328125 5828.52880859375 4380.3662109375
"285" 18291.001953125 5925.62646484375 2867.24389648438
"286" 18191.69140625 5331.15087890625 3881.31860351562
"287" 17716.90234375 5626.0517578125 4159.78173828125
"288" 17011.77734375 5558.28271484375 4237.791015625
"289" 17730.146484375 5574.61669921875 2716.79956054688
"290" 17646.640625 4830.69677734375 3584.46459960938
"291" 17271.5 5128.7998046875 3882.26000976562
"292" 16475.869140625 5392.80810546875 4270.900390625
"293" 17292.248046875 4990.19970703125 2694.87841796875
"294" 17179.5 4251 3283.93994140625
"295" 17179.5 4251 3283.93994140625
"296" 16398.69921875 5186.81005859375 4116.27978515625
"297" 17064.029296875 4153.6298828125 2969.87158203125
"298" 16633.599609375 3625.85009765625 3089.84008789062
"299" 6772.0595703125 18498.28515625 10609.4638671875
"300" 6961.39013671875 17510.30078125 11449.5
"301" 7016.10009765625 17667 11836.5
"302" 7504.2998046875 19015.900390625 11255.400390625
"303" 7806.083984375 20403.541015625 11006.513671875
"304" 8053.27392578125 22161.2265625 10555.447265625
"305" 6697.8984375 18450.92578125 9884.626953125
"306" 6973.25732421875 17140.875 10865.328125
"307" 7462.908203125 16897.427734375 11650.7861328125
"308" 7783.26708984375 18997.056640625 11002.4365234375
"309" 8214.0830078125 20628.853515625 10486.6533203125
"310" 8846.8515625 22342.896484375 10194.498046875
"311" 7073.52099609375 17958.236328125 9624.1953125
"312" 7187.96826171875 17074.8359375 10374.1923828125
"313" 7292.96240234375 16040.220703125 11316.2705078125
"314" 8200.896484375 17654.48828125 10976.640625
"315" 8316.1455078125 19695.98046875 10455.439453125
"316" 9011.4501953125 21411 10067.6533203125
"317" 9667.2177734375 22575.572265625 9844.0830078125
"318" 7031.72412109375 17438.29296875 9109.828125
"319" 7291.2890625 16112.8134765625 10260.7109375
"320" 7353.76220703125 15434.5830078125 10904.0615234375
"321" 7923.09619140625 16880.419921875 10746.0986328125
"322" 8515.4716796875 18909.865234375 10247.888671875
"323" 9171.5810546875 20644.205078125 9838.18359375
"324" 9845.0732421875 21691.578125 9802.267578125
"325" 7560.3291015625 16900.771484375 8971.978515625
"326" 7585.5 15855.599609375 9652.5
"327" 7596.41943359375 14884.779296875 10292.837890625
"328" 8550.8330078125 17181.84375 10044.0517578125
"329" 9302.8603515625 19057.90625 9673.5478515625
"330" 9964.26953125 20819.599609375 9689.4638671875
"331" 8253.669921875 15990 8248.5
"332" 8081.52392578125 14945.1552734375 9286.556640625
"333" 7816.904296875 14468.6923828125 9692.138671875
"334" 9423.1201171875 17634.61328125 9792.08984375
"335" 9804.8701171875 19205.0078125 9355.08984375
"336" 10466.515625 20916.052734375 9518.6884765625
"337" 8700.2177734375 14957.8154296875 7824.69775390625
"338" 8410.98828125 14169.16796875 8688.7177734375
"339" 8057.8984375 13945.6181640625 9136.01171875
"340" 9477.5478515625 16386.142578125 8889.1572265625
"341" 10401.0546875 18498.65234375 9119.1826171875
"342" 11114.052734375 20553.634765625 9147.2421875
"343" 9489.5849609375 14164.103515625 7138.60107421875
"344" 9155.962890625 13396.994140625 7985.681640625
"345" 8506.4697265625 12545.599609375 8451.4697265625
"346" 10319.2001953125 15914.2998046875 8526.1298828125
"347" 11402.91796875 18091 8572.5830078125
"348" 12102.66015625 20326.841796875 8966.18359375
"349" 10161.916015625 12859.5556640625 6681.0947265625
"350" 9844.5029296875 11659.5888671875 7573.1611328125
"351" 9185.244140625 10668.5830078125 7985.4443359375
"352" 10237.099609375 12713.5 8014.02001953125
"353" 11281.173828125 14852.427734375 7975.11962890625
"354" 11977.0439453125 16278.8701171875 7825.8857421875
"355" 12637.1298828125 17640.51953125 8119.09423828125
"356" 10627.1728515625 11257.046875 5959.8935546875
"357" 10336.0830078125 10245.4296875 6643.38671875
"358" 10124.2998046875 9126 7546.5
"359" 10957.25390625 10621.9404296875 7312.97314453125
"360" 12047.14453125 12824.0244140625 7000.5
"361" 12915.6748046875 13278.5869140625 7203.35498046875
"362" 13347.384765625 13630.1171875 7153.71337890625
"363" 11485.4248046875 9115.0625 4858.23193359375
"364" 11300.2216796875 7890.84814453125 6107.619140625
"365" 10986.5 7659.5 6602
"366" 11752.51953125 9431.7900390625 5982.2578125
"367" 12656.19140625 10367.2880859375 5995.455078125
"368" 13470.3564453125 10417.7841796875 5870.15625
"369" 12187.5 7644 4230.5498046875
"370" 12077.595703125 6895.33544921875 4927.07470703125
"371" 11517.177734375 6556.904296875 5704.91455078125
"372" 12973 7914.64990234375 4817.60009765625
"373" 13943.7900390625 7990.1923828125 4958.150390625
"374" 14551.9716796875 7323.86474609375 4732.705078125
"375" 13140.7041015625 6093.83447265625 3709.1689453125
"376" 12786.267578125 5639.20263671875 4001.068359375
"377" 12475.4951171875 5826.04052734375 4235.720703125
"378" 14367.802734375 6334.33056640625 4309.82666015625
"379" 14990.455078125 6023.79541015625 4315.7998046875
"380" 15614.1982421875 5649.3994140625 4171.07861328125
"381" 14307.4013671875 5707.32275390625 2739.310546875
"382" 14330.798828125 5046.6142578125 3477.63940429688
"383" 14617 5178.83984375 3660.1298828125
"384" 15085.4453125 5512.53857421875 3982.5498046875
"385" 15729.8515625 5513.62353515625 4127.27490234375
"386" 14839.5 5304 2597.46997070312
"387" 14937.1728515625 4537.39111328125 3230.38647460938
"388" 15731.970703125 4993.59521484375 3782.24340820312
"389" 15399.23828125 4349.2373046875 2513.93090820312
"390" 15395.5 3939.5 2958.18994140625
