"V1" "V2" "V3"
"1" 88.0869216918945 58.1793785095215 55.7724533081055
"2" 85.9352 57.2692 52.363
"3" 83.4206 56.5296 49.177
"4" 81.5142 55.352 45.7041
"5" 79.1069 54.3307 42.5136
"6" 77.2836 52.3661 39.4328
"7" 75.127 50.9295 36.2272
"8" 73.1653 49.4069 32.9582
"9" 71.468 47.5024 29.7097
"10" 69.7397 45.8471 26.3427
"11" 67.9144 44.3776 22.9366
"12" 66.2313 43.3275 19.3186
"13" 64.8382 42.261 15.5741
"14" 63.2205 41.4727 11.8622
"15" 61.3736 42.2842 8.3154
"16" 58.7235832214355 43.6958084106445 5.51386833190918
"17" 83.7468719482422 73.3820343017578 92.4147872924805
"18" 86.4803 72.9239 91.5297
"19" 89.1087 72.9029 92.7698
"20" 92.0011 73.0832 93.3024
"21" 94.8804 73.8665 92.7957
"22" 97.7275 74.4173 93.4106
"23" 98.8106 75.9666 95.4
"24" 97.8538 77.2425 97.8042
"25" 94.9253 77.1219 98.4885
"26" 92.1067 76.0635 98.1809
"27" 89.1702 75.8139 98.0629
"28" 86.1863 76.4239 98.0199
"29" 83.5239 75.7622 97.4455
"30" 82.6282 74.5494 94.9574
"31" 88.0869216918945 58.1793785095215 55.7724533081055
"32" 66.7498550415039 43.3282089233398 38.5981712341309
"33" 79.0483551025391 29.0749740600586 35.7543334960938
"34" 81.0101 29.945 37.1625
"35" 82.2864 31.6974 38.5759
"36" 83.2672 33.9178 39.4031
"37" 83.7054 36.3988 39.9904
"38" 83.5839 38.9691 39.8362
"39" 82.4518 41.1996 39.3675
"40" 81.2152 43.2081 38.3436
"41" 79.7747 44.5668 36.6949
"42" 78.0589 44.9524 34.8216
"43" 76.4149 44.5041 32.8781
"44" 75.0129 43.7426 30.8337
"45" 73.6602 42.5179 29.0025
"46" 72.6401 40.8803 27.3144
"47" 72.1275 38.8837 25.7423
"48" 72.0711 36.5995 24.5438
"49" 72.0345 34.1175 24.032
"50" 72.2934 31.6035 24.4816
"51" 72.5521 29.2984 25.3643
"52" 73.59 27.9765 27.3315
"53" 74.9127 27.4795 29.4889
"54" 76.1456 27.5733 31.7683
"55" 77.5803 28.1365 33.8279
"56" 75.7204971313477 52.0835456848145 60.362850189209
"57" 73.9498 51.2473 56.267
"58" 72.7485 49.3202 52.3433
"59" 71.1062 47.6763 48.4335
"60" 69.5225 46.2189 44.4172
"61" 67.6851 44.3116 40.7399
"62" 66.4231 43.0109 36.5791
"63" 64.6391 41.3364 32.751
"64" 62.3379 38.9002 29.8793
"65" 58.3754539489746 38.970947265625 30.2767581939697
"66" 75.7204971313477 52.0835456848145 60.362850189209
"67" 60.8257675170898 22.5905952453613 9.81217956542969
"68" 58.3754539489746 38.970947265625 30.2767581939697
"69" 60.8257675170898 22.5905952453613 9.81217956542969
"70" 61.4087 20.6181 14.9755
"71" 60.961 19.9194 20.7346
"72" 60.4232 21.72 26.267
"73" 60.2154 23.0409 31.9781
"74" 59.7888 23.0581 37.6853
"75" 59.3524 22.6095 43.2302
"76" 58.8266 22.1704 48.8743
"77" 59.287 20.7592 54.5723
"78" 59.012 18.4814 59.8105
"79" 58.5739 18.1221 65.5137
"80" 58.6942 16.7989 71.083
"81" 59.3616 13.7803 76.0239
"82" 59.322 11.7776 81.5451
"83" 59.5196 9.6107 87.0118
"84" 59.266 7.6456 92.5535
"85" 59.1987 6.2974 98.2442
"86" 58.5071 6.5556 104.0859
"87" 58.3799819946289 6.39592361450195 109.894966125488
"88" 55.5016288757324 50.3890075683594 107.143463134766
"89" 58.3799819946289 6.39592361450195 109.894966125488
"90" 58.7235832214355 43.6958084106445 5.51386833190918
"91" 24.0997982025146 50.233772277832 55.8042297363281
"92" 26.7929 52.2016 52.1903
"93" 29.7766 51.5618 48.3106
"94" 32.7746 50.7108 44.4689
"95" 35.9617 49.5451 40.8878
"96" 38.8898 48.1549 37.1918
"97" 41.7087 46.5188 33.4864
"98" 44.2093 45.0838 29.4683
"99" 46.9008 43.5022 25.6303
"100" 49.3025 42.2587 21.4946
"101" 51.3111 41.3426 17.0673
"102" 53.5313 40.7981 12.6781
"103" 55.5483 41.3436 8.3178
"104" 58.7235832214355 43.6958084106445 5.51386833190918
"105" 24.0997982025146 50.233772277832 55.8042297363281
"106" 48.8213424682617 41.8600997924805 38.2940292358398
"107" 40.2916297912598 25.4049224853516 34.0189170837402
"108" 38.1739 26.2409 35.5469
"109" 36.1942 27.3324 37.0565
"110" 34.6341 29.068 38.4115
"111" 33.7912 31.6467 38.7801
"112" 33.1568 34.2988 39.0657
"113" 32.9978 36.9946 39.1278
"114" 34.1239 38.9343 37.9898
"115" 35.9263 39.9962 36.2777
"116" 37.8408 40.6753 34.4376
"117" 39.7948 40.9136 32.5573
"118" 41.5934 40.6074 30.5299
"119" 43.1476 39.7091 28.4758
"120" 44.737 38.2574 26.7934
"121" 45.7698 36.0489 25.6046
"122" 46.3355 33.5363 24.7168
"123" 46.8707 30.8876 24.3478
"124" 47.2215 28.2818 24.5614
"125" 46.8813 25.956 25.751
"126" 45.5537 24.9876 27.7775
"127" 44.0216 24.9507 30.0407
"128" 42.1854 25.0981 32.0596
"129" 37.2332077026367 47.9994659423828 59.7643966674805
"130" 39.7654 48.0085 56.0168
"131" 42.9529 47.1699 52.8913
"132" 45.0701 45.5383 49.2405
"133" 46.4475 44.026 45.1546
"134" 47.4334 42.7551 40.8645
"135" 49.1183 41.6815 36.753
"136" 51.4431 40.6326 32.9601
"137" 54.2065 38.6954 30.0084
"138" 58.3754539489746 38.970947265625 30.2767581939697
"139" 37.2332077026367 47.9994659423828 59.7643966674805
"140" 84.0900039672852 74.5064010620117 92.8578109741211
"141" 84.0630569458008 74.9260330200195 94.0254287719727
"142" 84.2023849487305 75.2613372802734 95.1190948486328
"143" 84.4443588256836 75.7098846435547 96.1110153198242
"144" 84.8731002807617 76.2151031494141 97.4160995483398
"145" 85.4203796386719 74.61083984375 92.5960159301758
"146" 85.4262924194336 75.0165481567383 93.8610076904297
"147" 85.619010925293 75.2771606445312 94.9750747680664
"148" 85.8957977294922 75.6697998046875 95.9844970703125
"149" 86.6790237426758 76.11279296875 96.896858215332
"150" 86.8165740966797 74.6651840209961 92.7604370117188
"151" 87.0032043457031 74.9831161499023 94.0416488647461
"152" 86.8651504516602 75.1822357177734 94.8208160400391
"153" 87.4243011474609 75.7521286010742 96.6363220214844
"154" 87.9002227783203 76.0926208496094 97.4415283203125
"155" 88.0773315429688 74.7475891113281 92.8860092163086
"156" 88.2756118774414 74.778076171875 94.32080078125
"157" 89.0009994506836 75.6336975097656 94.0828018188477
"158" 88.6512985229492 75.3008575439453 96.5185852050781
"159" 89.1547470092773 75.6188583374023 97.5302581787109
"160" 89.4693222045898 74.0976791381836 93.68603515625
"161" 89.8017730712891 74.5503692626953 94.6999053955078
"162" 90.1074676513672 74.7052993774414 95.2183990478516
"163" 90.7023696899414 75.0763854980469 96.4600830078125
"164" 91.1107025146484 75.6036987304688 97.5054016113281
"165" 90.8071670532227 74.0667343139648 94.1392593383789
"166" 91.2843856811523 74.6542739868164 95.0322570800781
"167" 91.6751556396484 74.9150238037109 95.4723663330078
"168" 92.1505279541016 75.5493469238281 96.7348251342773
"169" 92.2835311889648 75.9236145019531 97.6011962890625
"170" 92.5477828979492 74.3888168334961 93.9335708618164
"171" 92.7802505493164 75.0360107421875 95.0758743286133
"172" 92.9797897338867 75.5677185058594 96.1669845581055
"173" 93.0257720947266 76.1751708984375 97.5269622802734
"174" 93.9374618530273 74.8361282348633 93.6968536376953
"175" 93.8931579589844 75.2286148071289 94.673095703125
"176" 94.0812683105469 75.6380386352539 95.6510391235352
"177" 94.0919647216797 76.380241394043 97.2294158935547
"178" 95.1963500976562 75.0518569946289 93.2290802001953
"179" 95.1459274291992 75.6769790649414 94.5271606445312
"180" 95.1400909423828 76.1017684936523 95.8780288696289
"181" 95.1468887329102 76.8355331420898 97.1672134399414
"182" 96.282096862793 75.4424591064453 93.6200408935547
"183" 96.3432235717773 76.0189056396484 94.7327423095703
"184" 96.2385101318359 76.413932800293 95.8296127319336
"185" 96.0568313598633 77.1302185058594 97.2223968505859
"186" 97.5002288818359 76.0048980712891 94.6129531860352
"187" 97.3218688964844 76.5174102783203 95.6980895996094
"188" 97.4925231933594 77.0452346801758 96.8345947265625
"189" 84.4790267944336 55.9963874816895 51.337085723877
"190" 82.7353973388672 54.7981224060059 49.0441513061523
"191" 80.1667022705078 53.2860984802246 45.635799407959
"192" 78.0931243896484 50.7232971191406 49.011791229248
"193" 78.1140518188477 51.1963996887207 51.9719352722168
"194" 77.5729827880859 51.4684562683105 54.7109680175781
"195" 76.8185729980469 51.9007835388184 57.1367340087891
"196" 82.4288024902344 55.7358016967773 48.1939010620117
"197" 80.2282562255859 55.0227241516113 44.7071075439453
"198" 78.2179870605469 52.4533424377441 42.4732513427734
"199" 75.9300003051758 53.5943984985352 46.1838989257812
"200" 75.8633041381836 50.446174621582 50.4041137695312
"201" 75.0697784423828 50.6510009765625 52.2610321044922
"202" 79.7640914916992 54.9245071411133 44.0748901367188
"203" 78.2048034667969 53.3973770141602 42.0286026000977
"204" 73.5587997436523 51.7914009094238 39.9108009338379
"205" 74.4887008666992 52.3140983581543 41.9627990722656
"206" 74.7142486572266 49.5727005004883 46.5510864257812
"207" 74.3183975219727 49.701000213623 49.1175003051758
"208" 73.7731781005859 49.7651596069336 50.5423851013184
"209" 77.2375640869141 52.9917411804199 40.4177017211914
"210" 75.6063003540039 51.7491989135742 37.8316993713379
"211" 72.041015625 50.2848930358887 37.4745178222656
"212" 73.2630996704102 47.9924011230469 40.7661018371582
"213" 73.7039413452148 48.7935943603516 44.5852470397949
"214" 73.2679290771484 48.8231735229492 47.6522254943848
"215" 75.7588729858398 51.769359588623 38.0502624511719
"216" 74.3536605834961 50.102352142334 35.7346153259277
"217" 71.1862030029297 49.3456001281738 35.9226989746094
"218" 71.9888000488281 46.6971015930176 37.3576011657715
"219" 72.3536987304688 47.5793991088867 40.9014015197754
"220" 72.4997787475586 48.1614189147949 43.8170280456543
"221" 71.5199966430664 47.7779998779297 46.4841003417969
"222" 74.2253189086914 49.9035491943359 35.571117401123
"223" 73.1481246948242 48.5793914794922 33.8997421264648
"224" 71.8121109008789 46.9782943725586 31.7472801208496
"225" 70.4740905761719 45.1276969909668 33.6472053527832
"226" 71.0382080078125 46.1680030822754 37.0696220397949
"227" 71.1133193969727 46.7517433166504 40.3813705444336
"228" 71.117546081543 47.0481224060059 43.3915214538574
"229" 72.5066833496094 47.884521484375 32.8007164001465
"230" 71.0096893310547 45.7939262390137 30.9517707824707
"231" 71.0781021118164 43.5722007751465 29.1898002624512
"232" 69.2538070678711 44.1114120483398 31.8300399780273
"233" 70.0402374267578 45.044792175293 35.6993064880371
"234" 70.0196151733398 45.6353759765625 38.9289588928223
"235" 69.5654220581055 45.7883949279785 41.5157279968262
"236" 70.8631820678711 45.8351097106934 30.4723682403564
"237" 69.8845138549805 43.6573295593262 28.8163814544678
"238" 72.1177368164062 40.4012413024902 27.5624752044678
"239" 69.3695373535156 42.0932807922363 30.5757751464844
"240" 69.2150268554688 44.4381523132324 35.188663482666
"241" 69.1683807373047 44.9045219421387 38.2779884338379
"242" 68.1076965332031 45.4804000854492 29.0610008239746
"243" 68.5576019287109 42.4546127319336 27.4141387939453
"244" 67.8418884277344 39.5137176513672 26.299877166748
"245" 69.6041030883789 40.9982986450195 27.8593997955322
"246" 68.0912094116211 43.1021003723145 31.0840072631836
"247" 68.1798248291016 43.5466575622559 34.1548728942871
"248" 68.3375549316406 44.2326431274414 37.5836410522461
"249" 68.0912933349609 43.4188003540039 25.6591529846191
"250" 67.5274047851562 39.3353538513184 25.0233268737793
"251" 68.0052490234375 38.8605308532715 24.5216541290283
"252" 67.4214019775391 39.9482002258301 27.6772994995117
"253" 67.2045364379883 42.5357818603516 30.2001342773438
"254" 66.9552459716797 42.6946029663086 33.0732650756836
"255" 66.2931976318359 42.8783569335938 35.9057502746582
"256" 66.7602920532227 42.3742637634277 23.0832042694092
"257" 66.3563003540039 39.7708015441895 23.0303001403809
"258" 66.8382720947266 38.5179824829102 22.8700675964355
"259" 66.9335784912109 39.4094161987305 25.5994205474854
"260" 66.1463317871094 41.3545341491699 28.0745506286621
"261" 66.143669128418 41.8147506713867 30.81662940979
"262" 66.0802536010742 42.2388076782227 32.6924476623535
"263" 65.8069000244141 41.5494918823242 21.0608768463135
"264" 65.6958999633789 37.4239158630371 20.9349346160889
"265" 65.97216796875 37.9565849304199 22.4672107696533
"266" 64.7256011962891 39.6297569274902 24.6548271179199
"267" 65.0791625976562 40.4112434387207 27.2015552520752
"268" 64.2031021118164 40.2873992919922 29.4799995422363
"269" 64.5640029907227 40.6985015869141 18.0711002349854
"270" 63.9982986450195 37.0895004272461 19.1266994476318
"271" 64.8084335327148 36.7696189880371 20.6954669952393
"272" 64.0103378295898 38.3108444213867 22.6107730865479
"273" 64.1360778808594 39.0680541992188 24.6036987304688
"274" 62.7004623413086 39.5569610595703 27.2798480987549
"275" 63.1801795959473 39.0509376525879 15.8673305511475
"276" 63.7685012817383 36.3652000427246 18.1133003234863
"277" 63.6857719421387 37.075325012207 20.8382682800293
"278" 61.0702018737793 40.5349006652832 22.9904003143311
"279" 61.6707077026367 38.8152275085449 26.6104888916016
"280" 62.8047027587891 40.2129821777344 13.5390691757202
"281" 63.3429183959961 37.6354675292969 15.7203798294067
"282" 63.2024955749512 37.2056846618652 18.1470317840576
"283" 61.4222984313965 38.1076011657715 20.042200088501
"284" 60.0594749450684 37.6913757324219 24.6121406555176
"285" 62.6832122802734 40.7017974853516 12.634391784668
"286" 62.2274208068848 37.7389984130859 14.5950574874878
"287" 62.5799942016602 36.1044120788574 16.8403053283691
"288" 60.3449478149414 36.4097709655762 19.2670764923096
"289" 61.4529342651367 40.2854309082031 10.8854131698608
"290" 61.2627563476562 37.8169822692871 12.5599412918091
"291" 61.4225692749023 34.6319198608398 15.0790309906006
"292" 59.4441375732422 34.4269142150879 18.4116916656494
"293" 60.7686614990234 40.7502326965332 9.52489852905273
"294" 60.2749214172363 37.7775650024414 10.5822105407715
"295" 60.1346435546875 34.853214263916 12.6602897644043
"296" 60.378345489502 33.4589042663574 14.0047578811646
"297" 59.400032043457 40.1647911071777 8.94417572021484
"298" 59.7927398681641 36.3809471130371 10.5065269470215
"299" 28.4976005554199 49.1389617919922 52.5238494873047
"300" 30.4628715515137 48.8264274597168 49.8302268981934
"301" 33.0994262695312 47.5897903442383 48.8981018066406
"302" 34.4052963256836 47.3972663879395 50.975471496582
"303" 35.0937995910645 47.6372833251953 53.1464424133301
"304" 36.7893028259277 48.1937065124512 55.9797821044922
"305" 29.2656288146973 50.5015029907227 49.8991546630859
"306" 32.7493057250977 48.7345695495605 46.6896362304688
"307" 35.0679016113281 47.2793998718262 45.1408004760742
"308" 36.8805999755859 46.969799041748 48.4012985229492
"309" 37.8613815307617 47.3787727355957 50.8958168029785
"310" 39.4920043945312 47.6554336547852 53.1256523132324
"311" 32.0491218566895 50.2988967895508 46.1789703369141
"312" 34.4897613525391 49.2187995910645 43.5204811096191
"313" 39.7252998352051 49.3261985778809 41.3951988220215
"314" 38.2927017211914 49.7456016540527 43.8033981323242
"315" 39.3334007263184 46.6290016174316 47.2384986877441
"316" 40.5505981445312 46.7000999450684 49.5363998413086
"317" 41.3800010681152 46.4925994873047 50.5145988464355
"318" 35.0119018554688 50.0190010070801 42.3639984130859
"319" 40.4936981201172 49.1512985229492 39.8116989135742
"320" 42.1198425292969 48.2390174865723 37.2084617614746
"321" 41.9524993896484 48.0744018554688 38.6669006347656
"322" 41.1365013122559 45.8791007995605 43.7471008300781
"323" 42.1404991149902 45.469799041748 45.7849006652832
"324" 43.840404510498 44.8595771789551 46.4043846130371
"325" 37.0931015014648 48.9903984069824 39.8488006591797
"326" 41.8311004638672 48.2304000854492 38.3138008117676
"327" 44.5449981689453 46.5041007995605 34.0097007751465
"328" 44.0647735595703 43.9716148376465 37.923225402832
"329" 43.7889213562012 44.452766418457 40.3854179382324
"330" 44.57421875 44.1766548156738 43.038948059082
"331" 42.494945526123 48.0561981201172 36.8904228210449
"332" 45.0959014892578 45.8902015686035 33.3069000244141
"333" 45.6975021362305 42.6748428344727 32.3783111572266
"334" 44.984001159668 43.4692001342773 36.9390983581543
"335" 44.92919921875 43.6292991638184 38.4553985595703
"336" 45.789234161377 43.4475593566895 40.9059715270996
"337" 45.0959014892578 45.8902015686035 33.3069000244141
"338" 45.2331390380859 42.9602012634277 31.0220699310303
"339" 46.9741287231445 41.4082145690918 30.9957656860352
"340" 46.8486366271973 42.3270301818848 33.5046005249023
"341" 46.3217277526855 42.6671295166016 36.1725311279297
"342" 46.493221282959 42.8779945373535 38.4899978637695
"343" 46.7995986938477 44.5497016906738 30.8813991546631
"344" 46.5951347351074 42.2085113525391 29.2957210540771
"345" 47.5497779846191 40.0190544128418 28.1004066467285
"346" 47.5646896362305 41.8183708190918 31.8071670532227
"347" 47.3818664550781 42.0452461242676 34.2970123291016
"348" 47.7328453063965 42.102165222168 36.4447479248047
"349" 46.8321647644043 42.4616165161133 27.5566997528076
"350" 48.1995315551758 40.1046371459961 26.6599826812744
"351" 48.603199005127 38.282398223877 25.8673000335693
"352" 47.9622001647949 39.6912002563477 27.4801006317139
"353" 48.6093101501465 41.1136932373047 29.9895057678223
"354" 48.7566070556641 41.2462921142578 31.8067626953125
"355" 49.1304321289062 41.2281913757324 33.2884979248047
"356" 48.6113471984863 41.7546043395996 24.9561061859131
"357" 49.956901550293 39.2566986083984 24.2012004852295
"358" 49.8413429260254 35.8880767822266 23.4261493682861
"359" 49.9202270507812 37.5005264282227 24.9473781585693
"360" 50.1440734863281 40.1500968933105 27.6573791503906
"361" 50.5369453430176 40.286304473877 29.2987308502197
"362" 51.2123222351074 40.2076606750488 30.7077465057373
"363" 51.0692939758301 39.9406700134277 21.1328010559082
"364" 51.5781326293945 36.2670288085938 20.8929767608643
"365" 51.4906349182129 36.267936706543 21.0165100097656
"366" 51.4732818603516 36.994945526123 23.4830055236816
"367" 51.8164710998535 39.2751884460449 25.2317962646484
"368" 52.5490837097168 39.1926765441895 27.5921001434326
"369" 52.2644958496094 39.6230239868164 18.2979736328125
"370" 53.5691337585449 37.4378128051758 18.7199382781982
"371" 52.4668769836426 35.4265251159668 19.32985496521
"372" 53.1679649353027 37.7877159118652 22.0598201751709
"373" 53.1891555786133 38.12890625 23.3928756713867
"374" 55.0231018066406 38.5917015075684 25.9081001281738
"375" 54.047924041748 38.5617561340332 15.1242370605469
"376" 54.4469413757324 36.5526885986328 16.2559127807617
"377" 53.693000793457 36.3165016174316 17.1798000335693
"378" 55.6130523681641 37.5438385009766 19.8736400604248
"379" 56.1000823974609 37.9839706420898 20.0468502044678
"380" 57.6078987121582 37.3311004638672 24.19580078125
"381" 54.7061309814453 39.6648826599121 12.5389966964722
"382" 55.4131698608398 37.6416702270508 13.8523807525635
"383" 55.8878898620605 35.3895530700684 15.3860845565796
"384" 58.0794677734375 35.6831588745117 18.6800003051758
"385" 58.5355224609375 35.1627426147461 18.8866729736328
"386" 55.7218589782715 39.6754722595215 10.8857316970825
"387" 56.5620956420898 37.3995475769043 12.3253908157349
"388" 57.2743682861328 33.9329032897949 14.6104106903076
"389" 57.1417617797852 40.1389389038086 9.34757709503174
"390" 58.0724182128906 35.6490783691406 11.2598085403442
