"V1" "V2" "V3"
"1" 17.5903434753418 30.96022605896 12.7712574005127
"2" 18.058 31.2415 11.9364
"3" 18.2569 31.685 11.0676
"4" 18.3935 32.1647 10.2092
"5" 18.6155 32.631 9.3571
"6" 18.6954 33.1248 8.4941
"7" 18.8287 33.6698 7.6653
"8" 18.8823 34.261 6.8584
"9" 18.8541 34.8642 6.0641
"10" 18.873 35.525 5.312
"11" 18.8786 36.2246 4.5959
"12" 18.7923 36.9566 3.9168
"13" 18.6067 37.7397 3.3289
"14" 18.2666 38.5401 2.8596
"15" 17.8904 39.3894 2.5294
"16" 17.679162979126 40.3454856872559 2.42814636230469
"17" 20.2951622009277 31.2867336273193 24.5630779266357
"18" 20.0504 30.7247 24.2913
"19" 19.7454 30.1318 24.3877
"20" 19.6873 29.4528 24.373
"21" 19.7279 28.8251 24.1112
"22" 19.8518 28.228 23.8555
"23" 20.1134 27.8708 24.3387
"24" 20.3711 27.8791 24.9601
"25" 20.554 28.2875 25.4415
"26" 20.6135 28.9601 25.5099
"27" 20.7055 29.6285 25.58
"28" 20.9344 30.2659 25.6802
"29" 20.9713 30.9122 25.5486
"30" 20.7027 31.2995 25.1148
"31" 17.5903434753418 30.96022605896 12.7712574005127
"32" 18.2445087432861 37.3914184570312 10.186731338501
"33" 12.2936019897461 37.5787925720215 5.9242639541626
"34" 11.705 37.5336 6.816
"35" 11.2413 37.5932 7.7751
"36" 10.8421 37.5609 8.7651
"37" 10.5998 36.9813 9.5955
"38" 10.4313 36.3681 10.4552
"39" 10.3128 35.6341 11.2247
"40" 10.3576 34.8115 11.8963
"41" 10.75 33.9262 12.2956
"42" 11.5344 33.2412 12.2035
"43" 12.4138 32.7234 11.8998
"44" 13.3745 32.423 11.5549
"45" 14.3234 32.2822 11.0795
"46" 15.1717 32.4544 10.4777
"47" 15.8649 32.8338 9.7539
"48" 16.3929 33.2829 8.9402
"49" 16.6947 33.7923 8.0588
"50" 16.6954 34.4496 7.2202
"51" 16.3853 35.1458 6.4815
"52" 15.8183 35.8608 5.9262
"53" 15.1103 36.5431 5.5084
"54" 14.2707 37.1685 5.3472
"55" 13.2744 37.4327 5.5181
"56" 17.9065132141113 34.1090621948242 15.4413547515869
"57" 17.8688 35.342 14.8304
"58" 17.7618 36.2342 13.7599
"59" 17.847 36.7996 12.4717
"60" 18.0952 37.3206 11.1916
"61" 18.3415 37.4141 9.8041
"62" 18.5243 37.6902 8.4342
"63" 18.2832 38.2032 7.1707
"64" 17.7701 38.8724 6.1176
"65" 17.4329833984375 40.1458168029785 5.71672058105469
"66" 17.9065132141113 34.1090621948242 15.4413547515869
"67" 12.8606262207031 40.9614067077637 3.85379886627197
"68" 17.4329833984375 40.1458168029785 5.71672058105469
"69" 12.8606262207031 40.9614067077637 3.85379886627197
"70" 12.0618 40.9365 5.2934
"71" 11.5744 40.8239 6.8664
"72" 11.1787 40.6253 8.4486
"73" 10.7961 40.496 10.0549
"74" 10.3712 40.3564 11.649
"75" 10.0045 40.242 13.2604
"76" 9.6788 40.0653 14.8766
"77" 9.3458 39.9255 16.4951
"78" 8.9989 39.8578 18.1147
"79" 8.7417 39.7096 19.7338
"80" 8.4645 39.5451 21.3533
"81" 8.2807 39.4805 22.9996
"82" 8.0481 39.5253 24.6384
"83" 7.7659 39.4281 26.2696
"84" 7.4805 39.2666 27.8946
"85" 7.2302 39.0611 29.521
"86" 7.0628 38.8499 31.154
"87" 7.22326612472534 38.6140899658203 32.78271484375
"88" 17.5477485656738 37.5006256103516 34.6550064086914
"89" 7.22326612472534 38.6140899658203 32.78271484375
"90" 17.679162979126 40.3454856872559 2.42814636230469
"91" 19.4302806854248 47.3555221557617 14.7092018127441
"92" 20.0477 47.0536 13.8058
"93" 20.1828 46.6617 12.6863
"94" 20.3407 46.3323 11.5513
"95" 20.3972 45.93 10.4266
"96" 20.3473 45.4806 9.3201
"97" 20.2924 45.0086 8.2234
"98" 20.1343 44.4973 7.1549
"99" 20.0107 43.9553 6.1217
"100" 19.5642 43.3719 5.1892
"101" 19.4169 42.7529 4.2421
"102" 18.8524 42.0774 3.4397
"103" 18.2493 41.3153 2.7862
"104" 17.679162979126 40.3454856872559 2.42814636230469
"105" 19.4302806854248 47.3555221557617 14.7092018127441
"106" 18.643159866333 41.4202041625977 10.8563613891602
"107" 13.2594566345215 43.5953025817871 6.43119668960571
"108" 12.5759 43.6042 7.2695
"109" 12.0658 43.5665 8.2209
"110" 11.7332 43.4439 9.2414
"111" 11.5486 43.7755 10.2465
"112" 11.49 44.3173 11.181
"113" 11.6028 45.0246 11.9871
"114" 11.8963 45.7112 12.7712
"115" 12.5211 46.3621 13.2986
"116" 13.4831 46.8279 13.2359
"117" 14.5117 47.0478 12.9859
"118" 15.5334 47.119 12.6525
"119" 16.5045 47.0688 12.1908
"120" 17.124 46.6952 11.3941
"121" 17.5844 46.2625 10.5218
"122" 17.8172 45.8444 9.552
"123" 17.8266 45.4391 8.5585
"124" 17.5235 44.9881 7.6262
"125" 17.0055 44.5203 6.8002
"126" 16.2812 44.1183 6.1192
"127" 15.2997 43.7465 5.8726
"128" 14.2635 43.6089 6.0239
"129" 19.2025451660156 43.7060852050781 16.3400135040283
"130" 18.8409 42.5725 15.694
"131" 18.4929 41.9776 14.5175
"132" 18.4851 41.59 13.193
"133" 18.5924 41.415 11.825
"134" 18.8274 41.255 10.4837
"135" 18.9297 41.1791 9.1071
"136" 18.5492 41.0811 7.8328
"137" 18.0141 40.8823 6.587
"138" 17.4329833984375 40.1458168029785 5.71672058105469
"139" 19.2025451660156 43.7060852050781 16.3400135040283
"140" 20.4626007080078 30.9641990661621 24.7187995910645
"141" 20.4626007080078 30.9641990661621 24.7187995910645
"142" 20.5864715576172 31.0061130523682 24.9425773620605
"143" 20.9422874450684 30.8383007049561 25.4509410858154
"144" 21.0265731811523 30.5514793395996 25.6054553985596
"145" 20.3367385864258 30.7884693145752 24.5837478637695
"146" 20.3896999359131 30.7784996032715 24.672700881958
"147" 20.4384860992432 30.7369976043701 24.7973194122314
"148" 20.9591007232666 30.3939990997314 25.5503997802734
"149" 20.9472332000732 30.3248825073242 25.5694026947021
"150" 20.234790802002 30.4989967346191 24.580810546875
"151" 20.2045001983643 30.4563007354736 24.5410995483398
"152" 20.5435009002686 29.3278999328613 24.3560009002686
"153" 20.8336963653564 30.1820507049561 25.5290050506592
"154" 20.7485008239746 29.8313007354736 25.551700592041
"155" 20.1262893676758 30.2487869262695 24.5784015655518
"156" 20.5435009002686 29.3278999328613 24.3560009002686
"157" 20.5435009002686 29.3278999328613 24.3560009002686
"158" 20.5435009002686 29.3278999328613 24.3560009002686
"159" 20.7070007324219 29.7026996612549 25.5499992370605
"160" 20.0045127868652 29.9203243255615 24.6323223114014
"161" 20.5435009002686 29.3278999328613 24.3560009002686
"162" 20.5435009002686 29.3278999328613 24.3560009002686
"163" 20.5548000335693 29.2649002075195 24.3560009002686
"164" 20.6278381347656 28.967357635498 25.4258995056152
"165" 19.9617462158203 29.6023330688477 24.6540088653564
"166" 20.5302314758301 29.2973937988281 24.3195667266846
"167" 20.5530872344971 29.274450302124 24.3560009002686
"168" 20.5548000335693 29.2649002075195 24.3560009002686
"169" 20.6467990875244 28.887300491333 25.4179000854492
"170" 19.9579811096191 29.2137413024902 24.5035285949707
"171" 20.1461906433105 29.0919609069824 24.744514465332
"172" 20.5548000335693 29.2649002075195 24.3560009002686
"173" 20.6467990875244 28.887300491333 25.4179000854492
"174" 20.0241050720215 28.9243927001953 24.3513793945312
"175" 20.151388168335 28.8794250488281 24.5672740936279
"176" 20.2848968505859 28.778076171875 24.768196105957
"177" 20.4681816101074 28.6937503814697 25.138463973999
"178" 20.0042667388916 28.6642684936523 24.1628170013428
"179" 20.1982650756836 28.6104068756104 24.4476356506348
"180" 20.350004196167 28.5373935699463 24.7447872161865
"181" 20.5051021575928 28.4390029907227 25.0850086212158
"182" 20.0820999145508 28.4157333374023 24.1541786193848
"183" 20.2342700958252 28.3440647125244 24.4067249298096
"184" 20.3520030975342 28.3107452392578 24.664644241333
"185" 20.5058307647705 28.2567672729492 25.03830909729
"186" 20.1763572692871 28.1155033111572 24.2974395751953
"187" 20.3209457397461 28.1048583984375 24.5584392547607
"188" 20.4103908538818 28.0121479034424 24.840051651001
"189" 17.166877746582 31.6906967163086 12.3571071624756
"190" 16.7009906768799 32.184886932373 12.3030242919922
"191" 16.7391319274902 32.8208122253418 12.2411775588989
"192" 16.8267154693604 33.0304641723633 12.7866277694702
"193" 17.1419639587402 33.4303779602051 13.4132471084595
"194" 17.5579299926758 33.7729454040527 14.0411739349365
"195" 17.7967834472656 34.0987701416016 14.6609163284302
"196" 17.5590000152588 31.8106994628906 11.8318004608154
"197" 16.9697132110596 32.3884887695312 11.6056137084961
"198" 16.8438816070557 32.9844245910645 11.7040710449219
"199" 17.2196254730225 33.4604949951172 12.4014186859131
"200" 17.6275062561035 34.0646018981934 13.1551828384399
"201" 17.7704010009766 34.6622695922852 13.7583141326904
"202" 17.6501064300537 32.1179733276367 11.3086977005005
"203" 17.2841415405273 33.669017791748 11.718523979187
"204" 17.071704864502 33.4351501464844 11.2855987548828
"205" 17.2362518310547 33.6323471069336 11.5718402862549
"206" 17.6501350402832 34.3709869384766 12.4353542327881
"207" 17.7639312744141 34.8841133117676 13.0503425598145
"208" 17.7819576263428 35.4258613586426 13.5644626617432
"209" 17.9365997314453 32.5051002502441 10.3843002319336
"210" 17.44069480896 34.0374336242676 10.9831085205078
"211" 17.2256660461426 33.7320251464844 10.7489528656006
"212" 17.5227909088135 34.1532745361328 11.20827293396
"213" 17.7060451507568 34.8627281188965 12.0693655014038
"214" 17.7737083435059 35.3695983886719 12.939905166626
"215" 18.132884979248 32.6717185974121 9.95165252685547
"216" 17.5294036865234 34.2946395874023 10.5145301818848
"217" 17.3268661499023 33.9868316650391 10.1380233764648
"218" 17.5203514099121 34.2929573059082 10.4257345199585
"219" 17.7102718353271 34.9330558776855 11.2439527511597
"220" 17.7454013824463 35.3905792236328 11.8956422805786
"221" 17.7416114807129 36.0578956604004 12.5551071166992
"222" 18.3811149597168 32.9661979675293 9.22527694702148
"223" 17.6500473022461 34.6773986816406 9.88383960723877
"224" 17.4308395385742 34.1502113342285 9.38522338867188
"225" 17.630973815918 34.7126693725586 9.68355751037598
"226" 17.7432308197021 35.0576362609863 10.320782661438
"227" 17.7855033874512 35.5584983825684 11.0504894256592
"228" 17.7797622680664 35.9990005493164 12.0517072677612
"229" 18.2573947906494 33.5978012084961 8.45480442047119
"230" 17.7043132781982 35.1090621948242 9.08766937255859
"231" 17.5712013244629 34.7559013366699 8.67501831054688
"232" 17.6710777282715 35.0048484802246 9.09709072113037
"233" 17.8121814727783 35.6254577636719 9.86905765533447
"234" 17.7892246246338 35.6213989257812 10.675479888916
"235" 17.8899993896484 36.7541999816895 11.2653999328613
"236" 18.3911113739014 33.9833145141602 7.80827903747559
"237" 17.7165966033936 35.4410743713379 8.43371486663818
"238" 17.6593322753906 35.2181854248047 8.09716987609863
"239" 17.7175540924072 35.400276184082 8.55286693572998
"240" 17.8332252502441 35.7659645080566 9.61042499542236
"241" 17.8950634002686 36.3306541442871 10.2585000991821
"242" 18.5659008026123 34.4374008178711 6.99997997283936
"243" 17.7941989898682 35.8731002807617 7.78479623794556
"244" 17.7573986053467 35.6068229675293 7.46807241439819
"245" 17.728853225708 35.5623168945312 7.74329519271851
"246" 17.7875003814697 35.8101997375488 8.24452972412109
"247" 17.9625358581543 36.3765983581543 9.08473110198975
"248" 18.1877994537354 37.0695991516113 9.81342029571533
"249" 17.9426002502441 36.3646011352539 7.1746301651001
"250" 17.9575462341309 36.4211387634277 7.12711954116821
"251" 17.7767429351807 35.9566421508789 6.73976945877075
"252" 17.898775100708 36.261646270752 7.2970232963562
"253" 18.1929798126221 36.8107414245605 7.7007794380188
"254" 18.3362998962402 37.0689010620117 8.24452972412109
"255" 18.4747333526611 37.5093994140625 9.05762386322021
"256" 18.1797122955322 37.0337791442871 6.38983201980591
"257" 18.1371307373047 36.9292678833008 6.40604114532471
"258" 17.8389682769775 36.4174461364746 6.12534427642822
"259" 17.9805526733398 36.5815353393555 6.42398452758789
"260" 18.2770042419434 37.0846405029297 6.78126430511475
"261" 18.3982906341553 37.2753791809082 7.40868139266968
"262" 18.4637832641602 37.4600830078125 7.79038667678833
"263" 18.1581001281738 37.2577018737793 6.04179000854492
"264" 17.7575969696045 36.9040184020996 5.70707893371582
"265" 17.8748512268066 36.9007759094238 5.42006206512451
"266" 18.0775737762451 37.4101867675781 5.70927047729492
"267" 18.2073516845703 37.6940155029297 6.22507238388062
"268" 18.2220573425293 37.9443778991699 6.59960794448853
"269" 17.978063583374 37.6919708251953 5.35556793212891
"270" 17.8118495941162 37.6384429931641 5.29494762420654
"271" 17.8126621246338 37.589771270752 4.9462947845459
"272" 17.8428726196289 37.7076225280762 5.02108860015869
"273" 17.9091053009033 38.1635322570801 5.36490535736084
"274" 17.9193000793457 38.5792999267578 5.72710990905762
"275" 17.7532215118408 38.2143058776855 4.85386419296265
"276" 17.7029342651367 38.0205001831055 4.64752149581909
"277" 17.7034492492676 38.0199356079102 4.65115642547607
"278" 17.7693176269531 38.8106269836426 5.02072763442993
"279" 17.5310001373291 39.5862998962402 5.28657007217407
"280" 17.6628665924072 38.5792999267578 4.4945068359375
"281" 17.5802402496338 38.3330917358398 4.14056825637817
"282" 17.5375289916992 38.5420341491699 4.14104175567627
"283" 17.5907573699951 39.054313659668 4.45387029647827
"284" 17.5330677032471 39.5720748901367 4.98753547668457
"285" 18.4386234283447 38.2677917480469 3.07945203781128
"286" 17.3654174804688 38.7840995788574 3.75208950042725
"287" 17.2635478973389 39.3829574584961 3.91473531723022
"288" 17.242280960083 39.8600807189941 4.07702207565308
"289" 18.0673999786377 39.0861015319824 2.70865988731384
"290" 17.3474826812744 39.7702941894531 4.25005769729614
"291" 17.1769371032715 40.051441192627 4.04037427902222
"292" 17.0023994445801 40.2622184753418 3.77653741836548
"293" 17.1891994476318 39.9010009765625 3.9503800868988
"294" 16.9876575469971 39.7207145690918 3.13873267173767
"295" 17.0468006134033 40.2256202697754 3.86209273338318
"296" 17.100435256958 40.2919654846191 4.06339502334595
"297" 17.1335926055908 40.001579284668 3.86734652519226
"298" 16.9403591156006 40.2956390380859 3.55240845680237
"299" 18.9398365020752 46.788272857666 14.1454973220825
"300" 18.4844665527344 46.331615447998 13.8990259170532
"301" 18.4150371551514 45.9817314147949 13.886869430542
"302" 18.3913631439209 45.5064353942871 14.3223237991333
"303" 18.6677665710449 44.8780059814453 14.7544260025024
"304" 19.0838756561279 43.9739875793457 15.4549350738525
"305" 19.3010711669922 46.7875595092773 13.8658304214478
"306" 18.5751190185547 46.1255226135254 13.3941345214844
"307" 18.5612983703613 45.6942558288574 13.1924457550049
"308" 18.7448139190674 45.0526695251465 13.6903944015503
"309" 18.9188480377197 44.1890640258789 14.2798452377319
"310" 18.9161796569824 43.2309799194336 14.8822565078735
"311" 19.5831031799316 46.5481414794922 12.9544820785522
"312" 18.7365741729736 45.0553703308105 13.0400314331055
"313" 18.6397247314453 45.3283996582031 12.5298738479614
"314" 18.7273082733154 45.0712089538574 12.8705892562866
"315" 18.8711471557617 44.1906585693359 13.4473075866699
"316" 18.7892417907715 43.285083770752 13.9506721496582
"317" 18.6452388763428 42.6701011657715 14.1470155715942
"318" 19.9505004882812 46.3512992858887 12.1464996337891
"319" 18.806978225708 45.6815452575684 11.8108530044556
"320" 18.7397117614746 45.0290222167969 11.8166799545288
"321" 18.7747936248779 44.9302787780762 11.9125862121582
"322" 18.8579559326172 44.052116394043 12.5849075317383
"323" 18.7249069213867 43.2177963256836 13.0738763809204
"324" 18.5363311767578 42.448070526123 13.2396697998047
"325" 19.7742595672607 46.0401458740234 11.3925189971924
"326" 18.8633937835693 44.5624732971191 11.5987710952759
"327" 18.8070468902588 44.6634788513184 10.9439163208008
"328" 18.8905143737793 44.2779998779297 11.2716865539551
"329" 18.7934722900391 43.4463005065918 11.8096380233765
"330" 18.6529273986816 42.690601348877 12.3983001708984
"331" 19.6566333770752 45.6039962768555 10.3005990982056
"332" 18.8529090881348 44.1850509643555 10.5731000900269
"333" 18.8128929138184 44.4019737243652 10.1583385467529
"334" 18.8343124389648 43.5897598266602 10.9303359985352
"335" 18.8299217224121 43.5512008666992 11.2159023284912
"336" 18.6368045806885 42.4258804321289 11.9112215042114
"337" 19.7486305236816 45.2354583740234 9.3268518447876
"338" 18.7939529418945 43.7400016784668 9.75022315979004
"339" 18.7998924255371 43.9904365539551 9.48067665100098
"340" 18.7892818450928 43.6004943847656 9.9572639465332
"341" 18.8467082977295 43.8293533325195 10.5264472961426
"342" 18.7132320404053 42.2102813720703 10.9506998062134
"343" 19.9489936828613 44.9584846496582 8.47994804382324
"344" 18.7840709686279 43.7512474060059 8.92558574676514
"345" 18.7392501831055 43.7311744689941 8.64826202392578
"346" 18.713529586792 43.1128921508789 9.35428428649902
"347" 18.7310447692871 42.7320518493652 9.8189582824707
"348" 18.8938999176025 41.663200378418 10.1955003738403
"349" 19.7236633300781 44.6131019592285 7.80313587188721
"350" 18.7834091186523 43.1735992431641 8.16471481323242
"351" 18.6258850097656 43.5190505981445 7.82676982879639
"352" 18.7827281951904 43.5670738220215 8.13207340240479
"353" 18.8085346221924 42.8185768127441 8.58250617980957
"354" 18.960168838501 42.2295989990234 8.61346530914307
"355" 19.0013256072998 41.7762145996094 9.10813236236572
"356" 18.8551006317139 42.859001159668 7.30049991607666
"357" 18.8344078063965 42.8891372680664 7.14516639709473
"358" 18.7402381896973 43.196662902832 6.90778827667236
"359" 18.5730476379395 43.3525314331055 6.98519277572632
"360" 18.9254589080811 42.5694236755371 7.52006340026855
"361" 18.9954967498779 42.0789031982422 7.68402338027954
"362" 18.9119358062744 41.558349609375 7.79109811782837
"363" 18.7656898498535 42.4426193237305 6.40264701843262
"364" 18.247673034668 43.1578674316406 6.00716209411621
"365" 18.6593704223633 42.7908515930176 6.13009119033813
"366" 18.6405868530273 42.8138198852539 6.0922064781189
"367" 18.7579307556152 42.4415397644043 6.38217544555664
"368" 18.5556488037109 41.612621307373 6.71208667755127
"369" 18.5077972412109 42.2568092346191 5.80787897109985
"370" 18.4081649780273 42.0764350891113 5.62419080734253
"371" 18.4735088348389 42.5254020690918 5.45351505279541
"372" 18.4013042449951 42.259693145752 5.49888134002686
"373" 18.287841796875 41.7042922973633 5.598473072052
"374" 18.1938991546631 41.2794990539551 5.78154993057251
"375" 18.1323661804199 41.8622398376465 5.09291362762451
"376" 18.0725708007812 42.0146903991699 4.84370183944702
"377" 18.1717128753662 42.1885108947754 4.853196144104
"378" 17.9612331390381 41.5740356445312 4.79367589950562
"379" 17.6707038879395 41.0733909606934 4.89730596542358
"380" 17.6237621307373 40.6206855773926 4.90483808517456
"381" 17.9638004302979 41.4743995666504 4.78308010101318
"382" 17.8696308135986 41.8660659790039 3.9426257610321
"383" 17.6589469909668 41.2773666381836 4.29983997344971
"384" 17.3997135162354 40.9904594421387 4.0240740776062
"385" 17.1842632293701 40.4105415344238 4.05326747894287
"386" 17.601390838623 41.0445861816406 4.33176326751709
"387" 17.4933452606201 41.4311218261719 3.64777755737305
"388" 17.1774768829346 40.477653503418 4.00494384765625
"389" 17.4164695739746 40.859546661377 4.15209197998047
"390" 17.0369968414307 40.515796661377 3.66215229034424
