"V1" "V2" "V3"
"1" 18.8075904846191 11.2123908996582 8.3313045501709
"2" 19.3225 11.1257 7.8458
"3" 19.6826 11.2275 7.233
"4" 19.9368 11.5096 6.62
"5" 20.1551 11.7825 5.9946
"6" 20.324 12.1262 5.383
"7" 20.4211 12.4947 4.7715
"8" 20.4674 12.9316 4.1987
"9" 20.4768 13.4213 3.6685
"10" 20.4406 13.9216 3.1492
"11" 20.2901 14.4638 2.7012
"12" 20.1339 15.042 2.2973
"13" 19.9047 15.6058 1.9092
"14" 19.7407 16.1543 1.4819
"15" 19.7591 16.7425 1.0749
"16" 19.7128410339356 17.4300727844238 0.881112337112427
"17" 22.8891983032227 13.4076356887817 12.9065017700195
"18" 22.792 12.9223 13.0677
"19" 22.8376 12.4384 13.3019
"20" 22.7315 11.9282 13.1408
"21" 22.7025 11.4001 13.1086
"22" 22.7356 10.9974 13.3609
"23" 23.1127 10.9513 13.7525
"24" 23.5422 11.089 13.9926
"25" 23.6833 11.5639 13.8038
"26" 23.6093 12.0997 13.7825
"27" 23.6726 12.5971 13.8847
"28" 23.8207 13.0786 13.8689
"29" 23.6776 13.4766 13.5656
"30" 23.324 13.5781 13.1921
"31" 18.8075904846191 11.2123908996582 8.3313045501709
"32" 19.4404335021973 15.3419389724731 6.11988067626953
"33" 13.9143619537353 15.1889324188232 4.71938180923462
"34" 13.5739 15.1113 5.4104
"35" 13.3716 15.0267 6.1712
"36" 13.3002 14.8466 6.9379
"37" 13.3503 14.564 7.6757
"38" 13.5384 14.0486 8.2441
"39" 13.856 13.5161 8.7323
"40" 14.3614 13.0541 9.1113
"41" 14.9946 12.6237 9.2699
"42" 15.6608 12.2598 9.0499
"43" 16.2312 11.9289 8.6198
"44" 16.8105 11.7728 8.1017
"45" 17.318 11.7901 7.5186
"46" 17.6694 11.9685 6.8306
"47" 17.9016 12.2381 6.1239
"48" 17.9978 12.5808 5.4193
"49" 17.9303 13.0189 4.7668
"50" 17.6486 13.4821 4.2003
"51" 17.1723 13.9507 3.7794
"52" 16.5536 14.3402 3.4784
"53" 15.8288 14.6413 3.4919
"54" 15.1135 14.8512 3.7467
"55" 14.4889 15.0362 4.1941
"56" 19.013053894043 13.4224348068237 8.56320571899414
"57" 19.4843 13.8255 7.9592
"58" 19.5755 14.2482 7.2014
"59" 19.502 14.7084 6.4639
"60" 19.5235 15.1288 5.6947
"61" 19.5595 15.6466 4.9943
"62" 19.4586 16.0579 4.2243
"63" 19.2622 16.5186 3.5039
"64" 18.9989 17.1502 2.9585
"65" 18.6576671600342 17.8814582824707 2.64400696754456
"66" 19.013053894043 13.4224348068237 8.56320571899414
"67" 14.3247671127319 18.3019771575928 1.31717109680176
"68" 18.6576671600342 17.8814582824707 2.64400696754456
"69" 14.3247671127319 18.3019771575928 1.31717109680176
"70" 13.8449 18.4784 2.1975
"71" 13.6712 18.577 3.2173
"72" 13.5388 18.626 4.2479
"73" 13.4103 18.7608 5.2703
"74" 13.3386 18.8226 6.2915
"75" 13.2343 18.9514 7.3181
"76" 13.1595 19.0011 8.352
"77" 13.1804 19.0916 9.3833
"78" 13.326 19.2248 10.4043
"79" 13.3937 19.3869 11.4252
"80" 13.4002 19.4968 12.4573
"81" 13.5495 19.5729 13.4817
"82" 13.7471 19.6874 14.4957
"83" 13.9149 19.782 15.5167
"84" 14.0457 19.8535 16.5456
"85" 14.2382 19.9864 17.5585
"86" 14.4733 20.0678 18.5682
"87" 14.6534280776978 20.0881595611572 19.5894374847412
"88" 22.9325942993164 19.3794689178467 21.5184879302979
"89" 14.6534280776978 20.0881595611572 19.5894374847412
"90" 19.7128410339356 17.4300727844238 0.881112337112427
"91" 20.4055976867676 25.1845378875732 6.83887672424316
"92" 20.9857 25.0191 6.2759
"93" 21.2657 24.5954 5.6251
"94" 21.4542 24.0727 4.9989
"95" 21.5305 23.5169 4.3802
"96" 21.5609 22.9302 3.7846
"97" 21.5126 22.3242 3.2098
"98" 21.3645 21.663 2.7195
"99" 21.1539 20.9881 2.2701
"100" 20.8535 20.3056 1.8945
"101" 20.4577 19.6241 1.6122
"102" 20.0929 18.9396 1.3067
"103" 19.9555 18.2217 0.9113
"104" 19.7128410339356 17.4300727844238 0.881112337112427
"105" 20.4055976867676 25.1845378875732 6.83887672424316
"106" 19.999641418457 20.7156200408936 5.58827447891235
"107" 14.870228767395 21.8293418884277 3.83164262771606
"108" 14.484 21.8506 4.5649
"109" 14.2888 21.8684 5.3745
"110" 14.2706 22.1938 6.1352
"111" 14.2987 22.6786 6.8143
"112" 14.5359 23.2986 7.2618
"113" 14.9058 24.0114 7.4486
"114" 15.4626 24.4856 7.8389
"115" 16.1948 24.8327 7.9658
"116" 16.9829 25.0039 7.7647
"117" 17.6565 25.07 7.2798
"118" 18.2865 24.9811 6.7341
"119" 18.8037 24.6981 6.1543
"120" 19.0592 24.2911 5.4665
"121" 19.2092 23.8014 4.8048
"122" 19.2396 23.2976 4.144
"123" 18.9853 22.7477 3.566
"124" 18.5288 22.2455 3.0893
"125" 17.8453 21.8635 2.8175
"126" 17.0235 21.7154 2.7765
"127" 16.2199 21.6592 2.9761
"128" 15.427 21.7074 3.2158
"129" 20.1376037597656 23.0607795715332 7.50689792633057
"130" 20.4507 22.5204 6.938
"131" 20.4421 21.9465 6.3154
"132" 20.25 21.3248 5.7646
"133" 20.1438 20.7512 5.1516
"134" 20.0681 20.131 4.5643
"135" 19.8461 19.5885 3.9371
"136" 19.5701 19.0782 3.3087
"137" 19.0895 18.594 2.8113
"138" 18.6576671600342 17.8814582824707 2.64400696754456
"139" 20.1376037597656 23.0607795715332 7.50689792633057
"140" 22.996036529541 13.4058742523193 12.9302291870117
"141" 23.3369998931885 13.5605001449585 13.1634998321533
"142" 23.4245300292969 13.5609998703003 13.2426643371582
"143" 23.7439002990723 13.4041996002197 13.5670003890991
"144" 23.8199005126953 13.28600025177 13.7151002883911
"145" 23.0167007446289 13.0277996063232 13.1233997344971
"146" 23.1951007843018 13.0907001495361 13.2530002593994
"147" 23.2571601867676 13.1289157867432 13.2906608581543
"148" 23.7439002990723 13.4041996002197 13.5670003890991
"149" 23.82080078125 12.8655996322632 13.9124002456665
"150" 23.0459003448486 12.9338998794556 13.1916999816895
"151" 23.0774993896484 12.9338998794556 13.2137002944946
"152" 23.2683048248291 12.962423324585 13.3714227676392
"153" 23.5270137786865 12.9338998794556 13.6342115402222
"154" 23.7856998443604 12.7405996322632 13.9158000946045
"155" 22.8890991210938 12.1499996185303 13.1782999038696
"156" 22.9361000061035 12.2132997512817 13.2360000610352
"157" 22.9361000061035 12.2132997512817 13.2360000610352
"158" 23.5944004058838 11.9900999069214 13.7179002761841
"159" 23.6308994293213 12.0036001205444 13.7695999145508
"160" 22.8890991210938 12.1499996185303 13.1782999038696
"161" 22.8898639678955 12.151029586792 13.179238319397
"162" 22.9356994628906 12.1245002746582 13.2236003875732
"163" 23.5944004058838 11.9900999069214 13.7179002761841
"164" 23.6339130401611 11.9797925949097 13.7629632949829
"165" 22.9914360046387 12.2085762023926 13.3304901123047
"166" 22.887300491333 12.1040000915527 13.1703996658325
"167" 23.0556659698486 11.9921655654907 13.3296117782593
"168" 23.5752620697021 12.0028200149536 13.7105178833008
"169" 23.5944004058838 11.9900999069214 13.7179002761841
"170" 22.9494113922119 11.8876371383667 13.2424716949463
"171" 23.1382656097412 11.8836278915405 13.396598815918
"172" 23.2884178161621 11.7789030075073 13.5058107376099
"173" 23.6347999572754 11.7819004058838 13.7152996063232
"174" 22.9466342926025 11.6306810379028 13.2046890258789
"175" 23.1029796600342 11.6741924285889 13.3360033035278
"176" 23.1728992462158 11.6128997802734 13.3914003372192
"177" 23.6373958587646 11.6882724761963 13.7153816223145
"178" 22.8726367950439 11.4057064056396 13.2188892364502
"179" 23.113208770752 11.4549646377563 13.3612565994263
"180" 23.3248157501221 11.4992818832397 13.5184755325317
"181" 23.6765995025635 11.5525999069214 13.7532997131348
"182" 22.9435157775879 11.247745513916 13.3237724304199
"183" 23.1477451324463 11.2725172042847 13.4580450057983
"184" 23.3234958648682 11.3183269500732 13.5771818161011
"185" 23.5468006134033 11.3459997177124 13.7486000061035
"186" 23.1679992675781 11.2052001953125 13.5180997848511
"187" 23.2769393920898 11.1545810699463 13.6440677642822
"188" 23.4151763916016 11.2354555130005 13.7010440826416
"189" 18.6867485046387 11.706015586853 8.14718914031982
"190" 18.3773632049561 11.8274555206299 8.239577293396
"191" 18.3957252502441 12.1237649917603 8.17779159545898
"192" 18.3274421691895 12.4185161590576 8.15262413024902
"193" 18.5899524688721 12.6814346313477 8.20268630981445
"194" 18.6238746643066 12.3295650482178 8.04963207244873
"195" 18.8692226409912 13.1797609329224 8.4013786315918
"196" 19.1672077178955 11.5551681518555 7.57132434844971
"197" 18.7463207244873 12.024956703186 7.87215709686279
"198" 18.7138805389404 12.0918302536011 7.91248559951782
"199" 18.7233924865723 12.4084205627441 7.77328109741211
"200" 18.9134521484375 12.9327201843262 7.80116605758667
"201" 19.1088314056396 13.2427988052368 7.84848880767822
"202" 19.4243774414062 11.6565217971802 7.07553434371948
"203" 19.0137977600098 12.0417232513428 7.281662940979
"204" 18.7892436981201 12.4624443054199 7.52050638198853
"205" 19.0480995178223 11.6775350570679 7.17115163803101
"206" 19.2159023284912 11.8393545150757 7.16765213012695
"207" 19.1537113189697 13.2653875350952 7.57432174682617
"208" 19.3674144744873 13.6156454086304 7.67802715301514
"209" 19.5180416107178 11.8610067367554 6.67649745941162
"210" 19.096227645874 12.2818822860718 6.87812423706055
"211" 18.93532371521 12.4417724609375 7.05920791625977
"212" 18.9090633392334 12.7550411224365 6.95600032806396
"213" 19.3631477355957 11.9856338500977 6.76030206680298
"214" 19.3133888244629 13.5247468948364 7.31990051269531
"215" 19.7032566070557 12.0054140090942 6.26553726196289
"216" 19.2861099243164 12.3818597793579 6.45913553237915
"217" 18.9912605285645 12.7328805923462 6.65576410293579
"218" 19.1927242279053 12.1108999252319 6.24675798416138
"219" 19.5148487091064 12.1432809829712 6.3814754486084
"220" 19.2677993774414 13.4104995727539 6.79718017578125
"221" 19.5576992034912 14.1097002029419 6.97638988494873
"222" 19.6764316558838 12.2752618789673 5.96143102645874
"223" 19.4951114654541 12.4843330383301 5.97258806228638
"224" 19.1162223815918 13.0008220672607 6.17791366577148
"225" 19.2634773254395 12.8232641220093 5.93065071105957
"226" 19.1669769287109 13.2207727432251 6.27420616149902
"227" 19.3094005584717 13.5218000411987 6.3493800163269
"228" 19.5046997070312 13.9103002548218 7.27370023727417
"229" 19.7478485107422 12.7032432556152 5.35469722747803
"230" 19.4678516387939 12.8780784606934 5.52432870864868
"231" 19.2650604248047 13.4359607696533 5.82333326339722
"232" 19.3441066741943 12.6367416381836 5.37359142303467
"233" 19.3383712768555 13.5869359970093 5.9309515953064
"234" 19.3763046264648 13.7917470932007 6.23353242874146
"235" 19.5328140258789 14.3092517852783 6.59705781936646
"236" 19.7251129150391 12.9774570465088 5.02043437957764
"237" 19.4949321746826 13.1998729705811 5.05361175537109
"238" 19.3691253662109 13.841760635376 5.44397497177124
"239" 19.4176731109619 12.8815870285034 4.85389471054077
"240" 19.7384929656982 12.9457492828369 5.04247236251831
"241" 19.461784362793 14.2029638290405 6.29537534713745
"242" 19.867431640625 13.2775573730469 4.42855644226074
"243" 19.6410007476807 13.488712310791 4.53689050674438
"244" 19.3377265930176 14.2341785430908 5.02731132507324
"245" 19.343692779541 13.3044080734253 4.48375082015991
"246" 19.336540222168 14.1013250350952 5.06804895401001
"247" 19.3521995544434 14.1065998077393 5.31548976898193
"248" 19.463342666626 14.7276706695557 5.98630332946777
"249" 19.867000579834 13.6359996795654 4.03073978424072
"250" 19.4500675201416 13.9758777618408 4.08755016326904
"251" 19.6020240783691 13.9130516052246 3.99795436859131
"252" 19.2242565155029 14.3397045135498 4.35852813720703
"253" 19.8126316070557 13.7630071640015 3.92513036727905
"254" 19.4959964752197 15.3034563064575 5.09685802459717
"255" 19.5680313110352 15.610279083252 5.16248178482056
"256" 19.2688789367676 15.0116834640503 4.10376787185669
"257" 19.4575233459473 14.39914894104 3.56040573120117
"258" 19.3796367645264 14.4369888305664 3.58876323699951
"259" 19.5909748077393 14.3802080154419 3.46945762634277
"260" 20.0726337432861 14.2549819946289 3.09341788291931
"261" 19.5028991699219 15.7559003829956 4.54647016525269
"262" 19.5037307739258 15.7855348587036 4.51684236526489
"263" 19.7103996276855 14.6152000427246 3.05215001106262
"264" 19.2206497192383 15.2786779403687 3.83294606208801
"265" 19.4540328979492 14.6636781692505 2.67604565620422
"266" 19.0387954711914 15.4630727767944 3.33746457099915
"267" 19.9905738830566 15.0954475402832 2.35637497901917
"268" 19.3376998901367 16.3756999969482 3.65429997444153
"269" 19.2857475280762 15.950138092041 3.71203589439392
"270" 19.0815544128418 15.6581583023071 3.38232374191284
"271" 18.7478542327881 15.4379930496216 2.81543397903442
"272" 18.7830982208252 15.737829208374 2.9063663482666
"273" 19.5768527984619 15.6438045501709 2.11550283432007
"274" 19.8271007537842 17.323600769043 2.2009699344635
"275" 19.3851947784424 15.6288824081421 2.26397132873535
"276" 18.8841991424561 15.84192943573 2.65669107437134
"277" 19.0569343566895 15.8048982620239 2.35212564468384
"278" 19.5625991821289 16.1905994415283 1.64970004558563
"279" 19.910400390625 17.4412002563477 2.25937008857727
"280" 19.1060009002686 16.4613990783691 3.17469000816345
"281" 18.8793144226074 16.0995330810547 2.23296880722046
"282" 19.2234535217285 16.0704021453857 1.63098883628845
"283" 19.293041229248 16.6332263946533 1.49191212654114
"284" 19.8227996826172 17.3628005981445 2.146399974823
"285" 19.8271007537842 17.323600769043 2.2009699344635
"286" 18.8701248168945 16.4858665466309 1.93562829494476
"287" 18.4492797851562 16.8356990814209 1.9714982509613
"288" 18.5439434051514 17.3240146636963 1.72988367080688
"289" 19.8464508056641 17.4184131622314 2.11430764198303
"290" 18.848165512085 16.8560123443604 1.68658971786499
"291" 18.3938655853271 17.4006080627441 1.96854889392853
"292" 17.9783916473389 17.6923274993896 1.97369134426117
"293" 19.8282070159912 17.4623470306396 2.15549969673157
"294" 18.7641582489014 17.3240356445312 1.56885969638824
"295" 18.3806819915771 17.6349258422852 1.92928338050842
"296" 18.3436260223389 17.7894115447998 1.98010993003845
"297" 19.1134452819824 17.3150463104248 1.28804326057434
"298" 18.4591274261475 17.6911125183105 1.78084778785706
"299" 20.1727523803711 24.6983127593994 6.75106716156006
"300" 19.9177780151367 24.4660758972168 6.83569097518921
"301" 19.7159042358398 24.3717441558838 6.87663412094116
"302" 19.7591896057129 24.1697216033936 6.93896484375
"303" 19.9110641479492 23.7774658203125 6.95721006393433
"304" 20.0822925567627 23.4650688171387 6.85994291305542
"305" 20.5962333679199 24.6282234191895 6.29584932327271
"306" 20.0879383087158 24.1813526153564 6.59931516647339
"307" 20.1332302093506 24.1929492950439 6.50768184661865
"308" 20.0963115692139 23.9656867980957 6.4215989112854
"309" 20.4515228271484 24.4039421081543 6.24008655548096
"310" 20.2465858459473 23.0773372650146 6.67674875259399
"311" 20.7759437561035 24.3806324005127 5.85232591629028
"312" 20.3112411499023 24.031982421875 6.03742265701294
"313" 20.1128215789795 23.7871208190918 6.19572973251343
"314" 20.4073638916016 24.3548336029053 5.83832550048828
"315" 20.6345901489258 24.1407508850098 5.74762725830078
"316" 20.2859764099121 22.8892803192139 6.23930931091309
"317" 20.4007816314697 22.3415966033936 6.16632986068726
"318" 20.9138946533203 24.0972118377686 5.4666109085083
"319" 20.310962677002 23.6605014801025 5.67807388305664
"320" 20.1797218322754 23.5177307128906 5.77973031997681
"321" 20.2746829986572 23.9471206665039 5.32212018966675
"322" 20.810489654541 23.809814453125 5.27119398117065
"323" 20.6969947814941 23.594970703125 5.21368169784546
"324" 20.3871917724609 22.3386516571045 6.09413957595825
"325" 21.0169048309326 23.8097190856934 5.09218502044678
"326" 20.5747814178467 23.4842929840088 5.21083498001099
"327" 20.2213249206543 23.1194934844971 5.3214259147644
"328" 20.6359252929688 23.5424861907959 4.80638408660889
"329" 20.8233871459961 23.4007377624512 4.84458684921265
"330" 20.3965797424316 22.0524024963379 5.93955850601196
"331" 21.0983505249023 23.2830066680908 4.48502016067505
"332" 20.477237701416 22.9972019195557 4.79414367675781
"333" 20.3266792297363 22.8136520385742 4.86057376861572
"334" 20.2993412017822 22.5441761016846 5.06017684936523
"335" 20.750825881958 23.029369354248 4.56755447387695
"336" 20.4046478271484 21.9033527374268 5.92092180252075
"337" 21.0436840057373 22.8504467010498 4.08621835708618
"338" 20.3994789123535 22.5890464782715 4.41884803771973
"339" 20.2818450927734 22.3601150512695 4.50409555435181
"340" 20.2790222167969 22.3449821472168 4.51563358306885
"341" 20.6913394927979 22.790168762207 4.36327362060547
"342" 20.284200668335 21.5739994049072 5.3956298828125
"343" 20.8876991271973 22.3819007873535 3.76015996932983
"344" 20.5677871704102 22.2875308990479 3.93013477325439
"345" 20.2106323242188 21.81689453125 4.20808267593384
"346" 20.2315883636475 21.8046321868896 4.32895565032959
"347" 20.7306308746338 22.1066226959229 3.63123369216919
"348" 20.2028427124023 21.4116611480713 5.19890022277832
"349" 20.7787990570068 22.0611991882324 3.53274011611938
"350" 20.3757553100586 21.7682800292969 3.54677844047546
"351" 20.0785675048828 21.3981685638428 3.8795599937439
"352" 20.4206008911133 22.065299987793 3.25192999839783
"353" 20.6963996887207 21.7112998962402 3.21552991867065
"354" 20.0902709960938 21.2620220184326 4.05712175369263
"355" 20.0921993255615 20.2787990570068 4.59424018859863
"356" 20.6928787231445 21.4375038146973 2.94905781745911
"357" 20.2310333251953 21.2676582336426 3.08307027816772
"358" 19.9384460449219 21.0782451629639 3.25479316711426
"359" 20.2341003417969 21.3997993469238 2.46919989585876
"360" 20.5661392211914 21.0681037902832 2.67580127716064
"361" 20.5044994354248 20.8850002288818 2.55267000198364
"362" 19.8160991668701 19.6021003723145 3.69780993461609
"363" 19.7721996307373 20.1555995941162 3.35938000679016
"364" 19.6973171234131 20.815896987915 2.52639293670654
"365" 19.7741622924805 20.5571994781494 2.82559084892273
"366" 19.424015045166 20.4574165344238 2.82310438156128
"367" 20.3231315612793 20.3703384399414 2.2145299911499
"368" 20.3519859313965 19.8444671630859 1.82730197906494
"369" 20.3959083557129 20.1880626678467 2.04241919517517
"370" 19.7305927276611 20.126091003418 2.34628367424011
"371" 19.6656494140625 20.1450576782227 2.4237368106842
"372" 19.7409858703613 19.8426761627197 2.12231254577637
"373" 20.1716365814209 19.5058708190918 1.68710029125214
"374" 20.1023998260498 18.2315006256104 2.19987010955811
"375" 19.9047203063965 19.6154632568359 1.85346555709839
"376" 19.3389434814453 19.6125640869141 2.15001463890076
"377" 19.5903339385986 19.6879615783691 2.06109118461609
"378" 19.7691955566406 18.9180755615234 1.4506196975708
"379" 19.4010410308838 18.4348011016846 1.36042165756226
"380" 19.219612121582 18.1280937194824 1.31881034374237
"381" 20.1023998260498 18.2315006256104 2.19987010955811
"382" 19.337682723999 19.004919052124 1.70947003364563
"383" 18.9276485443115 18.8445949554443 1.9285192489624
"384" 18.8363857269287 18.3705902099609 1.34931445121765
"385" 18.222095489502 18.3422355651855 2.13719511032104
"386" 19.9510231018066 17.9892883300781 2.11640739440918
"387" 19.0764122009277 18.5602264404297 1.60092043876648
"388" 18.4651679992676 18.1235675811768 1.88414657115936
"389" 19.4419727325439 18.2187881469727 1.21931195259094
"390" 18.5227718353271 18.0140514373779 1.74154651165009
