"V1" "V2" "V3"
"1" 48.0733489990234 167.546249389648 269.379821777344
"2" 48.97 172.4171 272.3036
"3" 51.3497 172.4732 278.3304
"4" 54.1608 172.1551 284.2185
"5" 56.4882 171.2122 290.1878
"6" 59.4478 170.7904 296.0066
"7" 62.5952 170.5279 301.7253
"8" 66.0571 169.7273 307.1915
"9" 69.6808 169.9983 312.5847
"10" 73.6041 169.4759 317.774
"11" 77.7404 169.0048 322.8164
"12" 81.9778 169.029 327.7147
"13" 86.3727 170.38 332.3221
"14" 90.9522 171.6058 336.5653
"15" 96.6231 171.2008 339.6446
"16" 102.973480224609 171.376037597656 340.717468261719
"17" 63.4747543334961 173.259536743164 220.865798950195
"18" 59.7707 173.5067 221.7052
"19" 56.0763 172.4715 220.7071
"20" 52.2971 172.2858 220.4596
"21" 48.6485 173.5129 221.3291
"22" 44.9581 173.9193 220.3177
"23" 43.449 175.9629 217.5709
"24" 45.2423 177.1459 214.5715
"25" 48.9001 177.3306 214.034
"26" 52.5802 176.2286 214.7143
"27" 56.189 176.8826 214.3363
"28" 59.8244 178.1912 213.4379
"29" 63.4386 177.4219 214.5907
"30" 64.5712 175.6576 217.9013
"31" 48.0733489990234 167.546249389648 269.379821777344
"32" 94.2973098754883 149.058685302734 305.274322509766
"33" 79.0956802368164 118.848274230957 313.069396972656
"34" 79.9649 112.9311 308.6055
"35" 78.4588 108.3108 302.9948
"36" 76.1059 105.2244 296.5732
"37" 71.9236 103.0239 290.824
"38" 67.3041 101.7668 285.0654
"39" 63.2536 101.2556 278.7648
"40" 58.5317 102.4262 273.1434
"41" 54.9989 105.1269 267.1412
"42" 51.623 111.0033 265.4666
"43" 48.7277 117.6787 266.5775
"44" 46.8351 124.0864 269.8134
"45" 46.6004 130.31 273.9218
"46" 47.1584 136.894 277.4986
"47" 49.3813 142.6144 281.5514
"48" 53.0149 146.1159 287.0969
"49" 57.1154 148.4633 292.8297
"50" 61.5563 149.1374 298.7906
"51" 66.0989 146.7317 304.2384
"52" 70.4245 142.943 309.018
"53" 74.0797 138.8891 314.0991
"54" 76.9956 132.6148 316.5582
"55" 78.3549 125.6028 316.2804
"56" 76.526123046875 153.335311889648 267.025695800781
"57" 78.9668 153.5197 270.6647
"58" 80.6806 153.5092 274.6867
"59" 82.1524 153.5171 278.8056
"60" 84.509 153.2189 282.4678
"61" 87.3751 153.0242 285.7458
"62" 90.6392 153.1194 288.6186
"63" 94.4102 153.0473 290.8353
"64" 98.5046 152.5456 291.4443
"65" 102.717582702637 151.831817626953 290.727294921875
"66" 76.526123046875 153.335311889648 267.025695800781
"67" 102.991455078125 118.132682800293 330.685485839844
"68" 102.717582702637 151.831817626953 290.727294921875
"69" 102.991455078125 118.132682800293 330.685485839844
"70" 103.459 112.7414 323.3095
"71" 104.0603 109.4155 314.6745
"72" 104.0861 106.818 305.7845
"73" 104.3917 104.3793 296.8057
"74" 104.7392 101.0123 288.1654
"75" 105.2346 97.0447 279.7661
"76" 104.9313 94.2724 270.9001
"77" 104.8549 91.8873 261.917
"78" 104.2836 89.7255 252.9066
"79" 105.5409 88.1336 243.8861
"80" 105.7554 87.7456 234.6032
"81" 105.9411 87.0056 225.3273
"82" 105.7644 86.2365 216.0527
"83" 106.2936 85.6998 206.7887
"84" 106.1426 85.7824 197.4887
"85" 106.0333 86.7196 188.2355
"86" 106.0137 87.9989 179.0226
"87" 104.789710998535 90.7672271728516 170.339584350586
"88" 104.116027832031 144.787612915039 192.775817871094
"89" 104.789710998535 90.7672271728516 170.339584350586
"90" 102.973480224609 171.376037597656 340.717468261719
"91" 153.733993530273 173.812286376953 269.055358886719
"92" 151.9065 178.5766 271.7224
"93" 148.8807 178.586 278.3207
"94" 146.2445 177.5222 285.0385
"95" 143.0594 176.5764 291.5431
"96" 139.9724 175.3977 298.0519
"97" 136.4173 174.8936 304.4122
"98" 132.6635 173.9924 310.596
"99" 128.6868 173.3752 316.6843
"100" 124.5573 172.1796 322.5653
"101" 120.1961 171.7564 328.4039
"102" 115.3279 172.3532 333.7833
"103" 109.8562 172.0114 338.4887
"104" 102.973480224609 171.376037597656 340.717468261719
"105" 153.733993530273 173.812286376953 269.055358886719
"106" 110.99195098877 151.508422851562 305.853424072266
"107" 127.779769897461 120.541946411133 313.833038330078
"108" 127.5835 114.3066 308.9711
"109" 129.332 110.2144 302.3643
"110" 132.2542 107.0246 295.6368
"111" 137.0833 105.7604 289.4218
"112" 142.0769 105.4639 283.2643
"113" 146.6585 105.9109 276.742
"114" 151.5105 107.435 270.6224
"115" 155.0413 111.7256 265.0606
"116" 157.9986 119.0275 265.5152
"117" 159.9631 126.171 268.4855
"118" 160.0873 133.1893 272.3221
"119" 158.9191 140.4192 275.5431
"120" 156.5159 147.0647 279.1553
"121" 152.6928 151.2922 284.7204
"122" 147.905 153.0154 290.9027
"123" 143.2372 153.8346 297.2499
"124" 139.1777 151.4952 303.7166
"125" 135.0732 147.6958 309.3433
"126" 131.4611 142.8068 314.5101
"127" 129.0581 135.802 317.3001
"128" 127.9757 127.9994 316.7614
"129" 127.616767883301 155.458267211914 266.374938964844
"130" 125.9927 155.3709 270.3903
"131" 124.1693 155.6976 274.1541
"132" 122.0726 155.0149 277.6905
"133" 119.7446 154.6143 281.2386
"134" 117.4864 154.3207 284.8185
"135" 114.4357 153.957 287.8163
"136" 111.0701 153.8649 290.3933
"137" 106.895 152.9775 290.6987
"138" 102.717582702637 151.831817626953 290.727294921875
"139" 127.616767883301 155.458267211914 266.374938964844
"140" 63.029613494873 174.796936035156 220.562072753906
"141" 62.7367935180664 175.155090332031 218.803527832031
"142" 62.5595703125 175.819229125977 217.374313354492
"143" 62.1268157958984 176.510162353516 216.004974365234
"144" 61.429012298584 177.968826293945 213.958038330078
"145" 61.4295616149902 174.573379516602 220.477722167969
"146" 61.2540397644043 174.968826293945 218.855377197266
"147" 61.055061340332 175.678619384766 217.377914428711
"148" 60.3676338195801 176.455078125 215.945083618164
"149" 58.8815650939941 177.631881713867 214.488632202148
"150" 59.7516403198242 174.333282470703 220.114212036133
"151" 59.3037528991699 174.715087890625 218.754425048828
"152" 59.1319046020508 175.539169311523 217.098205566406
"153" 58.246753692627 176.72297668457 215.381439208984
"154" 57.4634056091309 177.466842651367 214.617431640625
"155" 58.1719017028809 174.108993530273 219.658004760742
"156" 57.7294425964355 174.412872314453 218.650344848633
"157" 57.3298377990723 175.14697265625 217.007400512695
"158" 56.6017608642578 176.454391479492 215.34130859375
"159" 56.0030174255371 176.741958618164 214.820556640625
"160" 56.2457733154297 173.629257202148 219.458267211914
"161" 55.8354949951172 173.992111206055 218.524856567383
"162" 55.5218925476074 174.518096923828 216.968292236328
"163" 54.8720245361328 175.586807250977 215.5810546875
"164" 53.0077018737793 178.02799987793 215.873001098633
"165" 54.5209732055664 173.380462646484 218.934051513672
"166" 53.602222442627 173.683364868164 218.347381591797
"167" 53.3455085754395 174.374099731445 217.084884643555
"168" 52.8730010986328 177.917999267578 215.820007324219
"169" 52.7755508422852 177.960006713867 215.828491210938
"170" 52.1063995361328 173.512741088867 219.270614624023
"171" 51.6795921325684 174.18359375 218.149124145508
"172" 51.4505729675293 175.657928466797 216.224090576172
"173" 51.0888404846191 176.841735839844 215.132232666016
"174" 50.3363990783691 173.970993041992 219.807006835938
"175" 50.3707885742188 174.189666748047 218.825622558594
"176" 50.269115447998 175.027191162109 217.161514282227
"177" 50.2436561584473 176.597564697266 215.503646850586
"178" 48.6882743835449 174.048919677734 220.466064453125
"179" 48.4357261657715 174.374328613281 219.247894287109
"180" 48.8479385375977 175.358673095703 216.723449707031
"181" 49.0990142822266 176.868682861328 215.03059387207
"182" 47.071704864502 174.371978759766 219.800445556641
"183" 46.6397743225098 174.749038696289 218.777984619141
"184" 46.744457244873 175.299850463867 217.092376708984
"185" 47.3246726989746 176.826187133789 214.666641235352
"186" 45.1599273681641 174.924514770508 218.727020263672
"187" 45.296516418457 175.47314453125 217.299560546875
"188" 44.7071533203125 176.847351074219 215.366729736328
"189" 51.6572570800781 162.369232177734 272.703674316406
"190" 52.8389625549316 155.850280761719 272.967803955078
"191" 56.5196723937988 149.962646484375 275.370361328125
"192" 62.3984680175781 149.675201416016 274.550384521484
"193" 67.1552276611328 150.280578613281 273.288970947266
"194" 70.8900375366211 150.986038208008 271.932434082031
"195" 74.5980987548828 152.523773193359 269.609649658203
"196" 53.9190940856934 167.006683349609 277.565093994141
"197" 55.0267066955566 159.235946655273 278.176483154297
"198" 58.2871932983398 151.619110107422 278.932830810547
"199" 65.7944793701172 150.152359008789 277.889923095703
"200" 69.9482040405273 151.345657348633 276.741943359375
"201" 75.5558929443359 152.197021484375 275.395416259766
"202" 55.9126091003418 166.962890625 282.609680175781
"203" 57.7248115539551 161.069778442383 282.173431396484
"204" 59.3000984191895 153.393997192383 282.480010986328
"205" 63.1070785522461 151.783050537109 282.970367431641
"206" 70.7192001342773 151.682006835938 279.471008300781
"207" 75.8860092163086 151.50178527832 278.426483154297
"208" 79.3038635253906 152.966293334961 277.928283691406
"209" 57.873722076416 165.767532348633 287.203338623047
"210" 60.1125907897949 159.804565429688 286.573181152344
"211" 63.368537902832 153.504791259766 286.107513427734
"212" 64.8691024780273 151.936660766602 286.980407714844
"213" 72.1801986694336 151.645004272461 283.498992919922
"214" 79.9620361328125 152.274505615234 280.897033691406
"215" 59.6159744262695 166.038345336914 291.357635498047
"216" 61.5840225219727 160.486618041992 290.843688964844
"217" 64.2407684326172 154.492111206055 289.997161865234
"218" 66.3638534545898 151.924301147461 291.139770507812
"219" 74.2081985473633 151.960342407227 288.979034423828
"220" 76.4057006835938 151.069000244141 288.031005859375
"221" 84.1387023925781 152.725006103516 284.369995117188
"222" 61.5830268859863 165.842788696289 295.754241943359
"223" 63.3354682922363 161.348083496094 295.120666503906
"224" 65.7419967651367 155.536972045898 294.492462158203
"225" 70.107177734375 149.725082397461 294.060882568359
"226" 75.5404968261719 151.56169128418 292.064666748047
"227" 77.161750793457 151.193496704102 292.655151367188
"228" 85.0832977294922 151.718994140625 287.43701171875
"229" 64.2341766357422 165.399932861328 300.528503417969
"230" 66.6714782714844 159.205123901367 299.728790283203
"231" 69.1013336181641 152.950958251953 298.888732910156
"232" 75.2508010864258 149.887771606445 298.058166503906
"233" 78.4108963012695 151.675994873047 297.18701171875
"234" 81.0224761962891 150.701049804688 296.148834228516
"235" 88.081413269043 151.820266723633 289.773193359375
"236" 67.1838302612305 164.587646484375 304.750061035156
"237" 69.1153411865234 158.103088378906 303.974853515625
"238" 71.358528137207 151.963973999023 302.649871826172
"239" 77.7541580200195 150.401428222656 301.306488037109
"240" 81.3740005493164 152.61799621582 301.0830078125
"241" 86.7295303344727 150.229293823242 298.215148925781
"242" 69.731201171875 165.066146850586 309.462310791016
"243" 70.8297119140625 159.344161987305 307.934753417969
"244" 72.8798675537109 152.918182373047 306.129913330078
"245" 78.7232513427734 150.292617797852 303.778594970703
"246" 82.0698013305664 152.352005004883 303.134002685547
"247" 84.9266891479492 152.014633178711 303.939361572266
"248" 90.5939407348633 150.433135986328 302.822784423828
"249" 71.9119567871094 164.778518676758 312.455993652344
"250" 73.9889907836914 156.551727294922 311.064086914062
"251" 78.9352111816406 149.744888305664 307.106170654297
"252" 83.5621337890625 152.746704101562 305.702026367188
"253" 84.7908020019531 153.078994750977 306.005004882812
"254" 88.915397644043 151.018997192383 303.339996337891
"255" 92.5273742675781 149.765182495117 299.958679199219
"256" 74.9326248168945 164.955718994141 316.839538574219
"257" 75.7228393554688 157.638229370117 314.543548583984
"258" 81.5107955932617 150.527694702148 309.473846435547
"259" 85.0085678100586 153.32991027832 307.168792724609
"260" 87.0294036865234 154.091003417969 307.773010253906
"261" 90.7706298828125 150.444763183594 302.906433105469
"262" 94.0474624633789 150.43896484375 296.248901367188
"263" 77.1606216430664 164.873275756836 319.972747802734
"264" 78.0080261230469 153.801513671875 315.442413330078
"265" 85.738639831543 152.578796386719 310.708190917969
"266" 89.9762344360352 153.427001953125 307.943237304688
"267" 91.2328491210938 152.450790405273 307.285369873047
"268" 96.9476013183594 150.675994873047 295.575988769531
"269" 79.3139419555664 165.600433349609 322.924652099609
"270" 80.2304840087891 155.460968017578 319.524444580078
"271" 86.7041702270508 152.417785644531 313.326354980469
"272" 90.6127395629883 153.284042358398 308.596557617188
"273" 91.6266250610352 152.631118774414 307.767486572266
"274" 96.0632247924805 149.828033447266 297.698883056641
"275" 82.9278411865234 161.826721191406 325.728271484375
"276" 87.9573364257812 151.544235229492 317.553375244141
"277" 90.9375915527344 154.712966918945 312.719665527344
"278" 94.0650024414062 151.735809326172 308.206298828125
"279" 99.4757385253906 150.437057495117 295.628326416016
"280" 85.6327133178711 165.786270141602 330.144012451172
"281" 85.7779922485352 156.549743652344 326.389617919922
"282" 92.7690658569336 153.361679077148 315.868774414062
"283" 94.5340805053711 154.065216064453 312.856781005859
"284" 97.3548126220703 148.599029541016 303.265075683594
"285" 89.3112335205078 168.068267822266 333.985473632812
"286" 87.7627182006836 157.192199707031 328.839630126953
"287" 96.1156005859375 151.967834472656 317.856018066406
"288" 98.6231994628906 151.354995727539 313.190002441406
"289" 91.8549880981445 167.40983581543 335.794372558594
"290" 92.7508010864258 156.917999267578 332.830993652344
"291" 97.5227127075195 149.610641479492 320.499938964844
"292" 102.147621154785 148.818099975586 317.20849609375
"293" 94.4972839355469 165.808929443359 337.101776123047
"294" 96.187141418457 158.368377685547 335.502105712891
"295" 96.881103515625 147.106567382812 328.226196289062
"296" 101.050415039062 147.178207397461 320.983337402344
"297" 99.1433868408203 163.231094360352 338.325073242188
"298" 100.057182312012 153.238815307617 335.623718261719
"299" 150.537109375 168.031799316406 271.732330322266
"300" 149.375747680664 161.179229736328 272.225158691406
"301" 146.726287841797 156.248474121094 272.372741699219
"302" 141.656356811523 153.473022460938 272.815032958984
"303" 136.463943481445 153.914108276367 271.949462890625
"304" 130.292724609375 154.481628417969 269.864410400391
"305" 148.433959960938 172.440216064453 275.270172119141
"306" 146.699569702148 163.475326538086 275.754455566406
"307" 144.889572143555 156.016876220703 276.832611083984
"308" 138.05647277832 153.931198120117 275.775573730469
"309" 134.451324462891 154.70361328125 275.951721191406
"310" 127.525466918945 155.136505126953 273.328277587891
"311" 146.76220703125 172.245697021484 280.05615234375
"312" 145.188735961914 165.440826416016 280.386413574219
"313" 142.616149902344 157.802932739258 280.633544921875
"314" 141.444381713867 156.254943847656 281.338287353516
"315" 133.382339477539 155.047790527344 278.737670898438
"316" 127.206123352051 154.267227172852 277.483551025391
"317" 124.322898864746 155.064392089844 278.231719970703
"318" 144.863006591797 171.376007080078 284.472991943359
"319" 142.484725952148 163.540710449219 285.542755126953
"320" 140.367172241211 157.607437133789 285.608367919922
"321" 138.686950683594 155.232666015625 286.19140625
"322" 132.557998657227 154.835998535156 282.382995605469
"323" 127.55899810791 153.324005126953 282.144012451172
"324" 122.160789489746 154.099487304688 282.923583984375
"325" 142.971893310547 171.030166625977 289.416839599609
"326" 141.029678344727 164.950881958008 290.214996337891
"327" 137.901824951172 157.132751464844 291.225769042969
"328" 130.045318603516 154.190505981445 289.431427001953
"329" 128.730163574219 154.502548217773 289.321411132812
"330" 121.831649780273 152.921829223633 286.748352050781
"331" 139.330352783203 169.57063293457 296.785125732422
"332" 137.827728271484 162.394271850586 295.684906005859
"333" 135.58171081543 156.520080566406 296.098663330078
"334" 126.529998779297 154.811004638672 293.983001708984
"335" 126.276519775391 154.557708740234 293.998016357422
"336" 116.971282958984 153.141555786133 289.281188964844
"337" 136.544387817383 168.108184814453 301.209686279297
"338" 134.764007568359 159.880004882812 300.514007568359
"339" 128.579528808594 153.145462036133 297.824340820312
"340" 124.850036621094 154.650390625 297.500335693359
"341" 121.799873352051 152.724014282227 297.185211181641
"342" 113.594665527344 152.573348999023 291.983245849609
"343" 134.387023925781 169.574111938477 305.690582275391
"344" 133.413192749023 162.110992431641 304.728393554688
"345" 128.147552490234 152.860931396484 301.808532714844
"346" 121.961006164551 153.961334228516 300.291900634766
"347" 116.453842163086 151.873474121094 298.381195068359
"348" 110.149002075195 152.389999389648 293.515991210938
"349" 132.253005981445 167.613998413086 309.085998535156
"350" 130.764999389648 160.736999511719 308.81201171875
"351" 128.689666748047 153.80989074707 306.495025634766
"352" 122.707550048828 155.061645507812 303.060272216797
"353" 119.136497497559 153.433807373047 302.236907958984
"354" 114.747108459473 151.904922485352 300.847106933594
"355" 109.258003234863 151.79899597168 294.528015136719
"356" 129.697982788086 168.494079589844 314.178680419922
"357" 128.53125 160.590484619141 312.207855224609
"358" 125.720581054688 153.033172607422 309.095794677734
"359" 121.417213439941 154.773895263672 306.491638183594
"360" 116.847389221191 153.634704589844 304.521240234375
"361" 113.823699951172 151.556060791016 300.717529296875
"362" 108.458999633789 152.542007446289 293.282989501953
"363" 126.152046203613 166.331832885742 318.875640869141
"364" 125.748443603516 157.919570922852 315.557525634766
"365" 122.214317321777 153.450073242188 311.938537597656
"366" 118.075996398926 154.02099609375 308.64599609375
"367" 114.954147338867 153.627868652344 305.913879394531
"368" 109.926002502441 151.128997802734 296.063995361328
"369" 124.583442687988 166.861282348633 321.430419921875
"370" 123.498001098633 160.261993408203 319.863006591797
"371" 120.016693115234 153.277053833008 314.990356445312
"372" 114.363395690918 156.020660400391 308.857299804688
"373" 113.384796142578 154.578582763672 308.294860839844
"374" 108.916999816895 150.17399597168 299.756011962891
"375" 120.607444763184 165.02082824707 325.911712646484
"376" 119.925605773926 158.098739624023 323.709045410156
"377" 116.951644897461 153.197860717773 317.519409179688
"378" 111.169387817383 156.372253417969 312.599060058594
"379" 109.059524536133 152.885452270508 310.677154541016
"380" 108.158340454102 149.543548583984 304.710845947266
"381" 117.209999084473 168.291000366211 330.940002441406
"382" 117.583000183105 161.154006958008 327.910003662109
"383" 112.933441162109 152.402740478516 319.914611816406
"384" 109.075996398926 153.147994995117 316.932006835938
"385" 105.357635498047 150.379943847656 314.066284179688
"386" 114.277275085449 168.005233764648 333.8173828125
"387" 114.113815307617 158.999404907227 330.985198974609
"388" 107.838035583496 149.350723266602 320.724151611328
"389" 110.149551391602 165.868545532227 336.830139160156
"390" 110.448287963867 153.676712036133 332.098510742188
