"V1" "V2" "V3"
"1" 39.2706680297852 35.0875854492188 8.83657932281494
"2" 38.4195 33.8431 8.5555
"3" 37.4523 32.6372 8.4128
"4" 36.5238 31.3982 8.2901
"5" 35.5969 30.1521 8.2638
"6" 34.6659 28.9126 8.3074
"7" 33.7697 27.6946 8.617
"8" 32.8377 26.4898 8.9153
"9" 32.0333 25.1923 9.1724
"10" 31.2334 23.8665 9.085
"11" 30.4883 22.52 9.0735
"12" 29.8566 21.2074 8.675
"13" 29.4309 20.0191 7.7814
"14" 29.1899 18.8274 6.8247
"15" 28.2697 17.8658 7.2109
"16" 27.2928333282471 17.2658195495606 8.25975799560547
"17" 37.2178344726562 49.7190208435059 5.23551750183105
"18" 38.2291 49.4149 5.4443
"19" 39.2958 49.7021 5.6205
"20" 40.378 49.8155 5.469
"21" 41.4775 49.6963 5.319
"22" 42.3909 49.8356 4.6851
"23" 42.9119 50.4539 4.0159
"24" 42.3419 51.0037 3.5629
"25" 41.302 51.3858 3.4536
"26" 40.2136 51.5108 3.5649
"27" 39.1494 51.5705 3.2894
"28" 38.0831 51.4424 3.3318
"29" 37.12 51.0461 3.7348
"30" 36.7326 50.4642 4.5535
"31" 39.2706680297852 35.0875854492188 8.83657932281494
"32" 31.5575714111328 28.8432731628418 10.2994785308838
"33" 34.4090881347656 23.6342372894287 20.8154544830322
"34" 34.8893 25.291 21.9585
"35" 35.2567 27.0944 22.9151
"36" 36.0332 28.747 23.8186
"37" 37.3645 30.3069 24.0164
"38" 38.5969 31.9479 24.0498
"39" 39.8174 33.4508 23.3275
"40" 40.8705 34.7209 22.1106
"41" 41.7086 35.5262 20.3989
"42" 42.1312 35.812 18.4179
"43" 42.1261 35.5843 16.3747
"44" 41.536 34.8689 14.5481
"45" 40.6361 33.8038 13.0186
"46" 39.4882 32.431 11.9688
"47" 38.1607 31.1792 10.9862
"48" 36.8168 29.7323 10.3542
"49" 35.6864 28.0907 9.8926
"50" 34.5772 26.402 10.2572
"51" 34.217 24.7584 11.3839
"52" 34.2792 23.5874 13.0792
"53" 34.5126 22.8093 14.9797
"54" 34.5743 22.3268 16.9887
"55" 34.4536 22.6256 19.0031
"56" 35.3490562438965 38.4138488769531 12.7103404998779
"57" 35.0557 36.4723 12.2506
"58" 34.5075 34.7353 11.2653
"59" 33.5498 32.9731 10.7337
"60" 32.7053 31.1048 10.4487
"61" 31.8716 29.2105 10.3049
"62" 31.2164 27.248 10.1325
"63" 30.2318 25.4448 10.1417
"64" 28.7707 24.294 10.9649
"65" 26.829137802124 23.8518199920654 11.48171043396
"66" 35.3490562438965 38.4138488769531 12.7103404998779
"67" 27.6262817382812 14.1801147460938 17.5316276550293
"68" 26.829137802124 23.8518199920654 11.48171043396
"69" 27.6262817382812 14.1801147460938 17.5316276550293
"70" 27.0868 16.2361 19.5347
"71" 26.9914 18.9339 20.828
"72" 26.87 21.6972 21.9784
"73" 26.6672 24.1803 23.6275
"74" 26.4526 26.6232 25.3481
"75" 26.3754 29.1203 26.9903
"76" 26.3497 31.9284 27.9735
"77" 26.0942 34.8828 28.3418
"78" 25.6685 37.8417 28.533
"79" 25.484 40.8268 28.7026
"80" 25.0583 43.7896 28.7687
"81" 24.5293 46.7281 28.8586
"82" 24.4786 49.7096 29.1264
"83" 24.2814 52.5639 29.9407
"84" 24.0615 55.4745 30.5915
"85" 23.831 58.4223 31.0604
"86" 23.7141 61.3575 31.6392
"87" 23.6342945098877 64.2839279174805 32.273193359375
"88" 23.1537933349609 69.3000869750977 15.087833404541
"89" 23.6342945098877 64.2839279174805 32.273193359375
"90" 27.2928333282471 17.2658195495606 8.25975799560547
"91" 12.5377330780029 33.266227722168 8.65037155151367
"92" 13.7899 31.9946 8.3017
"93" 15.0994 30.7398 8.1812
"94" 16.4941 29.5775 8.245
"95" 17.7379 28.252 8.2421
"96" 19.0276 26.9827 8.3711
"97" 20.2058 25.6597 8.7297
"98" 21.3968 24.3307 9.0485
"99" 22.476 22.884 8.937
"100" 23.6137 21.4777 8.781
"101" 24.3927 19.9901 8.1915
"102" 25.1123 18.7628 7.0725
"103" 26.064 17.3808 7.0402
"104" 27.2928333282471 17.2658195495606 8.25975799560547
"105" 12.5377330780029 33.266227722168 8.65037155151367
"106" 21.5809364318848 27.7393646240234 10.3563957214356
"107" 19.2906093597412 22.3615550994873 20.3867073059082
"108" 18.5374 23.9248 21.6376
"109" 17.856 25.6376 22.7176
"110" 16.8349 27.3225 23.5418
"111" 15.159 28.6404 23.6572
"112" 13.7714 30.2169 23.8033
"113" 12.412 31.6109 22.9406
"114" 11.2074 32.7896 21.6295
"115" 10.3462 33.2639 19.7497
"116" 9.8771 33.4939 17.6983
"117" 10.1334 33.0558 15.6559
"118" 11.0084 32.3863 13.8307
"119" 12.1675 31.232 12.4589
"120" 13.6424 30.0338 11.4975
"121" 15.3325 28.9427 10.7633
"122" 16.798 27.5751 10.0176
"123" 18.2953 26.0872 9.9614
"124" 19.4252 24.5531 10.7974
"125" 19.499 23.0906 12.3333
"126" 19.5974 22.2128 14.2605
"127" 19.4921 21.7647 16.3461
"128" 19.2846 21.5045 18.4596
"129" 16.1944160461426 36.9570388793945 12.5649547576904
"130" 17.4066 35.434 11.9277
"131" 18.0908 33.6443 11.1566
"132" 18.9829 31.8567 10.6275
"133" 20.0083 30.0926 10.2739
"134" 21.0033 28.2881 10.2444
"135" 22.204 26.6066 10.0997
"136" 23.2884 24.8584 10.1234
"137" 24.8376 23.9153 10.9555
"138" 26.829137802124 23.8518199920654 11.48171043396
"139" 16.1944160461426 36.9570388793945 12.5649547576904
"140" 37.3514709472656 49.7126350402832 4.5890851020813
"141" 37.397029876709 50.0542221069336 4.22406148910522
"142" 37.5156593322754 50.372932434082 3.92170238494873
"143" 37.6734390258789 50.7032508850098 3.63660001754761
"144" 37.8810997009277 51.0349998474121 3.38207006454468
"145" 37.8849601745605 49.4846649169922 4.61635732650757
"146" 37.9270439147949 49.8390655517578 4.25458478927612
"147" 38.0507736206055 50.2650108337402 4.01325654983521
"148" 38.2086639404297 50.5946044921875 3.68367600440979
"149" 38.531566619873 50.886775970459 3.39151191711426
"150" 38.4521179199219 49.4367256164551 4.65507316589355
"151" 38.5461883544922 49.7798690795898 4.31461095809937
"152" 38.6040267944336 50.2411727905273 3.97562885284424
"153" 38.8086776733398 50.6374053955078 3.64084529876709
"154" 39.0385475158691 51.0484313964844 3.47603034973145
"155" 38.9078559875488 49.5350875854492 4.81473970413208
"156" 39.055549621582 49.8611259460449 4.41714668273926
"157" 39.163875579834 50.2782974243164 4.09288644790649
"158" 39.5702018737793 49.478199005127 3.81547999382019
"159" 39.5087013244629 51.0782012939453 3.5693199634552
"160" 39.5882911682129 49.1785736083984 4.58024787902832
"161" 39.7008666992188 49.5101623535156 4.2673397064209
"162" 39.694278717041 50.4023704528809 4.24627304077148
"163" 39.6932983398438 49.478199005127 3.87701988220215
"164" 40.1856002807617 51.201301574707 3.63086009025574
"165" 39.9130783081055 49.9157829284668 4.91633129119873
"166" 40.1094284057617 50.2529411315918 4.57920122146606
"167" 40.2000617980957 50.5313529968262 4.29844284057617
"168" 40.6778984069824 50.5858993530273 4.00010013580322
"169" 40.7394981384277 51.0167007446289 3.63086009025574
"170" 40.545841217041 49.8771209716797 4.89923095703125
"171" 40.6352767944336 50.155101776123 4.43568229675293
"172" 40.6935081481934 50.5774993896484 4.00849962234497
"173" 40.8174095153809 51.0085182189941 3.63086819648743
"174" 41.0403633117676 49.7965278625488 4.79624938964844
"175" 41.0236663818359 50.0570411682129 4.46736001968384
"176" 41.1045036315918 50.3324737548828 4.13351631164551
"177" 41.096061706543 50.8150596618652 3.70210385322571
"178" 41.5000877380371 49.7265243530273 4.77858304977417
"179" 41.4906311035156 50.0629577636719 4.34040403366089
"180" 41.4977378845215 50.4276008605957 3.96973180770874
"181" 41.509651184082 50.8045272827148 3.59682488441467
"182" 41.8842124938965 49.8538589477539 4.49293804168701
"183" 41.9494590759277 50.1758995056152 4.16728687286377
"184" 41.9028778076172 50.4074897766113 3.87701988220215
"185" 41.8319396972656 50.8131675720215 3.55133557319641
"186" 42.3832015991211 50.1147842407227 4.10731029510498
"187" 42.317985534668 50.3447608947754 3.81041955947876
"188" 42.2779998779297 50.6473999023438 3.5693199634552
"189" 38.6489944458008 34.9388275146484 9.95169448852539
"190" 38.5232734680176 35.3232688903809 10.8281450271606
"191" 38.2476539611816 35.3388290405273 11.1838483810425
"192" 38.0160064697266 35.492805480957 11.7468061447144
"193" 38.0387382507324 35.6316986083984 11.8701601028442
"194" 36.923999786377 36.0009002685547 12.492600440979
"195" 35.8162994384766 37.0471000671387 12.6156997680664
"196" 38.0796089172363 33.9564094543457 9.27200698852539
"197" 37.8520965576172 34.4673957824707 10.4486627578735
"198" 37.8458137512207 34.5842132568359 10.6464004516602
"199" 37.2278060913086 34.5260734558105 11.3908824920654
"200" 37.507438659668 34.6765365600586 11.2003002166748
"201" 35.6316986083984 35.2009010314941 11.7540998458862
"202" 37.4574356079102 33.0738105773926 9.09006404876709
"203" 37.1586990356445 33.4127922058105 9.97749900817871
"204" 36.9833145141602 33.6684226989746 10.650562286377
"205" 37.2432746887207 33.6739730834961 10.2771997451782
"206" 37.0455169677734 33.7207374572754 10.5833177566528
"207" 35.4994239807129 34.4100723266602 11.3849000930786
"208" 35.1393013000488 34.831600189209 11.3849000930786
"209" 36.7792167663574 32.3087425231934 9.06836318969727
"210" 36.4426193237305 32.5579071044922 9.90023040771484
"211" 36.5627098083496 32.8042602539062 10.0880184173584
"212" 36.4319000244141 32.6700744628906 10.0846071243286
"213" 36.4610824584961 32.830207824707 10.2156000137329
"214" 34.9354019165039 33.8047943115234 11.015700340271
"215" 36.2677841186523 31.4676818847656 8.85840129852295
"216" 35.9383163452148 31.6528816223145 9.5639066696167
"217" 35.7456474304199 31.8584842681885 10.0824394226074
"218" 35.9393997192383 31.6315994262695 9.60023975372314
"219" 35.9383926391602 31.8654327392578 9.77329540252686
"220" 34.5238990783691 32.6161994934082 10.7080001831055
"221" 33.9085006713867 32.8624000549316 10.6464004516602
"222" 35.5812225341797 30.5964260101318 8.73692035675049
"223" 35.3190803527832 30.6821269989014 9.27111053466797
"224" 35.0090446472168 30.701244354248 9.95619201660156
"225" 35.0230865478516 30.5855484008789 9.65517997741699
"226" 35.2624015808105 30.7528171539307 9.39842700958252
"227" 35.2624015808105 30.8314990997314 9.47716045379639
"228" 33.6623992919922 32.0623016357422 10.461799621582
"229" 34.7177734375 29.5698280334473 8.76014709472656
"230" 34.3893585205078 29.5276756286621 9.35988426208496
"231" 34.1547012329102 29.4051265716553 9.89404487609863
"232" 34.4009017944336 29.4160995483398 9.23099994659424
"233" 34.5238990783691 29.6623001098633 9.23099994659424
"234" 34.5854988098145 29.8469009399414 9.35408973693848
"235" 33.132926940918 31.2537212371826 10.3387002944946
"236" 33.8168983459473 28.4013767242432 8.93977451324463
"237" 33.6232719421387 28.3948535919189 9.58474063873291
"238" 33.4675407409668 28.2655334472656 10.0490446090698
"239" 33.768497467041 28.4144973754883 9.23099994659424
"240" 34.0316009521484 28.8623008728027 9.04638004302979
"241" 32.8624000549316 30.0149440765381 10.2771997451782
"242" 32.1239013671875 27.9868412017822 10.2156000137329
"243" 32.9854011535645 27.2500076293945 9.70332908630371
"244" 32.6099014282227 27.3734436035156 10.2771997451782
"245" 33.0470008850098 27.2621994018555 9.47716045379639
"246" 33.2316017150879 27.5544166564941 9.22701358795166
"247" 33.4777984619141 27.9396076202393 9.05737972259521
"248" 32.0623016357422 29.0468997955322 10.1541004180908
"249" 31.4373664855957 26.6767063140869 10.0310001373291
"250" 31.9393005371094 26.4006996154785 10.1541004180908
"251" 32.187183380127 25.8975849151611 9.96809387207031
"252" 32.4315986633301 26.1544990539551 9.47716045379639
"253" 32.5546989440918 26.3390998840332 8.98484039306641
"254" 32.6161994934082 26.4622001647949 8.98484039306641
"255" 31.0161991119385 27.3237991333008 10.0310001373291
"256" 30.4853496551514 25.3160171508789 10.0310001373291
"257" 31.1257648468018 25.1037902832031 10.7125091552734
"258" 31.6315994262695 24.985200881958 9.84640026092529
"259" 31.6930999755859 24.985200881958 9.66178035736084
"260" 31.8162002563477 25.0468006134033 9.10791969299316
"261" 32.0008010864258 25.4776000976562 9.23099040985107
"262" 30.8618774414062 25.9859313964844 9.96947956085205
"263" 30.0033054351807 24.3980674743652 10.1541004180908
"264" 31.2780303955078 24.0061016082764 10.831000328064
"265" 31.2084255218506 23.9076061248779 10.831000328064
"266" 30.8079471588135 23.7330760955811 9.96170425415039
"267" 30.8931007385254 23.6928997039795 9.29253959655762
"268" 29.9611740112305 24.6779937744141 10.1541004180908
"269" 29.4160995483398 23.0160007476807 10.5233001708984
"270" 30.1663608551025 23.014627456665 11.0654430389404
"271" 30.6823692321777 22.8711891174316 10.831000328064
"272" 30.2178077697754 23.2619342803955 11.0754957199097
"273" 29.6284847259521 23.3006553649902 10.4003000259399
"274" 29.1700000762939 23.8159999847412 10.5233001708984
"275" 29.4114589691162 21.4727764129639 9.77546691894531
"276" 30.1267108917236 21.9070510864258 10.7358226776123
"277" 29.9699993133545 22.2775001525879 10.1541004180908
"278" 29.6623001098633 21.846700668335 9.7848596572876
"279" 28.3083992004395 23.6928997039795 11.015700340271
"280" 29.0568065643311 20.3953895568848 8.63134670257568
"281" 29.1700000762939 21.2352962493896 10.1486301422119
"282" 29.3081512451172 21.3694934844971 9.96947383880615
"283" 29.1084003448486 21.1697998046875 10.0310001373291
"284" 28.0006999969482 22.7698001861572 11.3849000930786
"285" 28.8623008728027 19.6928005218506 7.87712001800537
"286" 28.6796455383301 20.3717441558838 10.0300006866455
"287" 28.3212146759033 20.4865207672119 10.6888942718506
"288" 27.9715270996094 20.3405418395996 11.0771999359131
"289" 28.4930000305176 19.0981979370117 8.20563220977783
"290" 28.233980178833 19.419979095459 9.89420890808105
"291" 27.5359916687012 19.9791202545166 11.1512289047241
"292" 27.2038497924805 20.1416702270508 11.3383197784424
"293" 28.1853008270264 18.5851001739502 8.73867988586426
"294" 27.6620750427246 18.5222454071045 10.060715675354
"295" 27.7914047241211 18.6208553314209 11.5069227218628
"296" 27.222131729126 19.2495555877686 12.110936164856
"297" 27.5989475250244 17.9081001281738 9.2361888885498
"298" 27.1651706695557 18.8980598449707 10.5286598205566
"299" 13.2872915267944 33.2860908508301 9.71104526519775
"300" 13.5685367584229 33.5095634460449 10.613130569458
"301" 13.5138702392578 33.7453460693359 11.0736818313599
"302" 14.1656284332275 33.958984375 11.9276847839355
"303" 13.9185752868652 33.7854995727539 11.5184841156006
"304" 16.1849994659424 35.5085983276367 12.1849002838135
"305" 13.7468719482422 32.5768356323242 9.06495761871338
"306" 14.1826162338257 32.9448776245117 10.3881921768188
"307" 14.2717876434326 32.9294052124023 10.5729217529297
"308" 14.7483024597168 33.148551940918 10.542046546936
"309" 14.7965087890625 33.2046928405762 10.6464004516602
"310" 16.9235000610352 34.5238990783691 11.5080003738403
"311" 14.5158767700195 31.8852348327637 8.97040176391602
"312" 14.9501848220825 32.0296745300293 9.93281650543213
"313" 15.1447286605835 32.0798950195312 10.3621835708618
"314" 15.0440626144409 32.0303535461426 10.0887613296509
"315" 15.3234996795654 32.0008010864258 10.4003000259399
"316" 17.2311992645264 32.923900604248 10.9540996551514
"317" 17.7168846130371 33.1633834838867 10.8926000595093
"318" 15.2917804718018 31.1760425567627 8.86835861206055
"319" 15.8984203338623 31.1860504150391 9.91432094573975
"320" 16.0390949249268 31.1448802947998 10.075231552124
"321" 16.049861907959 30.966646194458 9.78365707397461
"322" 16.0335063934326 30.983039855957 9.72332000732422
"323" 17.6004009246826 31.8777008056641 10.7080001831055
"324" 18.5235004425049 31.8777008056641 10.5233001708984
"325" 16.0980224609375 30.4343566894531 8.80835628509521
"326" 16.6271686553955 30.2962379455566 9.44688987731934
"327" 17.1990852355957 29.9405136108398 9.8735933303833
"328" 17.1081008911133 29.785400390625 9.4087963104248
"329" 17.2926998138428 29.6623001098633 9.35408020019531
"330" 18.8927993774414 30.8904571533203 10.3387002944946
"331" 17.5268363952637 29.1246662139893 8.77655982971191
"332" 17.8598537445068 29.0951347351074 9.44701099395752
"333" 18.1649951934814 28.8162841796875 9.68800449371338
"334" 17.9969806671143 28.8350200653076 9.17038059234619
"335" 18.0734081268311 28.7585926055908 9.17296028137207
"336" 19.5132751464844 30.0174655914307 10.2156000137329
"337" 18.5903987884521 28.0570011138916 8.90191078186035
"338" 18.8398971557617 27.9920024871826 9.54930400848389
"339" 19.0362205505371 27.7377548217773 9.7918062210083
"340" 18.9542999267578 27.7728099822998 9.35068511962891
"341" 18.9055633544922 27.741735458374 8.98484039306641
"342" 20.15895652771 28.9499740600586 10.1541004180908
"343" 19.4144325256348 26.9624729156494 8.91828536987305
"344" 19.6153240203857 26.9700660705566 9.43710041046143
"345" 19.8787326812744 26.797607421875 9.93690586090088
"346" 19.778995513916 26.7452449798584 9.33875942230225
"347" 19.7542991638184 26.6467990875244 8.86176013946533
"348" 20.8712120056152 27.5652275085449 10.1541004180908
"349" 20.3974018096924 25.8815422058105 9.23189830780029
"350" 20.9384956359863 26.1052417755127 10.0925998687744
"351" 20.979061126709 25.8620185852051 10.0925998687744
"352" 20.6312122344971 25.5237884521484 9.24376678466797
"353" 20.9842548370361 25.9307899475098 10.0925998687744
"354" 20.7390003204346 25.4160003662109 8.93972015380859
"355" 21.9149017333984 26.0165042877197 9.96947956085205
"356" 21.3544006347656 24.6989269256592 9.3170280456543
"357" 22.1295928955078 24.8715705871582 10.7943077087402
"358" 21.4071826934814 24.3170166015625 10.4210472106934
"359" 21.3247222900391 24.1723937988281 10.2775115966797
"360" 21.7010898590088 24.3308429718018 9.56275844573975
"361" 21.846700668335 24.1236991882324 9.35410976409912
"362" 22.9353771209717 24.7134132385254 10.0141305923462
"363" 22.6164932250977 23.2278156280518 9.61196041107178
"364" 22.492733001709 23.2612152099609 10.831000328064
"365" 22.0611381530762 23.0659275054932 10.831000328064
"366" 22.4541778564453 23.3742294311523 10.831000328064
"367" 22.7501487731934 23.2815074920654 10.0206804275513
"368" 23.6448974609375 24.0140991210938 10.1541004180908
"369" 23.4549751281738 22.2077255249023 9.5294713973999
"370" 23.8159999847412 22.3328647613525 10.5233001708984
"371" 22.8460502624512 22.1415767669678 10.7096490859985
"372" 23.4233436584473 22.3008575439453 9.88812637329102
"373" 23.6836051940918 21.9790916442871 9.55247116088867
"374" 24.6774997711182 23.50830078125 10.5848999023438
"375" 24.5772800445557 20.9842758178711 9.62219429016113
"376" 24.4033756256104 21.2592792510986 10.3366546630859
"377" 23.7586994171143 21.2039031982422 10.5848999023438
"378" 24.6159992218018 21.0466995239258 9.7848596572876
"379" 24.9807453155518 20.7435550689697 10.0356512069702
"380" 25.8467998504639 22.3390007019043 11.4463996887207
"381" 25.0425605773926 19.8209667205811 8.43604850769043
"382" 25.2658672332764 20.2737331390381 9.71719837188721
"383" 25.4739322662354 20.4198513031006 10.4467096328735
"384" 25.6682929992676 20.4417381286621 11.0322313308716
"385" 26.1397800445557 20.9423542022705 11.9240560531616
"386" 25.6575469970703 19.1499900817871 8.25279521942139
"387" 25.9699001312256 19.4367427825928 9.88135433197021
"388" 26.0425872802734 19.5683097839355 11.6926002502441
"389" 26.2159996032715 18.3861427307129 8.68694877624512
"390" 26.9535446166992 18.9542999267578 10.5848999023438
