"V1" "V2" "V3"
"1" 28.8069400787354 16.5156631469727 10.3440294265747
"2" 28.5784 15.869 9.3798
"3" 27.8462 15.0067 8.8559
"4" 27.107 14.0356 8.6216
"5" 26.4901 12.9854 8.3642
"6" 25.8237 11.9307 8.2765
"7" 25.1198 10.8992 8.3233
"8" 24.402 9.8753 8.3621
"9" 23.6654 8.8734 8.4865
"10" 22.8603 7.9409 8.6883
"11" 22.0892 7.0111 8.9715
"12" 21.3474 6.0251 9.0129
"13" 20.4491 5.1731 8.874
"14" 19.632 4.3966 9.2793
"15" 18.6385 3.9102 9.8423
"16" 17.6286754608154 3.66809129714966 10.5371541976929
"17" 27.5871963500977 30.9934005737305 4.58686399459839
"18" 28.5475 31.0819 4.6148
"19" 29.4806 31.0555 4.9416
"20" 30.3763 30.8065 4.7431
"21" 31.2495 30.4326 4.6717
"22" 31.7965 31.0764 4.8507
"23" 32.0096 31.9094 5.295
"24" 32.0401 32.5271 6.0199
"25" 31.4524 32.9702 6.5716
"26" 30.4928 33.0995 6.5197
"27" 29.525 33.122 6.3542
"28" 28.5569 33.0688 6.3132
"29" 28.0272 32.3295 5.9862
"30" 27.8174 31.7107 5.2375
"31" 28.8069400787354 16.5156631469727 10.3440294265747
"32" 21.2647895812988 13.5277128219604 10.5001621246338
"33" 23.6755409240723 8.87537002563477 17.7963600158691
"34" 23.9049 9.7372 18.6355
"35" 24.3148 10.8102 19.1099
"36" 24.6251 11.9417 19.5164
"37" 25.0323 13.086 19.5468
"38" 25.875 13.9881 19.448
"39" 26.5458 15.0236 19.3543
"40" 27.0743 16.112 19.0919
"41" 27.7999 16.906 18.5363
"42" 28.4643 16.9386 17.5213
"43" 28.9438 16.4806 16.4776
"44" 29.0979 15.919 15.3841
"45" 28.9514 15.3249 14.3051
"46" 28.4811 14.6021 13.4219
"47" 27.9207 13.7355 12.7337
"48" 27.3344 12.7424 12.2802
"49" 26.672 11.7213 12.0233
"50" 25.9361 10.7202 12.0363
"51" 25.2016 9.7875 12.3944
"52" 24.6011 9.1056 13.2444
"53" 24.0804 8.5986 14.2242
"54" 23.7573 8.353 15.3951
"55" 23.6794 8.4972 16.61
"56" 24.5389499664307 19.4985752105713 11.1582088470459
"57" 23.8712 18.1972 10.4465
"58" 23.0929 16.7452 10.2034
"59" 22.5016 15.1925 10.1998
"60" 21.6896 13.7678 10.4845
"61" 20.7589 12.3975 10.6341
"62" 19.9537 10.9513 10.772
"63" 19.3582 9.4296 10.886
"64" 18.6665 8.1003 11.3967
"65" 17.4426155090332 7.69583702087402 12.4364471435547
"66" 24.5389499664307 19.4985752105713 11.1582088470459
"67" 17.6187286376953 3.72860527038574 19.3523826599121
"68" 17.4426155090332 7.69583702087402 12.4364471435547
"69" 17.6187286376953 3.72860527038574 19.3523826599121
"70" 17.6551 5.5348 20.1351
"71" 17.6888 7.4899 20.4176
"72" 17.7857 9.4604 20.4418
"73" 17.8288 11.4354 20.5936
"74" 17.9588 13.3967 20.8459
"75" 17.8977 15.365 21.0842
"76" 17.8498 17.3418 21.1791
"77" 17.71 19.3107 21.2869
"78" 17.6787 21.2678 21.6014
"79" 17.6182 23.2123 21.9839
"80" 17.6168 25.1539 22.3858
"81" 17.5427 27.1084 22.6931
"82" 17.5397 29.0748 22.7084
"83" 17.3806 31.0417 22.5458
"84" 17.3967 33.0213 22.4959
"85" 17.2984 34.9983 22.3763
"86" 17.2798 36.9661 22.1494
"87" 17.1375427246094 38.9374771118164 22.1204166412354
"88" 16.949592590332 40.1360473632812 8.88708686828613
"89" 17.1375427246094 38.9374771118164 22.1204166412354
"90" 17.6286754608154 3.66809129714966 10.5371541976929
"91" 6.24831104278565 16.6163024902344 10.5251531600952
"92" 6.553 15.8991 9.3585
"93" 7.3799 14.7026 8.8936
"94" 8.1129 13.4921 8.34
"95" 8.9344 12.2022 8.1629
"96" 9.8108 11.0113 7.9565
"97" 10.6668 9.7349 8.0043
"98" 11.5088 8.467 8.1625
"99" 12.2074 7.2054 8.6953
"100" 13.0273 6.0353 9.2738
"101" 13.9661 4.9414 9.72
"102" 15.2297 4.5335 9.161
"103" 16.4475 3.7954 9.6046
"104" 17.6286754608154 3.66809129714966 10.5371541976929
"105" 6.24831104278565 16.6163024902344 10.5251531600952
"106" 13.7523765563965 13.6671190261841 10.677490234375
"107" 11.1559743881226 9.08286285400391 18.3151550292969
"108" 10.7502 10.1379 18.959
"109" 10.4003 11.2971 19.428
"110" 10.0905 12.5365 19.5867
"111" 9.2411 13.4647 19.4005
"112" 8.443 14.4704 19.2913
"113" 7.9378 15.6665 19.1854
"114" 7.2317 16.6042 18.6857
"115" 6.5286 16.7854 17.7059
"116" 6.1403 16.4257 16.5214
"117" 5.9268 15.9614 15.325
"118" 5.9759 15.4281 14.1429
"119" 6.3772 14.7093 13.1577
"120" 7.0049 13.7515 12.5464
"121" 7.6842 12.7061 12.1854
"122" 8.4556 11.6759 12.0929
"123" 9.2315 10.6493 12.2576
"124" 9.9128 9.6788 12.7015
"125" 10.534 8.9619 13.5883
"126" 11.0443 8.4597 14.6585
"127" 11.3114 8.3379 15.9141
"128" 11.3009 8.4759 17.1711
"129" 10.606107711792 19.0371551513672 10.9055509567261
"130" 11.2825 17.672 10.535
"131" 12.1002 16.3812 10.331
"132" 12.9319 15.035 10.398
"133" 13.7033 13.6701 10.6783
"134" 14.3369 12.2265 10.8483
"135" 15.1598 10.8755 10.964
"136" 15.633 9.3717 10.9703
"137" 16.2559 8.0788 11.4579
"138" 17.4426155090332 7.69583702087402 12.4364471435547
"139" 10.606107711792 19.0371551513672 10.9055509567261
"140" 28.1019992828369 31.141284942627 4.49477910995483
"141" 28.1679000854492 31.4798316955566 4.88931846618652
"142" 28.2097244262695 31.7075366973877 5.11870670318604
"143" 28.2434234619141 32.0003128051758 5.40983581542969
"144" 28.4937992095947 32.3497848510742 5.70330953598022
"145" 28.2698993682861 31.1755676269531 4.58507442474365
"146" 28.5251579284668 31.5567893981934 4.96631097793579
"147" 28.5844554901123 31.80517578125 5.15868282318115
"148" 28.6356143951416 32.0847816467285 5.43833875656128
"149" 28.7912998199463 32.5158233642578 5.81240510940552
"150" 28.7737007141113 31.4608001708984 4.92623996734619
"151" 28.9453830718994 31.6473178863525 5.11279106140137
"152" 28.9687690734863 31.8864440917969 5.35193157196045
"153" 29.077091217041 32.2849655151367 5.63845539093018
"154" 29.205738067627 32.7384605407715 5.98003387451172
"155" 29.0705337524414 31.4438667297363 5.03819990158081
"156" 29.3334999084473 31.9085998535156 5.31809997558594
"157" 29.4174461364746 31.969482421875 5.37896537780762
"158" 29.509256362915 32.3445777893066 5.69812202453613
"159" 29.7004089355469 32.7530174255371 6.05026197433472
"160" 29.8769149780273 31.1972541809082 5.05457782745361
"161" 29.7418479919434 31.7214546203613 5.37408018112183
"162" 29.8618869781494 32.0816040039062 5.5157208442688
"163" 29.9896335601807 32.3665199279785 5.77605104446411
"164" 30.1420288085938 32.7651710510254 6.06269025802612
"165" 30.0028114318848 31.4122219085693 5.26211977005005
"166" 30.1901397705078 31.7595252990723 5.43005990982056
"167" 30.2925071716309 32.0968170166016 5.56229686737061
"168" 30.4451293945312 32.383430480957 5.86993265151978
"169" 30.578088760376 32.771556854248 6.1018180847168
"170" 30.6210994720459 31.5167007446289 5.15015983581543
"171" 30.6338748931885 31.7280559539795 5.37408018112183
"172" 30.720911026001 32.2416534423828 5.61823654174805
"173" 30.891752243042 32.7515029907227 6.05011510848999
"174" 31.3488006591797 31.3488006591797 4.75829982757568
"175" 30.9183197021484 31.5238780975342 5.15015983581543
"176" 31.00612449646 31.942268371582 5.35175132751465
"177" 31.1140422821045 32.4785041809082 5.93387985229492
"178" 31.3488006591797 31.3488006591797 4.75829982757568
"179" 31.2255268096924 31.5171489715576 4.98266792297363
"180" 31.2631187438965 31.9678955078125 5.32139873504639
"181" 31.4215621948242 32.4683990478516 5.80800342559814
"182" 31.4348812103271 31.3488006591797 4.75829982757568
"183" 31.4703330993652 31.5653190612793 4.9748215675354
"184" 31.4961166381836 31.9017734527588 5.25471448898315
"185" 31.6091537475586 32.4090347290039 5.70659017562866
"186" 31.6963481903076 31.442985534668 4.90843200683594
"187" 31.7099571228027 31.7966041564941 5.18560695648193
"188" 31.8758373260498 32.1507682800293 5.48604536056519
"189" 27.7362518310547 16.4045162200928 10.8923635482788
"190" 27.8783988952637 16.2980422973633 11.5879001617432
"191" 27.3579959869385 16.2413330078125 11.7791385650635
"192" 27.0461025238037 16.8310508728027 11.520751953125
"193" 26.0988941192627 17.3211898803711 11.4992895126343
"194" 25.5268993377686 17.801700592041 11.3639001846313
"195" 24.9111003875732 18.5293998718262 11.0839996337891
"196" 27.7115879058838 15.7013635635376 10.0461568832397
"197" 27.5074081420898 15.6396074295044 11.1517162322998
"198" 27.482349395752 15.6145496368408 11.1960000991821
"199" 26.4414710998535 16.2381858825684 11.1400003433228
"200" 25.4622478485107 16.8514728546143 10.9634485244751
"201" 24.8487644195557 17.4009819030762 10.6858625411987
"202" 27.3754539489746 14.980580329895 9.71717548370361
"203" 26.813081741333 15.2283802032471 10.5833320617676
"204" 26.4140357971191 15.4979362487793 10.9160995483398
"205" 26.7275352478027 15.3076362609863 10.6921997070312
"206" 25.3355503082275 16.0655193328857 10.7240285873413
"207" 24.7430438995361 16.5604610443115 10.4682998657227
"208" 24.2392997741699 17.0739002227783 10.3002996444702
"209" 26.9823970794678 14.3523893356323 9.63747978210449
"210" 26.418140411377 14.5100889205933 10.5399284362793
"211" 26.4205055236816 14.7286882400513 10.6382942199707
"212" 25.723237991333 14.8793544769287 10.8041000366211
"213" 24.899435043335 15.5869579315186 10.4123001098633
"214" 24.3512992858887 16.2341995239258 10.2442998886108
"215" 26.2546005249023 14.0509996414185 9.62856006622314
"216" 25.9010372161865 14.0893058776855 10.2127504348755
"217" 25.6461906433105 14.1861152648926 10.7080345153809
"218" 25.8870582580566 13.9592189788818 10.5802001953125
"219" 24.9536037445068 14.7570066452026 10.254096031189
"220" 24.3512992858887 15.2265996932983 9.74051952362061
"221" 23.6236000061035 15.2226295471191 9.45665073394775
"222" 25.9186992645264 13.3351383209229 9.47255420684814
"223" 25.6337375640869 13.397162437439 9.87551403045654
"224" 24.9647445678711 13.4626922607422 10.6361999511719
"225" 25.3826808929443 13.1269884109497 10.5242004394531
"226" 24.7258129119873 13.8481569290161 10.5242004394531
"227" 24.1282005310059 14.4151439666748 9.6285572052002
"228" 23.6236000061035 15.170599937439 9.40464019775391
"229" 25.30299949646 12.4275999069214 9.40464019775391
"230" 25.0058727264404 12.58962059021 9.97578048706055
"231" 25.2948818206787 12.2252836227417 11.0542507171631
"232" 25.0764484405518 12.4570541381836 10.4123001098633
"233" 24.29736328125 13.191650390625 9.90845966339111
"234" 23.9034996032715 13.91552734375 9.46061992645264
"235" 23.4697570800781 15.0586004257202 9.5024471282959
"236" 24.844841003418 11.8677997589111 9.58284473419189
"237" 24.8102645874023 11.5931196212769 10.070499420166
"238" 24.3227291107178 11.8478097915649 10.7207698822021
"239" 24.5752487182617 11.7738571166992 10.2822933197021
"240" 23.5292015075684 12.863037109375 9.59861087799072
"241" 23.2317008972168 13.2672996520996 9.46061992645264
"242" 24.459529876709 10.7220058441162 8.93438148498535
"243" 24.2701816558838 10.7815074920654 9.85640144348145
"244" 23.7685661315918 11.1113166809082 10.7424249649048
"245" 24.1388244628906 10.9782266616821 10.5242004394531
"246" 23.4391021728516 11.6412677764893 9.96444988250732
"247" 22.8397998809814 12.0916996002197 9.62856006622314
"248" 22.8957996368408 13.0432996749878 9.62856006622314
"249" 23.959400177002 10.132399559021 9.18072032928467
"250" 23.653356552124 9.88230991363525 10.2496929168701
"251" 23.5066661834717 9.99590682983398 10.67262840271
"252" 23.2877006530762 10.132399559021 10.4123001098633
"253" 22.503999710083 10.8600997924805 10.0204000473022
"254" 22.3920001983643 11.8118000030518 9.79654026031494
"255" 20.7686004638672 12.4275999069214 10.5802001953125
"256" 23.1196994781494 8.95680046081543 9.51659965515137
"257" 22.9904289245605 8.97095394134521 10.2758378982544
"258" 22.8595008850098 9.22439193725586 10.9524164199829
"259" 22.9517993927002 8.95680046081543 10.3002996444702
"260" 21.4188098907471 9.99886226654053 10.6921997070312
"261" 21.2164001464844 10.4123001098633 10.6361999511719
"262" 20.264799118042 11.0281000137329 10.6921997070312
"263" 22.3617401123047 7.86291646957397 9.46061325073242
"264" 22.5132141113281 8.54096984863281 11.0508279800415
"265" 21.9650192260742 8.47744274139404 11.1960000991821
"266" 21.1609764099121 8.74955368041992 11.0839996337891
"267" 20.4887008666992 8.90081977844238 10.7482004165649
"268" 20.1779270172119 9.27867984771729 10.6361999511719
"269" 21.5943088531494 7.0954737663269 9.47082424163818
"270" 21.7971706390381 7.6132869720459 11.015887260437
"271" 21.3662967681885 7.6279296875 11.2519998550415
"272" 20.9070415496826 7.76949644088745 11.3197059631348
"273" 20.1002788543701 7.91203641891479 11.1211366653442
"274" 19.4771919250488 8.12711524963379 10.9721002578735
"275" 20.8220195770264 6.61821699142456 10.3154325485229
"276" 20.8279304504395 7.13027906417847 11.3639001846313
"277" 20.3678188323975 7.14758443832397 11.5324630737305
"278" 19.0331993103027 6.21377992630005 10.5802001953125
"279" 18.6276931762695 7.54178190231323 11.505054473877
"280" 20.3614330291748 5.70925712585449 9.94987487792969
"281" 20.271556854248 6.42987823486328 11.1814565658569
"282" 20.0110397338867 6.20330429077148 11.3377590179443
"283" 18.9771995544434 6.15780019760132 10.8600997924805
"284" 18.4174003601074 6.21377992630005 10.9160995483398
"285" 19.6490001678467 5.21212434768677 9.73112392425537
"286" 19.6571578979492 5.65397977828979 11.3876800537109
"287" 19.143461227417 5.99844980239868 12.2608957290649
"288" 18.5844993591309 5.47309017181396 12.4848003387451
"289" 18.641300201416 5.98986005783081 10.0763998031616
"290" 18.4174003601074 6.15780019760132 10.9721002578735
"291" 18.4900207519531 5.76836109161377 12.8052024841309
"292" 17.7822246551514 6.1542797088623 13.3267221450806
"293" 18.1375007629395 6.04583978652954 10.6361999511719
"294" 18.4291687011719 4.6601095199585 11.9260864257812
"295" 18.1896266937256 5.0343165397644 13.1604166030884
"296" 17.6015968322754 5.52926921844482 13.6590995788574
"297" 18.0040130615234 4.21548366546631 11.3465261459351
"298" 17.6418685913086 4.70232009887695 12.698694229126
"299" 7.14013051986694 16.5040550231934 10.9367380142212
"300" 7.55272388458252 16.5043830871582 11.2422847747803
"301" 7.53686380386353 16.6516971588135 11.5015430450439
"302" 8.27478981018066 17.0008869171143 11.682785987854
"303" 8.73287963867188 17.1298999786377 11.5319004058838
"304" 10.132399559021 18.0814990997314 10.9160995483398
"305" 7.22966766357422 15.9201278686523 10.1064786911011
"306" 7.91446018218994 16.1826934814453 11.109766960144
"307" 7.82244825363159 16.0167827606201 10.9638786315918
"308" 8.85378360748291 16.2879943847656 11.2408819198608
"309" 9.68453979492188 16.738000869751 10.9721002578735
"310" 10.472601890564 17.3091945648193 10.631890296936
"311" 7.53445720672607 15.1346998214722 9.7935962677002
"312" 8.07938766479492 15.2315254211426 10.6034049987793
"313" 8.35323333740234 15.3148126602173 10.9606294631958
"314" 8.82976627349854 15.526195526123 11.1400003433228
"315" 9.46061992645264 16.0102996826172 10.9721002578735
"316" 10.4313440322876 16.4276580810547 10.4748020172119
"317" 11.3079996109009 16.4580993652344 10.2442998886108
"318" 7.89318561553955 14.4315776824951 9.50602054595947
"319" 8.55366611480713 14.5079555511475 10.5220785140991
"320" 8.77181434631348 14.565845489502 10.7981147766113
"321" 8.91773319244385 14.5272378921509 10.8600997924805
"322" 9.62856006622314 14.4427995681763 10.4682998657227
"323" 10.6511926651001 15.6279096603394 10.3563003540039
"324" 11.4020404815674 15.7843027114868 10.3002996444702
"325" 8.56494045257568 14.2749004364014 9.57258033752441
"326" 8.83123302459717 13.7847118377686 10.0018901824951
"327" 9.3647985458374 13.6895580291748 10.7388019561768
"328" 9.71882057189941 13.8229341506958 10.4340076446533
"329" 10.681866645813 14.4590063095093 10.4064264297485
"330" 11.4626998901367 14.9635133743286 10.2311239242554
"331" 9.34866046905518 12.5954999923706 9.34866046905518
"332" 9.42708492279053 12.8056354522705 10.1970882415771
"333" 9.89086627960205 12.8986368179321 10.6746006011963
"334" 10.5791330337524 13.4521932601929 10.132399559021
"335" 11.0885400772095 13.7863674163818 9.84796905517578
"336" 11.8677997589111 14.7465953826904 10.3002996444702
"337" 10.0602693557739 11.8839015960693 9.40464019775391
"338" 10.0236911773682 12.0193672180176 10.3035907745361
"339" 10.5191431045532 12.1549091339111 10.735912322998
"340" 10.8018684387207 12.4262247085571 10.2442998886108
"341" 11.5775299072266 13.0164833068848 9.79650020599365
"342" 11.7558002471924 13.3232002258301 9.79650020599365
"343" 10.5147151947021 11.1400003433228 7.84669923782349
"344" 10.4682998657227 11.1251735687256 9.89419555664062
"345" 11.3892459869385 11.4198999404907 10.7228536605835
"346" 11.5040264129639 11.851544380188 10.2327032089233
"347" 12.0916996002197 12.3156003952026 9.85247993469238
"348" 13.1906442642212 13.5472002029419 10.5802001953125
"349" 10.9160995483398 10.3002996444702 9.18072032928467
"350" 11.3079996109009 10.2523422241211 10.1783170700073
"351" 11.5287675857544 10.432954788208 11.0281000137329
"352" 11.6650056838989 10.6888790130615 11.0281000137329
"353" 12.3629169464111 11.0334272384644 10.3982801437378
"354" 12.4275999069214 11.4758996963501 10.0204000473022
"355" 13.5472002029419 11.6437997817993 8.84484004974365
"356" 11.6078357696533 8.91942119598389 8.88340187072754
"357" 11.9237003326416 9.1436824798584 10.3568239212036
"358" 12.0389223098755 9.30755615234375 11.1021003723145
"359" 11.979700088501 9.09913921356201 10.722562789917
"360" 12.9432067871094 9.51659965515137 10.5802001953125
"361" 13.2112998962402 10.0763998031616 10.4682998657227
"362" 14.4427995681763 9.79650020599365 10.7482004165649
"363" 12.7243499755859 7.72774600982666 9.66507625579834
"364" 12.8193998336792 8.20862197875977 11.2194194793701
"365" 12.7711162567139 8.29854393005371 11.2172241210938
"366" 13.0874872207642 8.31281566619873 11.3080263137817
"367" 13.9073791503906 8.69599151611328 11.0965347290039
"368" 14.746262550354 8.77585315704346 10.8166351318359
"369" 13.7717885971069 7.05278205871582 9.83834171295166
"370" 13.4980373382568 7.15689563751221 10.9703893661499
"371" 13.2140378952026 7.33978319168091 11.6437997817993
"372" 14.2606840133667 7.46425628662109 11.4198999404907
"373" 14.9079732894897 7.54356145858765 11.3217191696167
"374" 15.9081764221191 7.7351131439209 11.2519998550415
"375" 14.3501129150391 6.17272710800171 10.4340543746948
"376" 14.3026399612427 6.53326845169067 11.1960000991821
"377" 14.0019798278809 6.50231456756592 11.8661422729492
"378" 14.9467000961304 5.76594018936157 11.0839996337891
"379" 16.2341995239258 6.15780019760132 10.8600997924805
"380" 17.2068481445312 6.54966020584106 10.9930858612061
"381" 14.9639835357666 5.64412927627563 10.0129451751709
"382" 15.1222820281982 5.69402694702148 11.1877431869507
"383" 15.4804592132568 5.89399719238281 11.9697895050049
"384" 16.141658782959 5.59800004959106 12.2140941619873
"385" 16.7448348999023 6.2911491394043 12.9168100357056
"386" 15.6419315338135 4.73478889465332 10.2761392593384
"387" 16.0569114685059 5.383460521698 11.5360975265503
"388" 16.5140991210938 5.65355348587036 12.9677438735962
"389" 16.3551006317139 4.3575267791748 10.893970489502
"390" 16.7052364349365 4.89546012878418 12.6438798904419
