"V1" "V2" "V3"
"1" 24.4202613830566 17.5209121704102 36.7780227661133
"2" 23.8289 16.4851 37.5472
"3" 23.6079 15.7869 38.7919
"4" 23.4375 15.2692 40.1288
"5" 23.07 14.8308 41.4584
"6" 22.6996 14.4026 42.7876
"7" 22.2313 13.9685 44.087
"8" 21.7307 13.7172 45.4153
"9" 21.2796 13.6129 46.7952
"10" 20.9212 13.5808 48.2047
"11" 20.5854 13.5335 49.6203
"12" 20.1926 13.3705 51.0042
"13" 19.6889 13.1598 52.3514
"14" 18.9987 12.8553 53.5902
"15" 18.0425 12.6632 54.6349
"16" 16.6709594726562 12.5830402374268 54.9828262329102
"17" 22.7449588775635 11.2143726348877 21.9237365722656
"18" 23.629 11.5431 22.2552
"19" 24.5039 12.0409 22.1847
"20" 25.3776 11.9356 22.5375
"21" 26.1685 11.5057 22.9887
"22" 27.0856 11.1786 22.9796
"23" 27.5868 10.6724 22.3484
"24" 27.5147 10.2086 21.4736
"25" 26.9689 10.0114 20.6631
"26" 26.2558 10.3333 20.1388
"27" 25.4435 10.9425 20.1426
"28" 24.4843 11.0599 20.3519
"29" 23.5099 10.7954 20.4046
"30" 22.8489 10.7622 21.0518
"31" 24.4202613830566 17.5209121704102 36.7780227661133
"32" 19.1340675354004 16.3226909637451 39.1613006591797
"33" 20.7790412902832 22.0994815826416 46.2972679138184
"34" 19.9063 22.8636 45.8327
"35" 19.2214 23.6065 45.1088
"36" 18.908 24.1881 44.0436
"37" 18.7847 24.6722 42.8959
"38" 18.7709 24.9619 41.682
"39" 19.1058 25.1009 40.4869
"40" 19.5768 25.0862 39.3234
"41" 20.2529 24.8102 38.304
"42" 21.042 24.4588 37.3943
"43" 22.0312 24.0157 36.8149
"44" 23.0978 23.4565 37.0301
"45" 24.0246 22.7601 37.5096
"46" 24.6731 21.8527 38.0682
"47" 25.0411 20.9766 38.8669
"48" 25.0847 20.3071 39.9274
"49" 24.8986 19.8299 41.0678
"50" 24.5239 19.3636 42.1698
"51" 24.061 19.1087 43.3061
"52" 23.5353 19.0254 44.4427
"53" 22.8641 19.3438 45.4455
"54" 22.1222 20.0399 46.1461
"55" 21.4588 21.0511 46.4236
"56" 22.8397674560547 16.8963069915771 35.7997207641602
"57" 20.9688 15.9325 36.9089
"58" 19.9101 15.8381 38.835
"59" 19.3219 15.7662 41.1019
"60" 18.7193 15.6558 43.3193
"61" 18.811 15.5666 45.663
"62" 19.1765 15.3195 48.004
"63" 19.1801 14.9042 50.3338
"64" 18.2678 14.6294 52.4901
"65" 16.7326145172119 14.539119720459 53.7627372741699
"66" 22.8397674560547 16.8963069915771 35.7997207641602
"67" 16.9037055969238 18.7926731109619 53.0178031921387
"68" 16.7326145172119 14.539119720459 53.7627372741699
"69" 16.9037055969238 18.7926731109619 53.0178031921387
"70" 16.7183 20.4898 51.3846
"71" 16.76 21.794 49.4128
"72" 16.6987 22.7052 47.2229
"73" 16.6855 23.8947 45.1842
"74" 16.5352 24.7476 42.9836
"75" 16.4301 25.2526 40.6666
"76" 16.3079 25.7482 38.3617
"77" 16.1551 25.9877 36.0041
"78" 15.9333 25.9463 33.6439
"79" 15.7643 25.7767 31.2831
"80" 15.6214 25.6229 28.9327
"81" 15.4953 25.6031 26.5679
"82" 15.2904 25.7229 24.21
"83" 15.0547 25.8539 21.8591
"84" 14.902 25.8752 19.4899
"85" 14.6721 25.8463 17.136
"86" 14.5287 25.708 14.7704
"87" 14.4006614685059 25.3845806121826 12.4228086471558
"88" 14.1628112792969 11.2044668197632 9.97206974029541
"89" 14.4006614685059 25.3845806121826 12.4228086471558
"90" 16.6709594726562 12.5830402374268 54.9828262329102
"91" 7.40113830566406 17.9439296722412 37.7986183166504
"92" 8.1566 16.7338 38.4997
"93" 8.4558 15.9655 39.921
"94" 8.9896 15.3938 41.37
"95" 9.5666 14.8863 42.8326
"96" 10.25 14.428 44.2646
"97" 10.9068 14.0578 45.7322
"98" 11.5464 13.8735 47.2422
"99" 12.1699 13.8722 48.7719
"100" 12.7172 13.7291 50.3215
"101" 13.3716 13.6054 51.8314
"102" 14.1037 13.1983 53.2504
"103" 15.1487 12.807 54.4522
"104" 16.6709594726562 12.5830402374268 54.9828262329102
"105" 7.40113830566406 17.9439296722412 37.7986183166504
"106" 13.0512428283691 16.5147857666016 39.6783790588379
"107" 12.7165060043335 22.2111511230469 46.6345291137695
"108" 13.5425 23.048 46.1029
"109" 14.1493 23.7994 45.2638
"110" 14.2587 24.3717 44.1238
"111" 14.165 24.829 42.9185
"112" 14.0024 25.1311 41.6741
"113" 13.4323 25.371 40.5495
"114" 12.719 25.3905 39.4741
"115" 11.8178 25.1248 38.6044
"116" 10.8549 24.6457 37.8927
"117" 9.7085 24.0937 37.9105
"118" 8.6906 23.5317 38.4577
"119" 7.9178 22.7109 39.0536
"120" 7.4515 21.7785 39.7986
"121" 7.3886 20.9731 40.7925
"122" 7.5969 20.4262 41.9372
"123" 8.1056 19.974 43.0327
"124" 8.644 19.5964 44.1456
"125" 9.3841 19.5379 45.1983
"126" 10.1764 19.7502 46.1875
"127" 11.0478 20.3337 46.9084
"128" 11.9072 21.2691 46.995
"129" 9.18872547149658 16.8751716613769 35.9560470581055
"130" 10.8684 16.1872 37.3496
"131" 12.1469 16.053 39.2128
"132" 13.0292 16.0095 41.3457
"133" 13.8999 15.7872 43.4723
"134" 14.0864 15.6828 45.762
"135" 13.9065 15.5079 48.0618
"136" 14.1862 15.2392 50.3374
"137" 15.3259 14.9148 52.2441
"138" 16.7326145172119 14.539119720459 53.7627372741699
"139" 9.18872547149658 16.8751716613769 35.9560470581055
"140" 23.253454208374 11.0961208343506 21.8093643188477
"141" 23.2799224853516 10.9324598312378 21.4571571350098
"142" 23.4221000671387 10.9091997146606 21.2978992462158
"143" 23.4768238067627 10.8045196533203 20.8723239898682
"144" 23.7058506011963 10.8124351501465 20.4008903503418
"145" 23.6334133148193 11.2645463943481 21.868070602417
"146" 23.6825675964355 11.1065883636475 21.5339794158936
"147" 23.7015991210938 11.0305004119873 21.3537998199463
"148" 23.7045993804932 10.9049997329712 21.0060997009277
"149" 24.1351928710938 11.0002880096436 20.6279926300049
"150" 24.0245685577393 11.4154424667358 21.8693828582764
"151" 23.8781967163086 11.3501605987549 21.8927593231201
"152" 24.0270023345947 11.1804275512695 21.385814666748
"153" 24.3344497680664 11.1396532058716 20.9449081420898
"154" 25.4845008850098 10.7831001281738 20.6270999908447
"155" 24.3644542694092 11.5460662841797 21.8959712982178
"156" 24.6994934082031 11.4574289321899 21.6438961029053
"157" 25.5915012359619 10.9629230499268 21.6256351470947
"158" 25.5742740631104 10.7413349151611 21.1240253448486
"159" 25.5658493041992 10.7108345031738 20.5729827880859
"160" 24.7733764648438 11.65793800354 21.8797645568848
"161" 24.9472808837891 11.4522399902344 21.5854244232178
"162" 25.6401023864746 10.8781490325928 21.5946769714355
"163" 25.2747478485107 11.0411739349365 21.0037994384766
"164" 25.4243278503418 10.8614635467529 20.5762844085693
"165" 25.1624488830566 11.6398010253906 21.8957481384277
"166" 25.3584747314453 11.2968311309814 21.6333141326904
"167" 25.4545383453369 11.0002489089966 21.3968067169189
"168" 25.6159324645996 10.6852998733521 21.0427055358887
"169" 25.7508640289307 10.5308208465576 20.602071762085
"170" 25.5803565979004 11.3823738098145 22.2312183380127
"171" 25.6850204467773 10.9463634490967 21.8117561340332
"172" 25.8069686889648 10.5777444839478 21.3323554992676
"173" 26.017635345459 10.3151617050171 20.6765632629395
"174" 25.9480876922607 11.131121635437 22.4670600891113
"175" 25.9815979003906 10.842963218689 22.089729309082
"176" 26.1008205413818 10.5526342391968 21.7404689788818
"177" 26.2131042480469 10.1998929977417 21.0566101074219
"178" 26.34787940979 11.0384855270386 22.759765625
"179" 26.4067211151123 10.6755018234253 22.2470951080322
"180" 26.5012760162354 10.352123260498 21.7717437744141
"181" 26.6409797668457 10.0594968795776 21.1612510681152
"182" 26.7467861175537 10.8312654495239 22.677562713623
"183" 26.8568363189697 10.5499029159546 22.261209487915
"184" 26.8779926300049 10.2875061035156 21.8663921356201
"185" 26.9351558685303 10.00950050354 21.2451286315918
"186" 27.2329540252686 10.5829820632935 22.3803176879883
"187" 27.2358455657959 10.3123588562012 21.987512588501
"188" 27.3351020812988 10.1173572540283 21.5291519165039
"189" 23.9274215698242 18.1156597137451 37.2035789489746
"190" 23.4479694366455 18.7431488037109 37.2283172607422
"191" 24.2982349395752 18.3687152862549 37.3008270263672
"192" 23.4379615783691 18.758171081543 37.1972503662109
"193" 24.0168914794922 17.5687427520752 36.5186157226562
"194" 23.5216693878174 16.984130859375 36.553295135498
"195" 23.4038562774658 16.4096164703369 36.4410057067871
"196" 23.4210224151611 17.1344909667969 37.9710311889648
"197" 23.4269580841064 18.421911239624 37.9024810791016
"198" 24.0944004058838 18.278299331665 37.6216011047363
"199" 23.8694362640381 17.3764324188232 37.4918327331543
"200" 23.4112873077393 16.6536464691162 37.189868927002
"201" 22.9812526702881 15.738302230835 36.796215057373
"202" 23.1990947723389 16.606689453125 38.7437210083008
"203" 22.8901386260986 17.8407192230225 38.7118873596191
"204" 23.2682685852051 18.182430267334 38.3797302246094
"205" 23.1662693023682 18.1111278533936 38.3514099121094
"206" 22.7383651733398 16.8364543914795 37.8138198852539
"207" 22.4952068328857 15.9476184844971 37.4047622680664
"208" 21.9820652008057 15.5162687301636 37.1139488220215
"209" 22.7411556243896 16.6659812927246 39.5076599121094
"210" 22.8149223327637 17.6139545440674 39.4587745666504
"211" 24.1647796630859 17.2165718078613 39.1530113220215
"212" 23.2977848052979 17.0740432739258 38.9276695251465
"213" 22.6437683105469 15.7768039703369 38.2081718444824
"214" 21.6487121582031 15.6640596389771 37.5806274414062
"215" 22.4187870025635 16.1453723907471 40.1285591125488
"216" 23.0845508575439 17.0640048980713 40.2239112854004
"217" 22.7604427337646 17.5278167724609 39.8181610107422
"218" 22.8711891174316 17.6059761047363 39.7257766723633
"219" 22.5857772827148 16.0769577026367 39.1340866088867
"220" 21.2269992828369 15.2047996520996 38.6828002929688
"221" 20.5899143218994 15.4983434677124 37.7925758361816
"222" 21.9681148529053 15.8781232833862 40.8542671203613
"223" 22.4371528625488 16.5562915802002 40.9547424316406
"224" 22.9683456420898 17.5234699249268 41.0846176147461
"225" 22.8255653381348 17.4315967559814 40.7461166381836
"226" 22.4796848297119 16.2433013916016 40.0776710510254
"227" 21.1772003173828 15.2047996520996 39.2417984008789
"228" 20.2742176055908 15.7461605072021 38.2675323486328
"229" 21.4647006988525 15.7070999145508 41.9860000610352
"230" 22.0761432647705 16.3530941009521 42.0886192321777
"231" 22.2574501037598 17.1365375518799 41.9742240905762
"232" 22.3659477233887 17.0452709197998 41.514705657959
"233" 21.9537467956543 15.8346223831177 40.5395164489746
"234" 20.4902763366699 15.6511850357056 39.5545921325684
"235" 19.6067028045654 15.9339952468872 38.6348190307617
"236" 21.2399997711182 15.2012996673584 42.875301361084
"237" 22.1394920349121 16.2069969177246 43.356273651123
"238" 22.2476406097412 17.1683349609375 43.190315246582
"239" 22.280834197998 16.5961246490479 42.3822135925293
"240" 20.9221000671387 14.8988885879517 40.8146629333496
"241" 19.8916664123535 15.4992074966431 39.6514778137207
"242" 20.713399887085 14.1415004730225 44.3796005249023
"243" 21.9068698883057 15.6104564666748 44.7104263305664
"244" 21.2652797698975 16.9047603607178 44.3718376159668
"245" 22.1697273254395 16.6130447387695 43.7519264221191
"246" 21.9666004180908 15.5328998565674 42.875301361084
"247" 20.850700378418 14.5791997909546 41.589599609375
"248" 19.5829772949219 15.0893907546997 39.9579200744629
"249" 20.3670501708984 14.4927015304565 46.027702331543
"250" 20.8754844665527 15.9275369644165 45.9679527282715
"251" 21.7241058349609 16.8779258728027 45.7487297058105
"252" 21.8011074066162 15.7638082504272 44.9831695556641
"253" 20.9008808135986 14.0861330032349 44.2049026489258
"254" 20.7381763458252 14.2710180282593 43.158317565918
"255" 19.7131004333496 14.519118309021 41.9720573425293
"256" 19.8415184020996 14.0914125442505 47.7312622070312
"257" 20.3173561096191 15.9049091339111 47.3828659057617
"258" 21.8433876037598 15.9197273254395 47.1124076843262
"259" 21.4111385345459 15.7056140899658 46.8578186035156
"260" 20.6736755371094 15.0588483810425 46.5777130126953
"261" 20.4034996032715 14.1985998153687 45.5099983215332
"262" 20.5082778930664 14.1509246826172 44.9181823730469
"263" 19.6486930847168 14.0806179046631 48.9798965454102
"264" 21.041072845459 16.0484371185303 48.5005950927734
"265" 20.8236274719238 15.9755964279175 48.5576210021973
"266" 21.1028881072998 15.1050825119019 49.0651397705078
"267" 20.849401473999 14.2790746688843 49.0947723388672
"268" 21.2856998443604 14.7017002105713 48.9584999084473
"269" 19.3142337799072 13.7850551605225 50.6015357971191
"270" 19.5881938934326 15.6771545410156 49.7345657348633
"271" 20.4676342010498 15.7224702835083 49.8208694458008
"272" 20.2367630004883 15.613486289978 50.1114120483398
"273" 20.3536396026611 14.7425689697266 51.1041069030762
"274" 19.9563007354736 13.5612001419067 51.2602996826172
"275" 18.675952911377 14.3188905715942 51.2701110839844
"276" 19.6383590698242 15.3529767990112 50.6738891601562
"277" 19.8207969665527 15.2452125549316 51.3749732971191
"278" 19.7681541442871 14.477502822876 52.8103675842285
"279" 18.3224334716797 14.5258836746216 52.5799369812012
"280" 18.703857421875 13.3327293395996 52.6282691955566
"281" 18.6567554473877 14.5244626998901 51.6564750671387
"282" 19.5418243408203 15.0266370773315 52.3425636291504
"283" 19.0753517150879 14.8512859344482 53.1892318725586
"284" 18.2100677490234 14.6216602325439 53.6515960693359
"285" 18.1143436431885 12.8570203781128 53.2798347473145
"286" 17.9026737213135 14.1721878051758 52.1929168701172
"287" 18.3462047576904 14.6831378936768 53.2553520202637
"288" 18.0403594970703 14.6495361328125 53.3907241821289
"289" 17.5635280609131 12.903302192688 53.6479415893555
"290" 17.9796104431152 14.2549715042114 53.5441741943359
"291" 18.0648002624512 14.8138999938965 52.3172988891602
"292" 16.7723999023438 14.87380027771 53.5522003173828
"293" 17.2633228302002 13.0012197494507 53.7389945983887
"294" 17.0155849456787 14.022855758667 53.386661529541
"295" 16.7700004577637 14.8135004043579 53.4543991088867
"296" 15.5375003814697 15.0930004119873 52.2106018066406
"297" 17.0183067321777 13.3315553665161 53.6509666442871
"298" 16.8563327789307 14.7241554260254 53.560302734375
"299" 8.25785827636719 18.4807090759277 38.0559425354004
"300" 7.7202262878418 19.1178665161133 38.385368347168
"301" 7.78882217407227 18.8282451629639 38.1075439453125
"302" 8.43369674682617 18.8861236572266 37.7845077514648
"303" 8.1022481918335 17.8110752105713 37.4424362182617
"304" 8.91287136077881 16.9293727874756 36.8232879638672
"305" 8.47659206390381 17.5223064422607 38.6508483886719
"306" 8.84557151794434 18.8015422821045 38.6872253417969
"307" 7.87203454971313 18.6394367218018 38.8554344177246
"308" 8.15902042388916 17.6121997833252 38.4268989562988
"309" 8.54839134216309 16.8062591552734 37.9950103759766
"310" 9.51308822631836 16.3292198181152 37.3375015258789
"311" 8.94298648834229 17.0400333404541 39.4380302429199
"312" 9.30840682983398 18.2485599517822 39.5014610290527
"313" 9.02463626861572 18.5188598632812 39.5133972167969
"314" 8.22882270812988 17.7261409759521 39.2938423156738
"315" 8.71334838867188 17.0288257598877 38.9641075134277
"316" 9.62347888946533 16.0110301971436 38.3203201293945
"317" 10.5005054473877 15.9581413269043 37.8363342285156
"318" 9.52996921539307 16.5225143432617 40.058162689209
"319" 9.49487495422363 18.0054874420166 40.2653694152832
"320" 9.27441120147705 18.1935806274414 40.2264938354492
"321" 9.18468475341797 18.2800273895264 40.2042465209961
"322" 9.39081001281738 16.5468006134033 39.6339988708496
"323" 9.72548961639404 16.0991992950439 38.744701385498
"324" 11.1409015655518 15.9966831207275 38.5978584289551
"325" 9.83532047271729 16.5100994110107 40.9039001464844
"326" 9.38386154174805 17.1395397186279 41.2085647583008
"327" 9.36874866485596 17.3896980285645 41.2073440551758
"328" 9.36006832122803 16.9328880310059 41.1620216369629
"329" 9.75046730041504 16.4885425567627 40.4624710083008
"330" 11.5479831695557 15.471471786499 39.3180503845215
"331" 10.5092000961304 16.0072002410889 42.3162994384766
"332" 10.3456287384033 16.9033355712891 42.1363868713379
"333" 9.68497180938721 17.0336265563965 42.3699607849121
"334" 10.8444004058838 16.154899597168 41.5894012451172
"335" 11.4286918640137 15.3740091323853 40.5458488464355
"336" 12.3344316482544 15.9213695526123 39.5840339660645
"337" 10.4981002807617 15.595100402832 43.3063011169434
"338" 10.7090692520142 16.9563999176025 43.3670082092285
"339" 10.3357791900635 17.4798011779785 43.3502082824707
"340" 10.4316692352295 16.5530223846436 42.5585517883301
"341" 11.6830997467041 15.1826000213623 41.2541999816895
"342" 12.7902278900146 15.4002466201782 40.3333015441895
"343" 11.6875 14.4242000579834 44.497200012207
"344" 10.7762565612793 16.2714862823486 44.7202377319336
"345" 10.6578168869019 17.7684345245361 44.6020126342773
"346" 10.4826002120972 15.6520004272461 43.3783988952637
"347" 12.0743999481201 14.852499961853 42.372200012207
"348" 13.1825771331787 15.7556858062744 41.3045539855957
"349" 11.5762500762939 14.9279737472534 46.1651496887207
"350" 11.5857448577881 16.2755966186523 46.1120376586914
"351" 10.6694412231445 16.9323959350586 46.0588798522949
"352" 11.4099321365356 16.9759178161621 45.3450469970703
"353" 10.7565002441406 15.8256998062134 44.8735008239746
"354" 12.2980003356934 14.499400138855 44.2728004455566
"355" 13.8091440200806 15.5316915512085 44.0201759338379
"356" 12.8360004425049 15.042799949646 47.6291999816895
"357" 11.8486042022705 15.9847507476807 47.7485885620117
"358" 11.4055137634277 16.9845771789551 47.5607833862305
"359" 11.5646190643311 16.768985748291 47.4336242675781
"360" 11.6437225341797 15.5792112350464 47.0766830444336
"361" 12.3529996871948 15.0348997116089 47.0269012451172
"362" 12.7637147903442 14.2596101760864 47.1519012451172
"363" 13.1930999755859 14.9812002182007 49.358699798584
"364" 12.603796005249 16.2296161651611 49.3798751831055
"365" 12.0615215301514 16.4856643676758 49.0560150146484
"366" 12.2528314590454 16.3652648925781 49.0999221801758
"367" 12.0694217681885 15.3849763870239 49.4777297973633
"368" 13.4308519363403 14.0328683853149 49.54248046875
"369" 14.2074499130249 14.5877752304077 50.6256942749023
"370" 13.7962312698364 15.7246942520142 50.6490097045898
"371" 12.7121238708496 16.0904846191406 50.2531547546387
"372" 12.7375764846802 15.3347835540771 51.2752647399902
"373" 13.1793098449707 14.6466102600098 51.745189666748
"374" 14.8288612365723 13.7473411560059 51.9984283447266
"375" 14.6323308944702 14.715615272522 51.9245414733887
"376" 14.3036060333252 15.3149700164795 51.5917625427246
"377" 13.4810171127319 15.6069936752319 51.5761528015137
"378" 14.3032789230347 15.1224365234375 52.3856201171875
"379" 14.5125331878662 15.0951519012451 53.5707015991211
"380" 15.5623188018799 14.7428684234619 53.7175064086914
"381" 14.989917755127 13.3607320785522 53.0869750976562
"382" 15.1414947509766 13.7972936630249 52.5006103515625
"383" 15.0436563491821 15.0099744796753 52.4167556762695
"384" 15.1279401779175 14.8422870635986 53.4899826049805
"385" 16.7723999023438 14.87380027771 53.5522003173828
"386" 15.6240177154541 13.1908025741577 53.6053733825684
"387" 15.7578001022339 14.3028001785278 52.9931983947754
"388" 15.5375003814697 15.0930004119873 52.2106018066406
"389" 15.9592418670654 13.1982097625732 53.7357864379883
"390" 16.0813980102539 14.1604814529419 53.0770149230957
