"V1" "V2" "V3"
"1" 31282.017578125 14031.2919921875 6785.14111328125
"2" 31042.2539 13163.5681 5945.1855
"3" 30545.5737 12442.9261 5085.4477
"4" 29783.6081 11796.2841 4405.527
"5" 28923.3528 11087.3212 3887.1266
"6" 28103.0947 10253.7091 3515.7968
"7" 27188.1109 9470.3363 3268.53
"8" 26234.7473 8704.2164 3130.679
"9" 25263.6695 7952.5901 3146.67
"10" 24319.6598 7167.1347 3226.9262
"11" 23312.0273 6483.5597 3402.1384
"12" 22266.6402 5839.5599 3477.7823
"13" 21236.9154 5179.0925 3605.817
"14" 20154.1915 4622.7155 3759.1846
"15" 19140.462 4146.2344 4254.1759
"16" 18025.005859375 3936.8125 4728.26953125
"17" 29006.306640625 26445.3515625 3713.265625
"18" 29817.6899 26497.3211 4056.8749
"19" 30605.3953 26605.6703 4412.6749
"20" 31432.9685 26499.9434 4280.2465
"21" 32159.361 26397.7062 3794.6828
"22" 32682.8145 26532.0509 3113.4332
"23" 32931.598 26928.0643 2423.9471
"24" 32739.2022 27683.5708 2091.2674
"25" 32310.4796 28343.9177 2378.7887
"26" 31655.337 28670.172 2818.8011
"27" 30811.1121 28659.9035 2962.6633
"28" 30032.447 28333.0828 2720.9148
"29" 29397.6138 27717.3725 2632.4715
"30" 28994.3526 27033.4113 3038.8128
"31" 31282.017578125 14031.2919921875 6785.14111328125
"32" 21904.203125 8876.1181640625 5508.8935546875
"33" 22921.7421875 9661.0751953125 16091.52734375
"34" 23675.1609 10787.0495 16230.4677
"35" 24616.4305 11831.4801 16075.0284
"36" 25666.6087 12680.8449 15753.9192
"37" 26808.0836 12629.9372 15063.6276
"38" 27756.6126 12529.8266 14039.636
"39" 28555.4445 12144.9062 12962.2152
"40" 28884.4144 11769.858 11672.0038
"41" 28515.5961 12063.7202 10358.4297
"42" 28374.4361 11192.6922 9325.8183
"43" 27891.8003 10338.6349 8301.4757
"44" 27281.9449 9344.1913 7523.8565
"45" 26374.9645 8339.4874 7144.3861
"46" 25468.965 7275.3261 7210.973
"47" 24667.3582 6303.1559 7798.0188
"48" 23955.8517 5642.0507 8827.9718
"49" 22944.3255 5294.4955 9745.8963
"50" 22251.2057 4945.6056 10816.1347
"51" 21933.0196 4769.5095 12170.0692
"52" 21593.9524 5284.4653 13407.8446
"53" 21475.7087 6255.1229 14399.4554
"54" 21575.025 7425.4697 15182.0407
"55" 22060.8466 8613.265 15675.2272
"56" 27444.673828125 13247.3056640625 7017.6953125
"57" 26343.5851 12737.5872 6226.1748
"58" 25200.8976 11963.9502 5771.7527
"59" 24065.2071 11066.8597 5576.9901
"60" 23050.4331 10023.1734 5564.8307
"61" 22205.3529 8844.0296 5393.0338
"62" 21440.2597 7607.1003 5365.8849
"63" 20551.9013 6474.6166 5457.4902
"64" 19369.5492 5779.8097 5930.1116
"65" 18095.794921875 5306.81298828125 6464.1171875
"66" 27444.673828125 13247.3056640625 7017.6953125
"67" 18174.236328125 3182.73828125 11939.587890625
"68" 18095.794921875 5306.81298828125 6464.1171875
"69" 18174.236328125 3182.73828125 11939.587890625
"70" 18555.5236 4453.1296 12926.3811
"71" 18563.1335 5687.1226 14023.3133
"72" 18597.3338 7066.468 14918.46
"73" 18697.8693 8590.9004 15543.6975
"74" 18906.0663 10199.4274 15858.8204
"75" 19060.9382 11667.0043 16597.7959
"76" 19108.5581 13272.6826 16995.1633
"77" 19092.5119 14913.1668 17177.9483
"78" 19140.6117 16566.6275 17185.3075
"79" 19326.738 18213.1666 17205.764
"80" 19480.0402 19846.0133 17437.6739
"81" 19506.8499 21478.0205 17717.5515
"82" 19563.7335 23094.0471 18054.6515
"83" 19759.3874 24620.5798 18615.9439
"84" 19956.6078 26044.8892 19431.3101
"85" 20188.3157 27595.7206 19948.7586
"86" 20413.8174 29218.5773 20192.4946
"87" 20368.955078125 30862.546875 20345.3671875
"88" 19431.05859375 41161.84375 8644.3779296875
"89" 20368.955078125 30862.546875 20345.3671875
"90" 18025.005859375 3936.8125 4728.26953125
"91" 5870.603515625 14724.72265625 8080.25390625
"92" 5965.3859 13905.944 6970.4537
"93" 6608.1286 12983.3844 6152.5142
"94" 7384.654 12101.1106 5418.5823
"95" 8237.2669 11175.8204 4830.5804
"96" 9178.6153 10217.8018 4472.2948
"97" 10143.5701 9265.2531 4171.8213
"98" 11160.913 8328.7145 4020.1245
"99" 12235.8854 7448.4462 3998.9587
"100" 13352.5589 6622.7299 4070.9389
"101" 14454.8531 5776.2883 4019.3937
"102" 15614.09 5010.0877 4024.6339
"103" 16767.8668 4311.5819 4314.913
"104" 18025.005859375 3936.8125 4728.26953125
"105" 5870.603515625 14724.72265625 8080.25390625
"106" 14697.166015625 9030.5849609375 5982.4091796875
"107" 15494.53515625 9582.48828125 16532.36328125
"108" 14903.3591 10847.2305 16663.7921
"109" 13896.7036 11896.5179 16723.86
"110" 12619.9167 12600.4566 16661.3819
"111" 11482.78 13293.9016 16179.5554
"112" 10389.4094 13419.5765 15232.6069
"113" 9314.44 13184.2006 14272.243
"114" 8541.1286 12876.4109 13059.7883
"115" 8313.4596 12811.4954 11647.0118
"116" 8514.6302 11891.3419 10515.7634
"117" 9035.4257 10979.7524 9502.2517
"118" 9598.9615 9919.4784 8662.8868
"119" 10380.1917 8779.3908 8240.2284
"120" 11282.6679 7620.7826 8278.0311
"121" 12447.0279 6951.6958 8780.4663
"122" 13344.1669 6226.8543 9677.8938
"123" 14245.9299 5581.0264 10623.7578
"124" 14780.2162 5185.9832 11933.4143
"125" 15171.0224 5105.6124 13314.6231
"126" 15642.1843 5831.9233 14456.1492
"127" 15954.3351 6971.2971 15330.14
"128" 15823.4534 8216.9426 16090.4084
"129" 9547.494140625 13831.8046875 8163.9921875
"130" 10552.7252 13313.6013 7279.4919
"131" 11597.425 12505.0925 6710.0619
"132" 12616.6982 11549.494 6405.5529
"133" 13571.9575 10494.3074 6252.2678
"134" 14411.4568 9350.7274 6054.3157
"135" 15169.6176 8138.3726 5886.5956
"136" 15890.7744 6887.2738 5889.9453
"137" 16865.6048 5938.0146 6101.8317
"138" 18095.794921875 5306.81298828125 6464.1171875
"139" 9547.494140625 13831.8046875 8163.9921875
"140" 29370.13671875 26681.0703125 3443.73876953125
"141" 29428.201171875 26979.4765625 3194.04052734375
"142" 29502.51953125 27252.69140625 2985.89868164062
"143" 29627.04296875 27544.6015625 2834.50244140625
"144" 29815.162109375 27946.716796875 2679.5478515625
"145" 29686.296875 26751.2578125 3610.14819335938
"146" 29733.587890625 27053.5390625 3384.6748046875
"147" 29797.958984375 27334.708984375 3178.27368164062
"148" 29907.66015625 27637.18359375 3000.61254882812
"149" 30149.8046875 27961.564453125 2909.3486328125
"150" 30001.19921875 26885.419921875 3775.15844726562
"151" 30087.8125 27198.248046875 3576.0439453125
"152" 30123.87109375 27511.224609375 3321.23608398438
"153" 30289.658203125 27841.359375 3115.09838867188
"154" 30509.3671875 28150.65234375 3038.19140625
"155" 30296.017578125 26959.087890625 3932.16748046875
"156" 30388.47265625 27294.87890625 3745.2060546875
"157" 30459.69140625 27619.611328125 3471.05029296875
"158" 30584.138671875 27910.697265625 3278.583984375
"159" 30895.650390625 28239.173828125 3188.5400390625
"160" 30716.568359375 27075.04296875 4064.59252929688
"161" 30844.6640625 27313.416015625 3786.0458984375
"162" 31006.525390625 27663.09375 3585.95947265625
"163" 31109.412109375 27911.712890625 3306.79052734375
"164" 31181.306640625 28229.3203125 3095.0771484375
"165" 31079.521484375 27077.5546875 4034.89013671875
"166" 31226.81640625 27370.734375 3698.78271484375
"167" 31296.9375 27623.123046875 3439.9951171875
"168" 31408.212890625 27918.248046875 3120.12036132812
"169" 31475.013671875 28224.41796875 2894.63159179688
"170" 31521.107421875 26917.306640625 3872.9306640625
"171" 31580.1015625 27329.095703125 3485.62548828125
"172" 31619.8828125 27718.79296875 3094.67895507812
"173" 31713.755859375 28189.7578125 2799.69189453125
"174" 31885.203125 26853.759765625 3661.16943359375
"175" 31864.00390625 27176.630859375 3397.39453125
"176" 31900.021484375 27465.505859375 3095.92504882812
"177" 31909.8671875 27957.845703125 2750.34399414062
"178" 32198.150390625 26706.5234375 3472.84155273438
"179" 32168.35546875 27109.96484375 3126.8203125
"180" 32177.4921875 27491.828125 2815.17041015625
"181" 32189.4921875 27895.486328125 2512.91357421875
"182" 32399.689453125 26791.5390625 3105.98071289062
"183" 32436.966796875 27101.92578125 2810.484375
"184" 32417.3828125 27394.115234375 2587.03588867188
"185" 32359.064453125 27823.71484375 2316.29174804688
"186" 32662.73046875 26956.609375 2614.0458984375
"187" 32622.845703125 27250.48046875 2410.59228515625
"188" 32625.408203125 27560.568359375 2192.9599609375
"189" 30146.060546875 12966.4111328125 6349.16943359375
"190" 29489.794921875 12670.28515625 6408.71875
"191" 28332.029296875 11635.052734375 6794.6982421875
"192" 28178.80078125 11906.5 6999.91015625
"193" 27979.8671875 12455.90234375 6444.47265625
"194" 27652.921875 12698.748046875 6541.31689453125
"195" 27457.763671875 12867.1318359375 6621.00634765625
"196" 29525.1484375 12101.5908203125 5172.30517578125
"197" 28877.900390625 11371.7001953125 5674.35009765625
"198" 27798.57421875 10900.041015625 6289.97216796875
"199" 27431.076171875 11386.1943359375 5827.63720703125
"200" 27067.26953125 11908.6123046875 5982.57421875
"201" 26783.578125 12054.6279296875 6102.58154296875
"202" 28615.376953125 11134.5615234375 4363.03076171875
"203" 27919.673828125 10809.0068359375 4915.80908203125
"204" 27180 10071.599609375 5892.4599609375
"205" 26828.01171875 10682.6474609375 5489.30078125
"206" 26527.197265625 11183.3486328125 5554.22265625
"207" 26294.3984375 11357.23828125 5785.1123046875
"208" 25803.6796875 11693.568359375 5809.576171875
"209" 27721.54296875 10230.8203125 4038.69360351562
"210" 26995.4765625 9859.169921875 4603.90576171875
"211" 26495.353515625 9062.751953125 5785.3642578125
"212" 26091.455078125 10022.130859375 5290.02685546875
"213" 25824.12890625 10655.0029296875 5356.18115234375
"214" 25398.65625 11083.9951171875 5661.2607421875
"215" 27060.80078125 9558.31640625 3740.19653320312
"216" 26384.548828125 9330.8125 4450.22802734375
"217" 26070.076171875 8380.8203125 5411.65966796875
"218" 25683.91796875 9053.572265625 5891.205078125
"219" 25503.921875 9772.7529296875 5128.1435546875
"220" 25291.39453125 10247.5703125 5360.359375
"221" 24509.53515625 10813.8427734375 5506.82275390625
"222" 26259.697265625 8917.6318359375 3608.89575195312
"223" 25746.791015625 8734.5263671875 4233.68505859375
"224" 25524.46875 7859.4384765625 5238.02001953125
"225" 24695.859375 8127.662109375 5945.96435546875
"226" 24745.099609375 8843.1796875 5214.5
"227" 24545.890625 9457.8974609375 5262.26416015625
"228" 24100.13671875 10212.974609375 5443.8271484375
"229" 25320.1484375 8182.06640625 3581.19946289062
"230" 24649.4296875 7878.82470703125 4712.80859375
"231" 24496.583984375 7031.658203125 5790.20068359375
"232" 23890.5 7287.93994140625 6595.5498046875
"233" 23897.46875 8393.8388671875 5153.10693359375
"234" 23929.0546875 9038.587890625 5372.97314453125
"235" 23511.947265625 9669.2275390625 5423.779296875
"236" 24315.365234375 7455.09521484375 3704.47583007812
"237" 24431.505859375 6904.7861328125 4963.45849609375
"238" 23558.21484375 6501.06298828125 6258.06689453125
"239" 23761.35546875 6921.3466796875 6315.39013671875
"240" 23379.8125 8183.0419921875 5166.82373046875
"241" 23191.6953125 8918.640625 5447.5068359375
"242" 23577.134765625 6902.685546875 3655.03173828125
"243" 23334.84765625 6186.67333984375 5042.1416015625
"244" 22951.900390625 6087.68017578125 6307.35986328125
"245" 22672.7890625 6432.75341796875 6487.98193359375
"246" 22921.626953125 7143.8642578125 5420.314453125
"247" 22684.81640625 7778.85107421875 5194.20458984375
"248" 22457.021484375 8638.453125 5364.45751953125
"249" 22592.95703125 6311.10693359375 4016.52270507812
"250" 22390.1796875 5611.77587890625 5522.845703125
"251" 22107.55078125 5289.26171875 6988.8359375
"252" 22080.4921875 6196.42822265625 6039.9775390625
"253" 22059.978515625 6751.40673828125 5310.087890625
"254" 21881.4765625 7241.4404296875 5242.50927734375
"255" 21756.82421875 7875.01611328125 5351.123046875
"256" 21680.064453125 5723.0947265625 4095.18188476562
"257" 21566.33203125 5236.56005859375 6036.73291015625
"258" 21755.44921875 4743.37646484375 7176.19873046875
"259" 21274.3828125 5596.69580078125 6028.83203125
"260" 21364.208984375 6067.76171875 5379.69921875
"261" 21288.228515625 6575.04638671875 5309.04443359375
"262" 21146.1796875 6804.11279296875 5295.109375
"263" 21099.353515625 5368.2158203125 4151.2060546875
"264" 21507.369140625 4347.4462890625 6636.55029296875
"265" 20709.0390625 5006.5087890625 6088.84130859375
"266" 20575.94921875 5320.892578125 6135.3798828125
"267" 20510.666015625 5687.41259765625 5557.326171875
"268" 20335.716796875 5882.6005859375 5566.30517578125
"269" 20361.853515625 4960.9462890625 4267.06103515625
"270" 20575.24609375 4340.337890625 6061.8369140625
"271" 21350.921875 4020.68481445312 7418.14453125
"272" 19840.291015625 5140.888671875 6365.9794921875
"273" 19924.181640625 5073.5390625 6301.53662109375
"274" 19679.54296875 5351.65087890625 5880.82421875
"275" 19761.203125 4717.884765625 5314.580078125
"276" 19660.96484375 4616.65625 6216.314453125
"277" 19478.982421875 4876.35595703125 6382.09814453125
"278" 19237.978515625 4943.1416015625 6049.01806640625
"279" 18985.86328125 5103.00927734375 6176.00390625
"280" 19485.72265625 4512.7578125 4598.244140625
"281" 19573.9140625 4206.7646484375 6035.88623046875
"282" 18964.458984375 4653.62255859375 6478.69287109375
"283" 18962.083984375 4703.7236328125 6502.86279296875
"284" 18755.662109375 4763.27783203125 6688.73046875
"285" 19277.03125 4341.67431640625 4445.6298828125
"286" 19087.978515625 4199.0185546875 6152.609375
"287" 18585.26953125 4743.71044921875 6831.23046875
"288" 18501.072265625 4827.306640625 6904.43798828125
"289" 18913.154296875 4304.0546875 4814.63037109375
"290" 18799.44921875 4041.42358398438 6298.35791015625
"291" 18512.830078125 4689.40869140625 6820.83837890625
"292" 18468.970703125 5000.49560546875 6985.689453125
"293" 18602.373046875 4276.8671875 5203.47314453125
"294" 18490.423828125 3897.28686523438 6338.111328125
"295" 18487.14453125 4679.5537109375 6811.603515625
"296" 18397.1484375 4819.443359375 6895.728515625
"297" 18218.884765625 4168.66357421875 5831.4482421875
"298" 18187.08984375 4025.71728515625 6431.1904296875
"299" 6893.80712890625 13870.208984375 7741.0810546875
"300" 7304.173828125 12891.9443359375 8375.216796875
"301" 8126.00634765625 12810.3857421875 8394.103515625
"302" 8197.02734375 12864.0771484375 8482.890625
"303" 8816.8447265625 13226.3701171875 7818.345703125
"304" 9383.759765625 13364.2607421875 7666.78857421875
"305" 7138.86962890625 13220.0390625 6821.5087890625
"306" 7782.19580078125 12223.6923828125 7312.5615234375
"307" 9063.9921875 11915.2392578125 7938.87744140625
"308" 9163.4970703125 12261.0849609375 7170.251953125
"309" 9571.5029296875 12528.5068359375 7087.46728515625
"310" 10291.62109375 12613.4765625 7125.35498046875
"311" 7816.98974609375 12252.9267578125 6018.8525390625
"312" 8365.5283203125 11174.9619140625 6486.4765625
"313" 9247.271484375 10891.4853515625 7279.1669921875
"314" 9903.98046875 11309 7459.85986328125
"315" 10068.68359375 11717.294921875 6611.66748046875
"316" 10626.3369140625 11851.51171875 6805.85400390625
"317" 11300.173828125 11958.3564453125 6695.86279296875
"318" 8540.974609375 11275.7021484375 5439.39501953125
"319" 9486.5908203125 10733.7998046875 6048.41064453125
"320" 9750.666015625 9873.2900390625 6904.79052734375
"321" 10341.529296875 10097.3017578125 7052.7138671875
"322" 10587.544921875 10758.94140625 6318.43408203125
"323" 11209.3056640625 11075.4892578125 6484.94921875
"324" 11926.7021484375 11167.728515625 6422.5810546875
"325" 9169.7587890625 10460.1435546875 5049.0390625
"326" 9689.349609375 9582.7900390625 5828.72998046875
"327" 10911.451171875 9034.73046875 6788.12451171875
"328" 11563.2998046875 9713.5703125 6055.64013671875
"329" 11846.3447265625 10103.306640625 6144.74462890625
"330" 12284.5576171875 10381.275390625 6302.771484375
"331" 10425.6572265625 9251.7236328125 4716.39306640625
"332" 11276.05078125 8904.755859375 5656.5498046875
"333" 11876.48828125 8191.2734375 6725.3310546875
"334" 12182.326171875 9191.958984375 6027.98291015625
"335" 12484.4521484375 9503.3037109375 6107.5341796875
"336" 12961.4775390625 9912.21484375 6164.30029296875
"337" 11381.19921875 8452.6669921875 4739.11328125
"338" 12141.4716796875 8157.34228515625 5785.099609375
"339" 12803.599609375 7653.8798828125 7233.064453125
"340" 12595.8603515625 8255.068359375 5994.65087890625
"341" 13135.0849609375 8908.0498046875 6070.6298828125
"342" 13465.603515625 9288.859375 6096.33984375
"343" 12043.3017578125 7840.8115234375 4487.71240234375
"344" 12600.2470703125 7599.95458984375 5578.36328125
"345" 12840.8828125 7230.33203125 7072.65478515625
"346" 13714.0625 7484.8173828125 6102.8076171875
"347" 13760.7587890625 8280.287109375 5851.87646484375
"348" 14143.708984375 8664.9775390625 5910.4580078125
"349" 12903.7578125 7164.509765625 4685.85693359375
"350" 13470.1357421875 6928.5341796875 5717.44140625
"351" 13948.3896484375 6381.4794921875 7184.54296875
"352" 13880.8623046875 6737.20458984375 6855.1337890625
"353" 14250.5234375 7230.74951171875 6367.55712890625
"354" 14386.9462890625 7538.2763671875 5725.10498046875
"355" 14761.4228515625 7675.98974609375 5802.939453125
"356" 13647.03515625 6599.35595703125 4583.33642578125
"357" 13700.44921875 5996.23095703125 5662.9931640625
"358" 14468.5927734375 5522.0556640625 7784.26318359375
"359" 14308.6162109375 5792.29443359375 7651.130859375
"360" 14925.1865234375 6518.4716796875 6381.27490234375
"361" 15130.0810546875 6655.39013671875 5727.11669921875
"362" 15547.2919921875 6716.9873046875 5751.458984375
"363" 14830.6826171875 5882.478515625 4982.154296875
"364" 14786.34765625 5048.12353515625 6480.27978515625
"365" 14867.3818359375 4729.3994140625 7975.287109375
"366" 15572.3330078125 5576.04833984375 6428.00244140625
"367" 15626.150390625 5833.64013671875 6429.48046875
"368" 15989.048828125 6001.0595703125 5875.95458984375
"369" 15358.1533203125 5491.8544921875 4880.56103515625
"370" 15466.5087890625 4870.5634765625 6326.91845703125
"371" 15000.322265625 4520.83154296875 8205.1552734375
"372" 16264.34375 5240.6357421875 6523.60595703125
"373" 16339.46484375 5222.74267578125 6540.08203125
"374" 16847.48046875 5393.37158203125 6142.7353515625
"375" 16073.4208984375 4997.13330078125 5387.04345703125
"376" 15882.5888671875 4494.53173828125 6270.16796875
"377" 16494.439453125 5005.6064453125 6492.34912109375
"378" 16752.30078125 4969.3125 6535.44189453125
"379" 17289.45703125 4941.91552734375 6691.12744140625
"380" 17586.53125 4874.82568359375 6857.59619140625
"381" 16462.865234375 4718.6005859375 4725.89599609375
"382" 16643.33203125 4355.58642578125 6194.54931640625
"383" 17355.6953125 4626.82958984375 6590.6083984375
"384" 17622.978515625 5019.822265625 6989.2978515625
"385" 17707.69921875 5158.9501953125 7122.5
"386" 16887.53515625 4544.126953125 4926.93359375
"387" 17203.48828125 4167.4638671875 6246.69580078125
"388" 17726.138671875 5015.7353515625 7017.3447265625
"389" 17152.677734375 3923.31640625 5534.54248046875
"390" 17679.396484375 4180.45361328125 6493.81591796875
