"V1" "V2" "V3"
"1" 47.7701225280762 33.4059143066406 16.6658058166504
"2" 46.7258 34.0863 15.609
"3" 45.7169 34.3186 14.3341
"4" 44.6764 34.564 13.0808
"5" 43.6395 34.6466 11.8014
"6" 42.6032 34.6341 10.5189
"7" 41.4646 34.5206 9.3397
"8" 40.3589 34.2493 8.1562
"9" 39.1632 34.026 7.0505
"10" 37.99 33.6041 5.9781
"11" 36.7829 33.2173 4.9227
"12" 35.5023 33.0338 3.9018
"13" 34.2137 33.1938 2.8987
"14" 32.9152 33.1351 2.2139
"15" 31.8146 31.9336 2.402
"16" 30.2640743255615 31.4682674407959 2.52168869972229
"17" 44.3963661193848 38.8266830444336 39.7317314147949
"18" 44.1742 37.5853 38.4745
"19" 45.2839 36.4353 38.9464
"20" 46.9007 35.9096 39.5006
"21" 48.6431 35.8242 39.0488
"22" 50.4065 35.9825 38.7061
"23" 51.6261 37.2415 38.8739
"24" 52.0177 38.6286 39.9341
"25" 51.9301 39.6207 41.4453
"26" 51.1945 40.1814 42.9335
"27" 49.6699 39.9807 43.6974
"28" 47.9311 39.6957 43.2733
"29" 46.2597 39.8136 42.6173
"30" 45.276 39.4794 41.1628
"31" 47.7701225280762 33.4059143066406 16.6658058166504
"32" 36.3506813049316 32.1905784606934 14.5085830688477
"33" 36.1587753295898 19.6819610595703 8.13617515563965
"34" 35.8878 18.5299 9.4944
"35" 35.874 17.9525 11.2372
"36" 36.0686 17.5629 13.0164
"37" 36.6867 17.5084 14.7606
"38" 37.9903 17.4698 16.0235
"39" 39.2924 17.7457 17.2608
"40" 40.448 18.3791 18.5634
"41" 41.9396 18.9888 19.229
"42" 43.4539 19.8945 18.7492
"43" 44.2188 21.5135 18.5871
"44" 44.6847 23.1937 18.0784
"45" 44.7131 24.4312 16.7675
"46" 44.3813 25.6392 15.4032
"47" 44.0344 26.7192 13.9712
"48" 43.2185 27.3726 12.4656
"49" 42.4587 27.5 10.8234
"50" 41.4775 27.0779 9.3153
"51" 40.4457 26.4997 7.8944
"52" 39.3001 25.5541 6.7984
"53" 38.2712 24.2434 6.159
"54" 37.2934 22.6981 6.4178
"55" 36.5888 21.156 7.0991
"56" 45.2530670166016 28.5226306915283 18.597713470459
"57" 43.0852 30.042 18.9766
"58" 40.8675 31.4561 18.5605
"59" 38.6202 32.1518 17.3186
"60" 36.7072 32.2326 15.4157
"61" 35.8316 32.18 12.86
"62" 35.0171 32.009 10.3015
"63" 33.7469 31.4616 8.0527
"64" 31.8906 30.0302 7.0583
"65" 30.1751384735107 28.6186256408691 5.63096141815186
"66" 45.2530670166016 28.5226306915283 18.597713470459
"67" 30.3930053710938 19.693172454834 5.58173561096191
"68" 30.1751384735107 28.6186256408691 5.63096141815186
"69" 30.3930053710938 19.693172454834 5.58173561096191
"70" 30.4783 18.547 7.7131
"71" 30.6463 17.7089 9.9964
"72" 30.5761 17.2272 12.3872
"73" 30.4105 16.9064 14.7901
"74" 30.3359 16.5096 17.1407
"75" 30.3688 16.5331 19.5639
"76" 30.7344 15.7088 21.8267
"77" 30.6874 15.2418 24.1893
"78" 30.4125 15.0209 26.5932
"79" 30.2887 15.361 28.9939
"80" 30.311 15.6006 31.4108
"81" 30.204 15.6557 33.8481
"82" 30.1335 15.4691 36.2765
"83" 30.0766 15.3121 38.7027
"84" 30.0665 15.0344 41.113
"85" 30.0789 14.7733 43.5336
"86" 29.9933 14.7143 45.9729
"87" 30.1745548248291 14.9047870635986 48.3858184814453
"88" 30.8579730987549 34.4085922241211 60.7981986999512
"89" 30.1745548248291 14.9047870635986 48.3858184814453
"90" 30.2640743255615 31.4682674407959 2.52168869972229
"91" 15.9390602111816 34.2782173156738 13.7517290115356
"92" 16.9706 34.4374 12.6475
"93" 17.9366 34.3757 11.4595
"94" 18.9262 34.3615 10.2945
"95" 19.9588 34.2393 9.1675
"96" 21.0486 34.0682 8.1083
"97" 22.0953 33.7618 7.0529
"98" 23.0447 33.4495 5.8911
"99" 24.077 33.0152 4.8474
"100" 25.1694 32.7595 3.8165
"101" 26.3455 33.0395 2.8775
"102" 27.7465 33.0832 2.2946
"103" 28.8576 32.0436 2.4285
"104" 30.2640743255615 31.4682674407959 2.52168869972229
"105" 15.9390602111816 34.2782173156738 13.7517290115356
"106" 24.3069763183594 31.9793567657471 15.1387233734131
"107" 25.1953086853027 19.4562873840332 7.86149311065674
"108" 25.4295 18.0945 9.2053
"109" 25.2092 17.7298 11.1157
"110" 24.6535 17.3711 12.9661
"111" 23.9244 17.2063 14.7733
"112" 22.7554 17.4041 16.2913
"113" 21.2678 17.8961 17.4704
"114" 19.7447 18.5068 18.5498
"115" 18.1696 19.4338 19.0664
"116" 16.7531 20.7161 18.5972
"117" 15.5757 22.1923 18.5773
"118" 15.7694 24.0009 18.0798
"119" 15.9751 25.204 16.5364
"120" 16.333 26.4373 15.0385
"121" 16.8232 27.4066 13.3952
"122" 17.6363 27.6933 11.6367
"123" 18.6329 27.5119 9.9615
"124" 19.808 26.8612 8.5217
"125" 21.0767 25.8428 7.4147
"126" 22.2097 24.3937 6.8315
"127" 23.3659 22.834 7.1338
"128" 24.4582 21.2027 7.2979
"129" 15.4811391830444 28.7565841674805 19.2096672058106
"130" 17.7915 30.0643 19.5657
"131" 20.1253 31.1855 19.004
"132" 22.2997 31.8979 17.6371
"133" 23.9706 32.0713 15.5944
"134" 24.8233 32.1823 13.0607
"135" 25.3731 31.9068 10.5306
"136" 26.9219 31.5015 8.434
"137" 28.5847 30.2857 6.9703
"138" 30.1751384735107 28.6186256408691 5.63096141815186
"139" 15.4811391830444 28.7565841674805 19.2096672058106
"140" 44.5488052368164 37.9912757873535 38.9803924560547
"141" 44.9119758605957 38.5559959411621 39.6753997802734
"142" 45.2579650878906 39.0060043334961 40.3504829406738
"143" 45.6920738220215 39.3983993530273 41.0224800109863
"144" 46.4255981445312 39.6287994384766 41.7999992370605
"145" 45.0502891540527 37.6792259216309 38.9314956665039
"146" 45.3996772766113 38.1674842834473 39.7808074951172
"147" 45.8236083984375 38.6217231750488 40.4249992370605
"148" 46.3658561706543 39.2127952575684 41.0284690856934
"149" 47.1117897033691 39.6287994384766 41.9178848266602
"150" 45.7187194824219 37.4654006958008 39.0615997314453
"151" 46.3607940673828 38.1715049743652 39.6601486206055
"152" 46.5932998657227 38.5231018066406 40.6804313659668
"153" 47.3061561584473 39.2286796569824 41.4109420776367
"154" 47.7615852355957 39.513599395752 41.9928970336914
"155" 46.2380752563477 37.1384048461914 39.4286994934082
"156" 46.826602935791 37.6954116821289 40.2459869384766
"157" 47.4244232177734 38.3184547424316 40.7860069274902
"158" 48.0469779968262 39.0759201049805 41.5525970458984
"159" 48.6143989562988 39.1679992675781 41.7999992370605
"160" 47.183177947998 37.0098915100098 39.7158660888672
"161" 47.7739639282227 37.6332626342773 40.3806762695312
"162" 48.3056716918945 38.3006248474121 40.9749984741211
"163" 48.8312911987305 39.0323143005371 41.6380462646484
"164" 48.6143989562988 39.1679992675781 41.7999992370605
"165" 48.0103225708008 37.0559921264648 39.9331436157227
"166" 48.1535987854004 37.7855987548828 39.875
"167" 48.9599990844727 38.2905158996582 41.0276565551758
"168" 49.5383682250977 38.9375991821289 41.5250015258789
"169" 50.342399597168 39.1679992675781 41.5250015258789
"170" 48.9684791564941 36.7671203613281 39.8968696594238
"171" 49.0751991271973 38.1311988830566 40.9749984741211
"172" 49.9339637756348 38.7608261108398 41.2515068054199
"173" 51.0335998535156 39.513599395752 41.6624984741211
"174" 49.3055992126465 36.5183982849121 39.3250007629395
"175" 49.0751991271973 36.8639984130859 40.0125007629395
"176" 49.9967994689941 38.5919990539551 41.1124992370605
"177" 50.8170928955078 39.2970924377441 41.6125335693359
"178" 50.342399597168 36.5183982849121 39.0499992370605
"179" 51.2639999389648 37.439998626709 39.5999984741211
"180" 50.4575996398926 38.7071990966797 41.1124992370605
"181" 51.380558013916 39.2831993103027 41.3382987976074
"182" 51.1487998962402 36.8639984130859 38.9124984741211
"183" 51.7248001098633 38.015998840332 39.5999984741211
"184" 51.7248001098633 38.6009101867676 40.1606369018555
"185" 51.2639999389648 39.319995880127 41.2939186096191
"186" 51.7782554626465 37.8106346130371 39.428581237793
"187" 51.9552001953125 38.5919990539551 39.875
"188" 52.0662002563477 39.1330223083496 40.5257682800293
"189" 46.1848335266113 31.334400177002 16.075122833252
"190" 45.1070899963379 30.4127998352051 16.5822639465332
"191" 44.4535026550293 28.5695991516113 16.5
"192" 44.812801361084 28.4543991088867 16.6375007629395
"193" 45.1647415161133 29.836799621582 17.4624996185303
"194" 45.2736015319824 29.7379322052002 17.5805072784424
"195" 44.6933937072754 29.3800735473633 18.2876586914062
"196" 45.9243431091309 32.3712005615234 15.2142086029053
"197" 44.7824363708496 30.7869071960449 15.6409759521484
"198" 44.5824012756348 28.5695991516113 15.2624998092651
"199" 44.6976013183594 30.6431999206543 16.0874996185303
"200" 44.0549621582031 30.5279998779297 17.0073013305664
"201" 43.4012145996094 30.4419841766357 17.7668647766113
"202" 45.4150238037109 32.7168006896973 14.4687986373901
"203" 44.3902893066406 31.3043575286865 14.6565608978271
"204" 43.6608009338379 30.9888000488281 15.3999996185303
"205" 44.0370483398438 30.9888000488281 15.0884189605713
"206" 43.1378974914551 30.9888000488281 16.2842597961426
"207" 42.5323257446289 31.0804767608643 17.1379718780518
"208" 42.163200378418 31.2192001342773 17.4624996185303
"209" 44.5824012756348 32.6016006469727 13.6125001907349
"210" 43.3237342834473 31.2192001342773 14.2281970977783
"211" 43.1088943481445 31.2192001342773 14.5462427139282
"212" 43.0848007202148 31.2192001342773 14.5749998092651
"213" 42.0013046264648 31.2658939361572 16.084400177002
"214" 41.3568000793457 31.5648002624512 17.1655387878418
"215" 44.1216011047363 32.9472007751465 12.9250001907349
"216" 42.6344985961914 31.334400177002 13.7983732223511
"217" 42.2784004211426 31.334400177002 13.75
"218" 42.4371376037598 31.334400177002 13.5730218887329
"219" 41.5377922058105 31.334400177002 15.1241540908813
"220" 40.665599822998 31.7952003479004 16.2250003814697
"221" 39.6287994384766 32.0256004333496 17.1875
"222" 43.5961151123047 33.1776008605957 12.1602916717529
"223" 41.9328002929688 31.4496002197266 13.1999998092651
"224" 41.5872001647949 31.334400177002 12.7875003814697
"225" 41.8301010131836 31.2192001342773 12.3899202346802
"226" 41.4137687683105 31.5648002624512 13.6125001907349
"227" 39.9743995666504 31.7952003479004 15.125
"228" 39.5982437133789 32.0256004333496 16.5364723205566
"229" 42.632007598877 32.9472007751465 11.1470556259155
"230" 41.0111999511719 31.4479179382324 12.2354917526245
"231" 40.2992401123047 29.1455993652344 12.212721824646
"232" 41.5872001647949 31.2192001342773 12.0132350921631
"233" 39.9750213623047 31.4496002197266 13.5072317123413
"234" 39.2121162414551 32.0256004333496 14.9026584625244
"235" 38.3615989685059 32.2560005187988 15.6750001907349
"236" 41.8454208374023 32.9472007751465 10.2082052230835
"237" 40.2300491333008 31.334400177002 11.1676368713379
"238" 39.8591995239258 29.0303993225098 11.4125003814697
"239" 40.5057945251465 31.2192001342773 11.17835521698
"240" 39.1679992675781 31.6800003051758 13.1999998092651
"241" 38.2463989257812 32.2560005187988 14.4375
"242" 40.8959999084473 33.5750846862793 8.9375
"243" 39.4034729003906 31.2192001342773 10.1810541152954
"244" 39.1679992675781 30.9888000488281 9.89999961853027
"245" 39.9857406616211 31.1040000915527 9.95256996154785
"246" 39.1488380432129 31.6438159942627 11.0714387893677
"247" 38.319091796875 31.7952003479004 12.3242635726929
"248" 37.6703987121582 32.486400604248 14.3000001907349
"249" 39.7439994812012 32.8320007324219 7.97499990463257
"250" 38.7596054077148 30.9888000488281 8.8121976852417
"251" 38.8223991394043 30.8736000061035 8.43803596496582
"252" 38.5868377685547 31.0422534942627 9.13264083862305
"253" 37.439998626709 31.910400390625 9.89999961853027
"254" 36.7487983703613 32.0256004333496 10.8625001907349
"255" 36.1099243164062 32.3712005615234 12.375
"256" 38.3615989685059 32.486400604248 6.73750019073486
"257" 37.3662796020508 30.8321170806885 7.86120176315308
"258" 38.015998840332 30.5279998779297 7.5625
"259" 37.5481300354004 30.6726684570312 7.81076717376709
"260" 36.5183982849121 31.6669902801514 8.92197132110596
"261" 36.3276062011719 31.910400390625 9.48750019073486
"262" 35.3664016723633 32.0256004333496 9.89999961853027
"263" 37.6582641601562 32.7168006896973 6.03551864624023
"264" 36.8639984130859 29.7127590179443 7.27694702148438
"265" 36.7487983703613 30.4127998352051 6.05000019073486
"266" 35.8150062561035 30.5490684509277 6.62514781951904
"267" 34.9056015014648 31.3339920043945 7.28701305389404
"268" 34.3858108520508 31.5834274291992 7.44723224639893
"269" 36.1727981567383 32.5932922363281 4.67500019073486
"270" 35.9424018859863 30.2975997924805 6.32499980926514
"271" 35.7686500549316 29.1455993652344 5.82270479202271
"272" 35.2512016296387 30.0671997070312 5.36250019073486
"273" 34.152530670166 30.3534145355225 5.84161853790283
"274" 33.2840766906738 30.5167427062988 6.17406272888184
"275" 35.0009613037109 30.9689598083496 4.26249980926514
"276" 35.0614738464355 29.0303993225098 5.18986988067627
"277" 34.5573577880859 29.9519996643066 4.94684362411499
"278" 33.2928009033203 30.4127998352051 3.71250009536743
"279" 31.910400390625 29.6063995361328 5.91249990463257
"280" 34.3296012878418 32.0256004333496 3.57500004768372
"281" 34.1742477416992 29.824951171875 4.64121532440186
"282" 33.5806274414062 29.6638259887695 4.125
"283" 32.7168006896973 29.4911994934082 3.71250009536743
"284" 31.5648002624512 28.9151992797852 5.22499990463257
"285" 33.1776008605957 32.2560005187988 2.88750004768372
"286" 33.0960693359375 29.4911994934082 5.04731225967407
"287" 32.4720611572266 28.3391990661621 4.30737209320068
"288" 31.2604141235352 28.4543991088867 3.8991916179657
"289" 32.2619705200195 31.6859703063965 2.75
"290" 32.2273368835449 29.0303993225098 4.84671211242676
"291" 31.499267578125 27.8128681182861 4.59876155853271
"292" 30.8736000061035 27.7632007598877 4.125
"293" 31.5648002624512 30.8736000061035 3.02500009536743
"294" 31.4542827606201 29.0927715301514 3.4375
"295" 30.8560886383057 27.9741268157959 4.63086557388306
"296" 30.1823997497559 27.7632007598877 4.8125
"297" 30.8627090454102 29.9865055084229 3.16249990463257
"298" 30.5772762298584 28.1580753326416 4.38524389266968
"299" 16.4736003875732 32.0256004333496 14.1625003814697
"300" 16.9448394775391 30.8736000061035 15.4558839797974
"301" 16.6635761260986 30.6431999206543 16.4517517089844
"302" 15.7214403152466 29.4469585418701 16.5647411346436
"303" 15.6491680145264 29.6063995361328 16.9340229034424
"304" 16.1211338043213 29.960241317749 18.2694664001465
"305" 16.4972667694092 33.0169105529785 13.5842523574829
"306" 16.9969844818115 30.9997730255127 14.7622041702271
"307" 16.9344005584717 30.7583999633789 15.8125
"308" 16.7040004730225 30.7583999633789 15.8125
"309" 17.2062129974365 30.7158832550049 16.9632453918457
"310" 17.8599319458008 30.6119995117188 18.191930770874
"311" 16.7939472198486 32.7969665527344 13.2719583511353
"312" 17.2235355377197 31.2784652709961 13.8841590881348
"313" 17.5104007720947 30.8736000061035 15.125
"314" 17.1854705810547 30.8736000061035 15.125
"315" 17.8943042755127 30.9888000488281 16.0457248687744
"316" 18.8927993774414 31.1040000915527 17.0499992370605
"317" 19.4636707305908 31.2192001342773 17.8344764709473
"318" 17.2317848205566 32.7105331420898 12.8525295257568
"319" 18.100227355957 31.0372619628906 13.8131513595581
"320" 18.2124843597412 30.9888000488281 14.0918426513672
"321" 17.9278411865234 30.9888000488281 13.9815673828125
"322" 18.6802577972412 31.334400177002 15.1484823226929
"323" 19.6991996765137 31.334400177002 16.5
"324" 20.7883415222168 31.5648002624512 17.0661926269531
"325" 17.5345134735107 32.7168006896973 12.4837188720703
"326" 18.0054302215576 31.4790058135986 12.5740461349487
"327" 18.8348484039307 30.9888000488281 13.2172794342041
"328" 18.966703414917 30.9987525939941 13.4868783950806
"329" 19.5022621154785 31.334400177002 14.3975601196289
"330" 21.3120002746582 31.6800003051758 16.0874996185303
"331" 18.3252353668213 33.0624008178711 11.4024295806885
"332" 18.9766750335693 31.1021347045898 12.0021152496338
"333" 19.5839996337891 30.8736000061035 12.375
"334" 20.3746318817139 31.1197681427002 13.7169809341431
"335" 20.8512001037598 31.2192001342773 14.1979370117188
"336" 22.2336006164551 31.910400390625 15.7496652603149
"337" 19.1231994628906 32.6016006469727 10.5874996185303
"338" 20.0718269348145 30.9888000488281 11.502833366394
"339" 20.1599998474121 30.8736000061035 11.5500001907349
"340" 20.3810520172119 31.0829334259033 12.2235136032104
"341" 20.6956024169922 31.1379890441895 13.2969303131104
"342" 22.6944007873535 32.0256004333496 14.9875001907349
"343" 19.9295997619629 33.3767929077148 9.48750019073486
"344" 20.9664001464844 30.9888000488281 10.7250003814697
"345" 21.0984935760498 30.8736000061035 10.5760154724121
"346" 21.3018665313721 31.2456283569336 11.5936393737793
"347" 21.7728004455566 31.5648002624512 11.9624996185303
"348" 23.1551990509033 32.0256004333496 13.75
"349" 20.6422634124756 32.8320007324219 8.77438259124756
"350" 21.0038185119629 30.9513816833496 9.05050086975098
"351" 21.657600402832 30.5279998779297 9.21249961853027
"352" 21.3120002746582 30.7583999633789 9.56332969665527
"353" 22.3057994842529 31.3202610015869 10.4844493865967
"354" 22.74365234375 31.6800003051758 10.7271127700806
"355" 24.3071994781494 32.0256004333496 11.2749996185303
"356" 21.7728004455566 32.8320007324219 7.5625
"357" 21.9836158752441 30.7788276672363 7.9739933013916
"358" 22.3488006591797 29.5571365356445 7.69999980926514
"359" 22.3042659759521 29.7922649383545 7.5625
"360" 23.4887447357178 31.0546951293945 8.89304065704346
"361" 24.2649593353271 31.5348434448242 9.08966064453125
"362" 25.1120586395264 31.6800003051758 8.70143795013428
"363" 22.9248008728027 31.7952003479004 6.46250009536743
"364" 23.6865749359131 29.4911994934082 7.34076261520386
"365" 23.3483943939209 28.9931945800781 6.97851610183716
"366" 23.966423034668 29.4045486450195 7.18407487869263
"367" 24.6134376525879 30.5835857391357 7.21634674072266
"368" 25.8982696533203 31.1729469299316 7.3697943687439
"369" 23.9615993499756 31.5648002624512 5.36250019073486
"370" 24.558614730835 30.1823997497559 6.15019130706787
"371" 24.300256729126 28.9151992797852 6.09185218811035
"372" 25.1790943145752 30.116907119751 5.60996389389038
"373" 26.345100402832 30.156400680542 5.97635698318481
"374" 28.2240009307861 31.4496002197266 5.63749980926514
"375" 25.086763381958 31.1553115844727 4.50828552246094
"376" 25.6710987091064 29.9519996643066 5.5
"377" 25.464599609375 28.7999992370605 5.23112201690674
"378" 26.8545722961426 29.6063995361328 4.86325883865356
"379" 28.001802444458 29.1817321777344 5.00291633605957
"380" 28.9191074371338 28.6847991943359 4.12033653259277
"381" 26.3234405517578 31.852560043335 3.57500004768372
"382" 26.7227344512939 30.0607585906982 3.99956321716309
"383" 27.1759986877441 28.5695991516113 4.51641464233398
"384" 28.2383346557617 28.3391990661621 4.25422954559326
"385" 29.5019779205322 27.7635040283203 4.24926948547363
"386" 27.4575271606445 31.5248737335205 3.29999995231628
"387" 27.7783470153809 29.5455703735352 3.76702737808228
"388" 29.209493637085 27.8719615936279 4.60642337799072
"389" 28.5202503204346 30.7727699279785 3.16249990463257
"390" 28.9735240936279 28.0743255615234 3.82153272628784
