"V1" "V2" "V3"
"1" 61064.28515625 31806.193359375 12340.513671875
"2" 60186.2606 30476.4668 9734.5101
"3" 59097.703 27998.3896 8227.4274
"4" 57882.3752 25121.133 8192.8662
"5" 56449.159 22448.4166 8881.5657
"6" 55051.0358 19722.386 9448.6974
"7" 53613.5845 16990.0556 9951.5099
"8" 52145.1206 14242.6002 10296.0311
"9" 50393.8879 11664.0342 10667.7738
"10" 48592.8976 9127.2517 11051.7584
"11" 46524.038 6933.6912 11775.4097
"12" 44235.6944 4951.7171 12393.3585
"13" 41622.8805 3349.5632 12438.2666
"14" 38933.785 2355.8398 13532.0983
"15" 36035.0081 2055.2568 14605.6858
"16" 33572.18359375 2016.822265625 16488.2734375
"17" 56538.6015625 54135.328125 9322.4375
"18" 58630.5246 54615.8831 8655.7043
"19" 60803.0949 54444.0386 9164.4656
"20" 62944.4023 53964.0086 9193.8891
"21" 65039.5963 54560.5432 8769.6382
"22" 66758.105 55695.5408 8087.98
"23" 68088.5532 57331.7041 7356.1475
"24" 66891.7349 58505.663 6443.3369
"25" 64758.1311 59140.0416 6707.4363
"26" 62755.2843 59914.6716 7403.0861
"27" 60563.5824 60210.2651 7504.761
"28" 58474.9092 59405.1803 7361.2673
"29" 57008.8832 57729.074 7266.5992
"30" 56189.5042 55760.3688 7899.2705
"31" 61064.28515625 31806.193359375 12340.513671875
"32" 43145.875 22174.90234375 23695.00390625
"33" 47771.84375 14746.88671875 38335.7890625
"34" 46731.7534 16263.8766 40429.473
"35" 46626.0204 17926.6306 42677.8701
"36" 47104.7583 19968.1632 44470.4135
"37" 48290.5505 22232.2956 45550.7638
"38" 49779.8921 24565.6657 45997.1973
"39" 51612.1337 26620.5195 45509.727
"40" 53155.9647 28568.7081 44333.4637
"41" 54503.1663 30501.9655 42799.6961
"42" 56190.0629 32281.2614 41430.2271
"43" 57518.8031 33891.6246 39620.7405
"44" 58189.7159 34839.4577 37084.2624
"45" 58635.7874 34389.1223 34460.3251
"46" 58793.6852 32525.6082 32473.0678
"47" 58702.4577 30176.155 30938.0668
"48" 58032.0366 27534.706 30341.8887
"49" 57114.3242 25154.2082 29535.0695
"50" 56466.1552 22751.2068 28881.2449
"51" 55361.6427 20167.4583 28977.033
"52" 53832.1773 18130.3296 30121.6204
"53" 52302.7752 16599.5956 31904.0526
"54" 50715.757 15093.3503 33641.1479
"55" 49212.2267 14671.6789 35922.3847
"56" 51379.09375 31763.5078125 23492.59765625
"57" 48659.3275 30042.8781 24207.9312
"58" 46521.1435 27412.602 24212.2276
"59" 45014.5899 24447.3488 23594.8189
"60" 43142.6861 21637.6342 23526.9565
"61" 41839.0671 18514.6055 23237.9645
"62" 41011.2508 15200.1881 22923.1602
"63" 39508.9722 12229.1611 22173.0448
"64" 37184.3579 9972.9519 21723.2409
"65" 33875.375 9152.443359375 21924.515625
"66" 51379.09375 31763.5078125 23492.59765625
"67" 33767.65625 8709.86328125 37596.7421875
"68" 33875.375 9152.443359375 21924.515625
"69" 33767.65625 8709.86328125 37596.7421875
"70" 34111.9945 10185.7064 39910.962
"71" 34179.4501 12197.2127 41838.0708
"72" 34306.5609 14289.6099 43680.3273
"73" 34253.9933 16568.5677 45269.3631
"74" 34450.3825 18988.622 46643.3806
"75" 34490.5029 21581.692 47655.6586
"76" 34548.419 24248.31 48469.3136
"77" 34541.2307 26948.142 49169.1805
"78" 34437.1207 29640.9289 49892.0357
"79" 34528.3925 32302.7928 50725.5598
"80" 34574.6075 34904.6444 51728.471
"81" 34563.0798 37508.8965 52717.6026
"82" 34486.6845 40209.7349 53386.021
"83" 34629.3547 42965.1133 53781.3068
"84" 34535.257 45734.4913 54110.7842
"85" 34549.2816 48517.6303 54229.6369
"86" 34578.3585 51296.3829 53990.8897
"87" 33295.234375 53534.91015625 53357.9296875
"88" 35902.1796875 68125.828125 26870.841796875
"89" 33295.234375 53534.91015625 53357.9296875
"90" 33572.18359375 2016.822265625 16488.2734375
"91" 7457.8515625 34713.08984375 15489.26953125
"92" 8506.9215 32142.0687 13327.1313
"93" 9266.2099 28874.8014 12130.5682
"94" 10614.2822 25857.7785 10876.7595
"95" 11204.5322 22414.7245 10293.4603
"96" 12824.4283 19258.5844 10340.7739
"97" 14705.5493 16298.1879 10807.1493
"98" 17058.4648 14064.4655 12155.437
"99" 19305.0479 11643.1376 13315.2258
"100" 22163.3915 9686.0753 14117.5158
"101" 25074.851 7782.592 14917.873
"102" 27986.3106 5879.1087 15718.2302
"103" 30897.7701 3975.6253 16518.5874
"104" 33572.18359375 2016.822265625 16488.2734375
"105" 7457.8515625 34713.08984375 15489.26953125
"106" 24791.59375 20712.427734375 22140.837890625
"107" 21515.0390625 14801.017578125 38470.45703125
"108" 22266.7135 15881.4727 40762.9569
"109" 22064.3694 17155.8828 43041.8014
"110" 21448.7361 18732.059 45046.1298
"111" 20392.9303 20821.6902 46236.7286
"112" 19038.0698 22916.4558 47002.9477
"113" 17439.3382 24951.0968 46726.5732
"114" 15837.1432 26920.7212 45987.1573
"115" 14209.0789 28726.488 45115.7306
"116" 12447.3681 29160.9664 43201.6171
"117" 10869.9625 28568.8138 41179.7934
"118" 10402.9175 28115.509 38678.8327
"119" 9883.9245 27699.7707 36262.6237
"120" 10186.6544 26521.7201 33943.0807
"121" 10220.0528 24691.4886 32091.6268
"122" 11262.5016 22749.1855 30768.5256
"123" 11959.6037 20410.3031 29908.6426
"124" 13486.1286 18341.3403 29847.8536
"125" 15207.5085 16683.6025 30910.4208
"126" 16623.9008 15230.5031 32567.4898
"127" 18332.4835 14335.5692 34352.5139
"128" 20008.3889 14273.4587 36362.1706
"129" 18989.353515625 31867.640625 24066.89453125
"130" 21669.5286 30012.3068 24341.793
"131" 23012.4054 27016.0851 24171.2248
"132" 23785.0087 23919.3493 23212.4975
"133" 24694.0626 20859.6854 22266.7893
"134" 25974.7408 17852.8375 21787.4807
"135" 26810.7881 14671.8914 21444.3427
"136" 28536.988 11994.2141 20686.4458
"137" 30797.0947 9586.7615 20945.0312
"138" 33875.375 9152.443359375 21924.515625
"139" 18989.353515625 31867.640625 24066.89453125
"140" 57391.2421875 55156.82421875 8282.4423828125
"141" 57447.234375 55956.82421875 7868.4873046875
"142" 57584.328125 56681.0390625 7588.7919921875
"143" 57842.35546875 57424.9765625 7330.62451171875
"144" 58224.05078125 58506.57421875 7225.22216796875
"145" 58265.390625 55334.69140625 8250.3095703125
"146" 58340.97265625 56074.74609375 7942.52001953125
"147" 58498.40625 56791.078125 7682.84423828125
"148" 58723.2421875 57538.1796875 7450.50732421875
"149" 59215.99609375 58480.515625 7372.3876953125
"150" 59162.5625 55454.84375 8282.298828125
"151" 59364.88671875 56232.55078125 8015.07275390625
"152" 59471.296875 57051.11328125 7729.97509765625
"153" 59749.375 57929.58984375 7517.92431640625
"154" 60093.203125 58891.79296875 7413.18310546875
"155" 59951.44140625 55400.8515625 8332.638671875
"156" 60200.88671875 56229.55859375 8038.57080078125
"157" 60453.36328125 57031.44140625 7756.734375
"158" 60679.48046875 57935.72265625 7547.13134765625
"159" 61068.33984375 58965.84375 7421.4609375
"160" 60952.98046875 55376.05078125 8527.2734375
"161" 61246.30859375 56178.6796875 8149.79345703125
"162" 61437.8203125 57052.54296875 7768.9248046875
"163" 61698.98828125 57853.15234375 7509.17724609375
"164" 62049.265625 58956.7890625 7769.6953125
"165" 61918.08984375 55492.98828125 8744.9755859375
"166" 62300.8984375 56486 8568.009765625
"167" 62284.7421875 57247.40234375 8012.31396484375
"168" 62689.9296875 57974.046875 7409.1796875
"169" 62933.80078125 58906.5 7528.22021484375
"170" 63174.92578125 55269.05859375 8749.62890625
"171" 63500.53125 56586.22265625 8050.30224609375
"172" 63398.23046875 57525.50390625 7488.65576171875
"173" 63600.30078125 58788 7245.47998046875
"174" 64253.921875 55239.19140625 8633.248046875
"175" 64226.6484375 56187.3046875 8075.04833984375
"176" 64314.0859375 56995.03125 7627.56494140625
"177" 64207.4921875 58153.79296875 7078.47314453125
"178" 65168.359375 55371.78125 8358.451171875
"179" 65213.421875 56505.5 7631.73681640625
"180" 65063.75 57190.03515625 7180.75634765625
"181" 65110.8984375 58136.53515625 6816.96923828125
"182" 65977.5859375 55912.23046875 8056.2783203125
"183" 66068.953125 56713.29296875 7371.646484375
"184" 65913.3125 57257.171875 6976.25048828125
"185" 65786.8125 58153.52734375 6574.44482421875
"186" 66862.2890625 56679.8671875 7233.97265625
"187" 66898.5546875 57240.671875 6796.01318359375
"188" 66860.5625 57888.03515625 6536.03759765625
"189" 59608.91015625 30867.111328125 16053.298828125
"190" 59060.4453125 30956.646484375 20813.00390625
"191" 56525.1328125 30965.04296875 25067.349609375
"192" 55080.390625 30905.82421875 25022.80078125
"193" 53839.1015625 30816.400390625 24449.80078125
"194" 52513.08203125 31040.376953125 23963.119140625
"195" 51854.77734375 31335.3203125 23458.4453125
"196" 58680.0859375 29168.203125 13182.6494140625
"197" 57884.13671875 29184.2890625 19165.921875
"198" 56282.93359375 29294.990234375 24773.58984375
"199" 53990.828125 29406.7734375 23880.900390625
"200" 52473.30078125 29738.587890625 23264.361328125
"201" 51137.3984375 30039.228515625 23358.6171875
"202" 57702.69140625 27361.9375 12515.9736328125
"203" 56619.40234375 27338.990234375 17025.328125
"204" 55981.66796875 27188.28125 23914.0390625
"205" 53837.35546875 27883.4765625 24302.84765625
"206" 52159.53515625 28241.04296875 22905.76171875
"207" 50982.6484375 28643.560546875 23136.005859375
"208" 49776.65625 28985.099609375 23531.96875
"209" 56824.04296875 25479.634765625 13056.8837890625
"210" 56373.30078125 25845.80078125 19955.599609375
"211" 54639.4765625 26026.765625 24921.91796875
"212" 52960.76171875 26701.765625 23586.50390625
"213" 51879.69921875 26974.5 22146.80078125
"214" 49346.6640625 27917.205078125 23223.2109375
"215" 55977.09375 24077.125 12845.1142578125
"216" 56474.96484375 23538.162109375 18159.080078125
"217" 54399.37890625 24467.62109375 23919.16015625
"218" 52718.28515625 24959.10546875 24248.998046875
"219" 51374.31640625 25679.017578125 21870.3984375
"220" 49684.69921875 26669.5 22943.900390625
"221" 47928.69140625 26781.66796875 23324.36328125
"222" 54518.734375 22412.17578125 13078.4541015625
"223" 55746.3515625 22257.291015625 17721.103515625
"224" 53875.99609375 22761.724609375 22822.326171875
"225" 52255 23273.400390625 24159.900390625
"226" 50895.78125 23797.419921875 23778.912109375
"227" 50134 24133.19921875 21274.400390625
"228" 47643.12109375 25946.2421875 23275.4609375
"229" 54282.61328125 19905.9921875 13056.3935546875
"230" 52950.5 21466.099609375 18921.400390625
"231" 52930.03125 21120.365234375 24951.375
"232" 51097.0546875 21594.73046875 24608.21875
"233" 50146.64453125 22434.0390625 21913.138671875
"234" 47854.37890625 23307.1484375 23140.376953125
"235" 46343.8046875 24381.228515625 23271.755859375
"236" 53305.7265625 18161.09375 13585.359375
"237" 53573.5 18430.5 19114.69921875
"238" 52314.671875 19550.88671875 24612.603515625
"239" 50332.87890625 20093.388671875 24374.705078125
"240" 48901.3125 21004.6484375 20976.8203125
"241" 46745.1796875 22479.732421875 23007.986328125
"242" 51952.30078125 16669.099609375 13005.599609375
"243" 52110.51171875 16316.1728515625 17984.107421875
"244" 51791.109375 17572.15625 23525.271484375
"245" 49863.6015625 18051.099609375 24326.099609375
"246" 48691.6015625 18783.900390625 21974.30078125
"247" 48035.4609375 19253.60546875 21405.810546875
"248" 45193.77734375 21463.23828125 23216.21484375
"249" 50787.95703125 14758.326171875 13607.56640625
"250" 50068.30078125 14667.099609375 20020.80078125
"251" 49705.8984375 15397.7001953125 24321.80078125
"252" 48081.6875 16209.87890625 22654.826171875
"253" 47278.54296875 16234.6708984375 20540.59765625
"254" 46030.18359375 16775.205078125 22105.03125
"255" 43666.59375 18858.4609375 23134.763671875
"256" 49027.03515625 11685.9345703125 13544.283203125
"257" 49411.3984375 12336.2001953125 18755.5
"258" 48503.80859375 13913.14453125 24004.291015625
"259" 46777.078125 13919.654296875 22518.083984375
"260" 45944.30078125 13504.900390625 19977.099609375
"261" 45177.69921875 13585.099609375 21294.599609375
"262" 43385.3046875 15129.0947265625 23036.263671875
"263" 47470.44921875 10168.2900390625 13329.986328125
"264" 48349.5234375 11825.6396484375 21717.2109375
"265" 46112.29296875 11883.9541015625 23017.880859375
"266" 44135.44140625 11515.896484375 21922.837890625
"267" 43449.453125 10783.83203125 20610.06640625
"268" 41856.5 11989.7998046875 22339.900390625
"269" 45628.765625 7828.83447265625 13629.04296875
"270" 46500.5859375 9516.810546875 20185.015625
"271" 44903.69921875 10538.7998046875 23080.30078125
"272" 43180.6484375 10349.52734375 22909.939453125
"273" 41421.02734375 9487.234375 21302.75
"274" 39883.8203125 9521.1318359375 21206.73828125
"275" 44408.94140625 6781.82080078125 16596.30859375
"276" 43901.65234375 8596.013671875 22768.50390625
"277" 41606.30078125 9238.2666015625 23010.615234375
"278" 39364.54296875 8289.07421875 20872.470703125
"279" 37621.421875 8710.587890625 21255.240234375
"280" 42739.3984375 4775.4130859375 14871.0654296875
"281" 42285.609375 6329.53076171875 19788.580078125
"282" 41024.1796875 7494.767578125 22044.78515625
"283" 38946.33203125 7654.49169921875 21772.34765625
"284" 36621.76171875 8084.43408203125 22154.306640625
"285" 40472.48046875 3875.92211914062 14463.8701171875
"286" 40122.09375 5623.98095703125 19733.849609375
"287" 38821.62890625 7548.16064453125 23451.939453125
"288" 36766.69921875 7661.7998046875 23523.80078125
"289" 38652.48046875 3537.21166992188 15541.17578125
"290" 38079.53515625 4933.71875 20086.091796875
"291" 37175.609375 7159.45947265625 24005.166015625
"292" 34328.84765625 8055.91552734375 26177.71484375
"293" 37028.84375 3238.96533203125 16569.107421875
"294" 36718.5 4318.47021484375 20650
"295" 35494.89453125 6212.849609375 24550.857421875
"296" 34178.93359375 7045.14208984375 26409.3828125
"297" 35216.18359375 3171.99194335938 19090.994140625
"298" 34679.9765625 5032.64990234375 23570.314453125
"299" 9093.3671875 31944.59375 18886.90234375
"300" 10137.517578125 30555.865234375 22769.853515625
"301" 11898.7998046875 29978.599609375 25840.30078125
"302" 14181.4501953125 29810.646484375 25513.68359375
"303" 15734.205078125 30250.201171875 24597.189453125
"304" 17896.94140625 30894.87109375 23690.470703125
"305" 9614.021484375 30726.1328125 16158.0986328125
"306" 10831.2060546875 28876.130859375 21385.669921875
"307" 13261.3515625 27450.525390625 25539.8984375
"308" 14614.599609375 28770.69921875 23626.099609375
"309" 16653.68359375 29150.232421875 23351.79296875
"310" 19272.328125 29325.3515625 23995.3125
"311" 10441.3076171875 28401.62890625 15539.5859375
"312" 11474.4365234375 27044.232421875 19927.626953125
"313" 12987.681640625 25551.51953125 25212.740234375
"314" 15015.4853515625 26389.947265625 24415.15625
"315" 16847.3359375 27390.052734375 23071.6875
"316" 18922.98828125 27684.796875 22982.998046875
"317" 20773.26171875 27786.396484375 23360.033203125
"318" 11278.9521484375 26183.84375 15102.4794921875
"319" 12386.7998046875 23907.5 20122.099609375
"320" 13486.599609375 23284 24986.099609375
"321" 15274.9921875 24061.1796875 24621.4765625
"322" 16936.802734375 25146.296875 22942.939453125
"323" 18880.697265625 25788.5 22584.3125
"324" 20726.19921875 25635.599609375 23515.099609375
"325" 11827.25 24014.384765625 14426.6904296875
"326" 12735.4912109375 22959.21484375 18957.310546875
"327" 14455.251953125 21270.189453125 24597.083984375
"328" 16252.900390625 22108.400390625 23707.19921875
"329" 18064.220703125 23091.103515625 22372.3984375
"330" 20317.435546875 23917.33984375 22725.09375
"331" 13083.4580078125 20515.439453125 14184.0048828125
"332" 15611.599609375 20286.80078125 21091.900390625
"333" 15601.3681640625 19776.701171875 24507.3515625
"334" 17932.1171875 21300.7890625 22383.3359375
"335" 19141.099609375 21725.34375 21883.642578125
"336" 21329.302734375 22774.314453125 22368.107421875
"337" 14576.4296875 18267.505859375 15110.853515625
"338" 14805.7001953125 16489.5 21264.599609375
"339" 17104.099609375 18744.30078125 24934.80078125
"340" 18365.30859375 19282.09765625 23746.611328125
"341" 20027.0546875 20124.76171875 21832.095703125
"342" 21566.634765625 21102.50390625 21944.919921875
"343" 15911.2001953125 16316.2998046875 14799.900390625
"344" 17208.353515625 17233.33203125 19559.462890625
"345" 17167.60546875 16800.35546875 25647.921875
"346" 19758.97265625 17692.048828125 22941.005859375
"347" 20997.111328125 18167.603515625 21599.279296875
"348" 22843.193359375 19350.5078125 21693.69140625
"349" 17778.62890625 14292.939453125 16192.4833984375
"350" 17807.19921875 14286 21146.599609375
"351" 17909.009765625 15024.6943359375 25991.115234375
"352" 19315.69921875 15823.7998046875 24565
"353" 21182.5 16040.099609375 22365.900390625
"354" 22216.177734375 15990.267578125 21214.56640625
"355" 24114 16378.400390625 21124.599609375
"356" 20054.1640625 12527.375 16171.5771484375
"357" 19612 12188.099609375 21474.19921875
"358" 20107.56640625 13795.7119140625 26841.197265625
"359" 22068.69921875 13486 25105.900390625
"360" 23107.375 13792.17578125 22165.302734375
"361" 24306.046875 13550.4189453125 20683.03515625
"362" 25726.9296875 13524.1650390625 20562.96875
"363" 22370.6484375 10246.8349609375 18697.75390625
"364" 22320.974609375 11123.8447265625 24194.86328125
"365" 21587.365234375 11746.994140625 26686.193359375
"366" 24030.3359375 12334.2958984375 23901.3515625
"367" 25150.537109375 11518.927734375 22405.201171875
"368" 26805.998046875 11211.810546875 20562.404296875
"369" 24497.80078125 9291.01953125 19620.69921875
"370" 24082.400390625 9529.7197265625 22764.30078125
"371" 22467.30078125 11595.2001953125 25240
"372" 26881.814453125 10076.7646484375 22615.720703125
"373" 27654.19921875 9812.8798828125 21789.5
"374" 29693.197265625 9037.0625 20802.125
"375" 26481.646484375 8090.5732421875 21397.55859375
"376" 26596.900390625 9180.400390625 22465.099609375
"377" 25890 10412.2998046875 22901.19921875
"378" 29026.265625 8504.294921875 22917.373046875
"379" 30591.580078125 8252.7470703125 23032.96484375
"380" 32310.615234375 8181.83056640625 22868.388671875
"381" 29056.015625 6852.7783203125 20293.701171875
"382" 29148.95703125 7407.61767578125 22608.3984375
"383" 29984.599609375 7779.580078125 23265.69921875
"384" 31427.783203125 8078.11083984375 24734.8515625
"385" 32457 8393.7900390625 25579.400390625
"386" 30593.37109375 5783.529296875 20062.9453125
"387" 30404.21875 6087.80126953125 22821.587890625
"388" 32960.69921875 7246.5 26968.80078125
"389" 31698.5 5163.89990234375 20344.5
"390" 32260.205078125 5805.31201171875 24242.306640625
