"V1" "V2" "V3"
"1" 39.4012336730957 48.8954124450684 45.6935577392578
"2" 39.7126 47.497 47.5505
"3" 39.6292 46.2786 49.5609
"4" 38.9991 45.1874 51.5146
"5" 38.8188 43.6754 53.1787
"6" 39.2568 42.2598 54.9633
"7" 39.2913 40.8501 56.8335
"8" 39.0801 39.5652 58.7944
"9" 38.4499 38.4582 60.7681
"10" 37.6229 37.3099 62.6544
"11" 36.6901 36.2414 64.5375
"12" 36.0107 35.2262 66.5529
"13" 35.4569 34.1791 68.587
"14" 35.372 33.3384 70.7653
"15" 35.8738 32.3649 72.8251
"16" 35.9910430908203 30.9659118652344 74.4580993652344
"17" 41.169189453125 45.8316955566406 26.0698051452637
"18" 41.0227 47.1938 26.588
"19" 40.709 48.596 26.6066
"20" 40.5364 49.9822 26.4688
"21" 41.0862 51.3095 26.3628
"22" 41.9268 52.5158 26.2938
"23" 42.707 53.3589 25.7083
"24" 43.1721 53.355 24.5123
"25" 42.872 51.9738 24.1252
"26" 42.2338 50.6501 23.9661
"27" 42.3479 49.2065 23.9326
"28" 42.715 47.8062 23.8761
"29" 42.6237 46.4773 23.8833
"30" 41.9597 45.6954 24.8273
"31" 39.4012336730957 48.8954124450684 45.6935577392578
"32" 35.6540870666504 35.5216979980469 57.7390556335449
"33" 25.8753051757812 40.1498222351074 62.4880561828613
"34" 24.343 40.5097 62.073
"35" 23.1108 41.0242 61.1354
"36" 22.0257 41.4351 59.9822
"37" 21.2171 42.2954 58.9672
"38" 20.9335 43.622 58.0392
"39" 21.2789 44.9459 57.1414
"40" 22.0478 46.0507 56.237
"41" 23.1363 47.0205 55.4832
"42" 24.4002 47.7702 54.7746
"43" 25.8908 48.0427 54.1913
"44" 27.4675 47.9397 53.7682
"45" 29.0689 47.66 53.6461
"46" 30.5824 47.0735 53.8794
"47" 31.6816 46.236 54.7526
"48" 32.3691 45.1563 55.7545
"49" 32.6988 44.07 56.9372
"50" 32.7349 43.0613 58.2228
"51" 32.3196 42.1065 59.4807
"52" 31.4981 41.2156 60.582
"53" 30.5153 40.3886 61.5814
"54" 29.093 40.0152 62.2985
"55" 27.5097 39.9807 62.526
"56" 36.3166885375977 41.6554641723633 43.7167205810547
"57" 36.6342 40.3656 46.2481
"58" 36.8279 39.8463 48.9981
"59" 36.7601 38.3197 51.4196
"60" 36.7631 36.7211 53.7921
"61" 35.969 36.0752 56.4849
"62" 35.149 35.2356 59.1004
"63" 34.2955 34.5947 61.7714
"64" 33.023 33.7282 64.1046
"65" 31.7217559814453 31.3232307434082 64.5120239257812
"66" 36.3166885375977 41.6554641723633 43.7167205810547
"67" 26.0820693969727 32.1739616394043 73.6369857788086
"68" 31.7217559814453 31.3232307434082 64.5120239257812
"69" 26.0820693969727 32.1739616394043 73.6369857788086
"70" 24.3045 32.0581 70.6779
"71" 22.7162 31.9488 67.5907
"72" 21.3931 31.8076 64.3714
"73" 20.1452 31.5725 61.1258
"74" 18.7828 31.7171 57.9187
"75" 17.2991 31.5314 54.7798
"76" 15.8459 31.5328 51.6184
"77" 14.3408 31.4761 48.4773
"78" 12.9434 31.5722 45.2827
"79" 11.5208 31.5576 42.1044
"80" 9.9975 31.5758 38.9929
"81" 8.5255 31.7628 35.8539
"82" 7.1523 31.9134 32.6608
"83" 5.9949 31.9483 29.3929
"84" 4.7846 31.9738 26.1252
"85" 3.7505 32.2073 22.8067
"86" 2.8531 32.4358 19.4479
"87" 3.83611488342285 32.1521186828613 16.3693885803223
"88" 30.5871410369873 31.6063995361328 14.4926528930664
"89" 3.83611488342285 32.1521186828613 16.3693885803223
"90" 35.9910430908203 30.9659118652344 74.4580993652344
"91" 37.0805969238281 11.6253881454468 45.6300468444824
"92" 36.6574 13.0282 48.0202
"93" 36.1807 14.6658 50.245
"94" 35.8746 16.4205 52.3984
"95" 36.0534 18.2322 54.53
"96" 36.6716 19.7515 56.8158
"97" 36.8558 21.1735 59.2276
"98" 36.4632 22.7717 61.4982
"99" 35.8942 24.3983 63.7177
"100" 35.2187 25.9545 65.9337
"101" 34.8283 27.1827 68.4235
"102" 34.9489 28.1368 70.9901
"103" 35.8559 29.2199 73.3934
"104" 35.9910430908203 30.9659118652344 74.4580993652344
"105" 37.0805969238281 11.6253881454468 45.6300468444824
"106" 35.2232093811035 26.2379055023193 57.089542388916
"107" 24.9098892211914 22.3882369995117 62.056037902832
"108" 23.5543 22.0768 61.091
"109" 22.3818 21.7334 59.9277
"110" 21.5058 21.0331 58.7179
"111" 21.1235 19.7154 57.7427
"112" 21.2054 18.0909 57.2975
"113" 21.4814 16.6672 56.4412
"114" 21.9607 15.3411 55.5202
"115" 22.8889 14.248 54.6506
"116" 24.0019 13.5342 53.7001
"117" 25.63 13.2964 53.4071
"118" 27.2493 13.693 53.3907
"119" 28.6861 14.5204 53.6766
"120" 29.698 15.5977 54.5025
"121" 30.5905 16.7924 55.2971
"122" 31.108 17.9155 56.4371
"123" 31.2871 19.225 57.4898
"124" 31.1303 20.4398 58.6509
"125" 30.5854 21.6057 59.7369
"126" 29.5512 22.4741 60.7241
"127" 28.1402 22.9786 61.4677
"128" 26.5374 22.7858 61.8041
"129" 34.5326614379883 19.8700771331787 43.4343605041504
"130" 35.5531 21.2102 45.65
"131" 35.5113 21.5163 48.6188
"132" 35.7312 22.9295 51.1915
"133" 35.9216 24.6195 53.5845
"134" 35.4522 25.9011 56.2282
"135" 34.706 26.7845 58.999
"136" 33.7828 27.6194 61.7271
"137" 32.9594 28.8168 64.2578
"138" 31.7217559814453 31.3232307434082 64.5120239257812
"139" 34.5326614379883 19.8700771331787 43.4343605041504
"140" 41.7043952941895 46.5794372558594 25.6332340240479
"141" 41.9251976013184 46.5896797180176 25.3132343292236
"142" 42.1966018676758 46.6350250244141 24.8903617858887
"143" 42.4816207885742 46.7898864746094 24.5152835845947
"144" 42.6954307556152 47.2061996459961 24.1274681091309
"145" 41.5699501037598 46.9611587524414 25.9519462585449
"146" 41.8570442199707 47.0697975158691 25.4737434387207
"147" 42.1853981018066 47.4142990112305 25.0256996154785
"148" 42.5310707092285 47.4535331726074 24.5355968475342
"149" 42.619499206543 47.7580986022949 24.3409996032715
"150" 41.613452911377 47.6446342468262 26.1043567657471
"151" 41.819034576416 47.8183631896973 25.594030380249
"152" 41.9981307983398 48.0182418823242 25.219913482666
"153" 42.3448753356934 47.9979782104492 24.6983757019043
"154" 42.3533515930176 48.5529479980469 24.3505611419678
"155" 41.4577980041504 48.2172927856445 26.1427936553955
"156" 41.6460800170898 48.4274749755859 25.6052417755127
"157" 41.7590866088867 48.4037857055664 25.4500865936279
"158" 42.1873817443848 48.6869888305664 24.5808506011963
"159" 42.2162017822266 49.1901016235352 24.0237998962402
"160" 41.1821823120117 48.9446029663086 26.0424861907959
"161" 41.3875350952148 49.1559677124023 25.5404491424561
"162" 41.4821014404297 49.2015991210938 25.4146003723145
"163" 41.8600158691406 49.3591537475586 24.65625
"164" 42.1696815490723 49.7863235473633 23.9570350646973
"165" 41.0205993652344 49.5879325866699 25.8515796661377
"166" 41.2061805725098 49.5261421203613 25.6081256866455
"167" 41.4056358337402 49.6653594970703 25.2361125946045
"168" 41.8498268127441 50.4791984558105 24.624547958374
"169" 42.1569404602051 50.535945892334 24.0568618774414
"170" 41.0266799926758 50.5201835632324 25.8827362060547
"171" 41.4527359008789 50.8408393859863 25.5006446838379
"172" 42.0368003845215 50.9084014892578 24.7110004425049
"173" 42.3989944458008 51.0643196105957 24.2072238922119
"174" 41.3010864257812 51.1731185913086 26.1267948150635
"175" 41.7315101623535 51.3366584777832 25.665225982666
"176" 41.9529991149902 51.3202018737793 25.3101997375488
"177" 42.4449653625488 51.305248260498 24.3851146697998
"178" 41.6674423217773 51.6278686523438 26.0457077026367
"179" 42.0741233825684 51.8089981079102 25.6741847991943
"180" 42.327262878418 51.9130744934082 25.2137641906738
"181" 42.7351226806641 51.8556137084961 24.2935657501221
"182" 42.1212768554688 52.1200408935547 25.8969707489014
"183" 42.327995300293 52.2595405578613 25.6689872741699
"184" 42.7185440063477 52.43994140625 25.0395545959473
"185" 43.13330078125 52.4948997497559 24.459400177002
"186" 42.6330947875977 52.8116989135742 25.6674003601074
"187" 42.9881286621094 52.9861526489258 25.142915725708
"188" 43.1829261779785 52.9556198120117 24.7272033691406
"189" 37.5051460266113 46.9635734558105 47.4139442443848
"190" 35.872013092041 46.176399230957 48.6413040161133
"191" 34.8698081970215 45.1849021911621 50.4088287353516
"192" 35.31494140625 44.9243011474609 49.6100616455078
"193" 35.72705078125 44.0124320983887 48.2070007324219
"194" 35.890266418457 42.7794570922852 46.9001998901367
"195" 36.108642578125 42.1224822998047 45.4180946350098
"196" 38.2901382446289 46.1841850280762 48.5411415100098
"197" 36.0066757202148 45.4594612121582 49.7568016052246
"198" 35.3410339355469 44.6164703369141 51.3769989013672
"199" 35.8793144226074 43.9772186279297 50.2500953674316
"200" 36.5372734069824 42.9133949279785 48.9288063049316
"201" 36.6179161071777 41.9011268615723 47.9852066040039
"202" 38.1824035644531 45.3513107299805 50.3203582763672
"203" 36.5482025146484 44.8367118835449 51.185546875
"204" 34.6247978210449 44.2273483276367 52.6961250305176
"205" 35.2402992248535 43.3065490722656 51.7862930297852
"206" 36.6518592834473 42.4458618164062 50.5031585693359
"207" 36.8026428222656 41.573429107666 49.6265678405762
"208" 36.9043922424316 40.7733345031738 49.0367202758789
"209" 37.6074104309082 44.0311470031738 51.671501159668
"210" 36.1332015991211 43.1136016845703 52.4010009765625
"211" 35.2060928344727 43.2388687133789 53.5244827270508
"212" 35.7725143432617 42.4014472961426 52.7888870239258
"213" 36.77099609375 41.515739440918 51.5058441162109
"214" 36.9410743713379 40.4098434448242 50.4975776672363
"215" 37.6920738220215 43.1371536254883 52.8110847473145
"216" 36.244873046875 42.9808921813965 53.7146797180176
"217" 35.1968650817871 42.0772895812988 54.0621109008789
"218" 35.204891204834 41.9638442993164 54.2714233398438
"219" 36.8830184936523 41.3331108093262 53.197925567627
"220" 36.835880279541 40.3571891784668 52.1352958679199
"221" 36.9155578613281 39.2181358337402 51.5591773986816
"222" 37.7972221374512 42.1315956115723 54.0479125976562
"223" 36.5660133361816 41.808521270752 54.5722160339355
"224" 35.0200653076172 41.1995620727539 55.1580390930176
"225" 34.7327728271484 41.2505073547363 55.8595581054688
"226" 36.3166427612305 40.8380813598633 55.1169853210449
"227" 36.6768951416016 39.3510704040527 53.8640213012695
"228" 36.8701782226562 38.9789772033691 52.785888671875
"229" 37.8487091064453 40.9679565429688 55.6811561584473
"230" 36.1338043212891 40.3676261901855 56.1263885498047
"231" 34.4967308044434 40.4225158691406 56.8239593505859
"232" 35.1036491394043 40.4126129150391 57.1784172058105
"233" 36.514705657959 39.6392402648926 56.1999702453613
"234" 36.5796203613281 38.8756370544434 55.3032341003418
"235" 36.7056083679199 37.8269538879395 54.2423553466797
"236" 37.7964820861816 39.882682800293 57.5047569274902
"237" 35.7905693054199 39.3755493164062 57.6010475158691
"238" 34.3504600524902 39.430965423584 58.0904502868652
"239" 35.1114311218262 39.7082023620605 58.3721656799316
"240" 36.4172973632812 38.2821426391602 56.8743209838867
"241" 36.4078636169434 37.7655715942383 56.0082015991211
"242" 37.4268760681152 39.047435760498 58.8546257019043
"243" 35.8996772766113 38.4130401611328 59.039421081543
"244" 34.157527923584 38.8903541564941 59.443229675293
"245" 34.4319686889648 39.0321998596191 59.664134979248
"246" 35.8674087524414 38.3992118835449 59.1116256713867
"247" 35.9634704589844 37.2934494018555 58.1178092956543
"248" 36.1199035644531 36.8220748901367 57.2411651611328
"249" 36.471492767334 37.8623809814453 60.6026382446289
"250" 34.8289451599121 37.5385437011719 60.7166213989258
"251" 34.1564979553223 38.2514190673828 61.2958450317383
"252" 34.9806900024414 37.9749870300293 61.0695190429688
"253" 35.5665512084961 36.8152351379395 60.2023506164551
"254" 35.532356262207 36.635799407959 59.8612747192383
"255" 35.4348754882812 35.7419052124023 58.8602104187012
"256" 35.6791725158691 36.752368927002 62.448070526123
"257" 34.524730682373 36.7574653625488 62.4780197143555
"258" 33.2361030578613 37.4284744262695 62.4559097290039
"259" 34.4012451171875 37.2212219238281 62.5880851745605
"260" 35.442512512207 36.6066741943359 62.2391738891602
"261" 35.0508193969727 36.1913185119629 61.2741775512695
"262" 34.8610572814941 35.6221313476562 60.6937789916992
"263" 35.6124877929688 36.1114959716797 64.0542068481445
"264" 33.2080688476562 36.535026550293 63.4892768859863
"265" 33.3392906188965 36.496524810791 63.9609184265137
"266" 33.8869819641113 35.9835319519043 64.1975250244141
"267" 34.6538887023926 35.7258071899414 63.9382133483887
"268" 33.8787879943848 34.3760223388672 62.5999870300293
"269" 34.8338851928711 35.1374931335449 66.0345153808594
"270" 33.0383987426758 35.2388000488281 65.1789016723633
"271" 32.5542373657227 35.6492729187012 64.9490127563477
"272" 33.050537109375 35.5423164367676 65.1871032714844
"273" 33.7521438598633 34.8776741027832 65.3503112792969
"274" 33.187385559082 33.8926086425781 63.9920196533203
"275" 33.9963760375977 34.3872451782227 67.469612121582
"276" 33.1072692871094 34.4605827331543 66.1797485351562
"277" 32.3862113952637 34.3582153320312 66.0216522216797
"278" 33.2372131347656 34.4680938720703 66.4641799926758
"279" 32.3804054260254 32.7618255615234 64.5071258544922
"280" 34.488109588623 33.6638641357422 69.2026062011719
"281" 33.1521453857422 33.8487205505371 68.0272903442383
"282" 32.5703468322754 33.9143028259277 67.291877746582
"283" 33.1217498779297 34.0200233459473 67.5771331787109
"284" 31.6307792663574 32.7119369506836 65.747200012207
"285" 34.9400062561035 33.292610168457 70.3035125732422
"286" 33.2398948669434 33.5334701538086 68.8377227783203
"287" 31.840913772583 33.1609802246094 67.9781875610352
"288" 31.3549919128418 32.5762748718262 67.9615325927734
"289" 34.7826309204102 32.7088928222656 71.322998046875
"290" 32.8213500976562 32.4497489929199 70.4186325073242
"291" 31.490514755249 32.5748405456543 68.8750076293945
"292" 31.2413005828857 32.4413986206055 68.0273971557617
"293" 34.50830078125 31.5137004852295 72.3527984619141
"294" 33.227123260498 31.7927150726318 71.3986358642578
"295" 31.9222545623779 31.9067039489746 70.2624816894531
"296" 31.1049938201904 31.6423950195312 69.3774948120117
"297" 34.4366455078125 31.3799915313721 72.4457473754883
"298" 32.71875 31.3791313171387 71.2850646972656
"299" 35.031494140625 13.9000463485718 46.9186820983887
"300" 34.1499328613281 14.9912338256836 48.4109077453613
"301" 32.6651229858398 15.5259609222412 49.3152465820312
"302" 33.2835998535156 15.9113998413086 48.1025009155273
"303" 33.8887825012207 17.3797054290771 47.1210136413574
"304" 34.5414047241211 19.00954246521 45.3014106750488
"305" 35.7011299133301 14.0703220367432 47.6542320251465
"306" 33.3423004150391 15.5456285476685 49.0243949890137
"307" 32.9194259643555 16.3174171447754 50.636043548584
"308" 34.5971565246582 17.0283508300781 49.3623809814453
"309" 34.4792404174805 18.4739246368408 48.0830307006836
"310" 34.9713973999023 19.806079864502 47.1200904846191
"311" 35.4930114746094 15.2179899215698 49.1826667785645
"312" 33.9155616760254 16.5467052459717 50.0522270202637
"313" 33.1670875549316 17.2449951171875 51.7731742858887
"314" 33.8084602355957 17.3994617462158 51.1482772827148
"315" 34.4109268188477 18.6442413330078 49.911434173584
"316" 34.9703140258789 19.9483108520508 49.2551231384277
"317" 35.2950210571289 20.7737712860107 49.0459785461426
"318" 35.342658996582 16.437032699585 50.667896270752
"319" 33.4617576599121 17.7456684112549 51.8394622802734
"320" 33.2749633789062 18.2315788269043 52.8345718383789
"321" 33.1703720092773 18.628589630127 52.8289070129395
"322" 34.7190818786621 19.0926418304443 51.7667770385742
"323" 35.0123481750488 20.4278125762939 50.8957939147949
"324" 35.3405914306641 21.5228710174561 51.0094871520996
"325" 35.1722946166992 17.7080669403076 51.864143371582
"326" 34.0894660949707 18.7362785339355 52.7081642150879
"327" 33.4080924987793 19.4931831359863 54.2257614135742
"328" 33.9774742126465 19.9679794311523 54.1229133605957
"329" 34.9239234924316 20.9059391021729 53.2697219848633
"330" 35.3361358642578 22.0671520233154 52.6144065856934
"331" 35.286922454834 19.6876449584961 54.0814552307129
"332" 34.0578918457031 20.3014793395996 54.6831741333008
"333" 33.640796661377 20.5283050537109 55.621639251709
"334" 34.9785232543945 21.0183849334717 55.1423416137695
"335" 35.1235046386719 22.0362911224365 54.5208320617676
"336" 35.4935913085938 23.2482852935791 53.7622261047363
"337" 35.5431251525879 20.9325790405273 55.9700508117676
"338" 34.0472297668457 21.6370735168457 56.1898231506348
"339" 33.9268569946289 21.6232719421387 57.0319786071777
"340" 34.243278503418 21.9608993530273 56.7305030822754
"341" 35.1523971557617 22.8647136688232 56.1101112365723
"342" 35.4671669006348 24.0221652984619 55.4103012084961
"343" 35.9744529724121 21.5936470031738 57.8547744750977
"344" 34.5307388305664 22.2705307006836 57.7848281860352
"345" 33.0600547790527 22.4250507354736 58.1971244812012
"346" 34.49951171875 22.7792663574219 58.1214218139648
"347" 35.1267471313477 24.1912288665771 57.5642166137695
"348" 35.3111610412598 25.1628875732422 57.1360092163086
"349" 35.6301040649414 22.8672466278076 59.5214080810547
"350" 34.0931053161621 23.6897830963135 59.4236679077148
"351" 33.1354598999023 23.6680030822754 59.4834594726562
"352" 33.3236694335938 23.5579624176025 59.6741752624512
"353" 34.4036331176758 23.9080619812012 59.9359550476074
"354" 34.8604354858398 25.0595226287842 59.421688079834
"355" 34.8241882324219 25.9524459838867 59.3547019958496
"356" 35.4956932067871 23.8801879882812 61.5344047546387
"357" 33.7289886474609 24.4316062927246 61.4466361999512
"358" 32.756290435791 24.1971607208252 61.5134811401367
"359" 32.8873748779297 24.2017307281494 61.9270706176758
"360" 34.1197814941406 25.0205020904541 61.7876319885254
"361" 34.2084579467773 26.14967918396 61.467041015625
"362" 34.1533699035645 26.4002170562744 61.8235015869141
"363" 34.5131072998047 25.6559791564941 63.8586082458496
"364" 32.6755523681641 25.5845279693604 63.4827423095703
"365" 32.4337768554688 25.5176830291748 63.1215362548828
"366" 32.7103385925293 25.5869293212891 63.4513130187988
"367" 33.507495880127 25.8955764770508 63.6738777160645
"368" 33.640567779541 27.4321537017822 63.3442077636719
"369" 34.2984466552734 26.6101951599121 65.6059265136719
"370" 32.9703979492188 26.5917587280273 65.4324798583984
"371" 32.3313484191895 26.3092632293701 64.72265625
"372" 32.9872016906738 26.7138004302979 65.4334030151367
"373" 33.0611991882324 27.9549293518066 65.1962890625
"374" 32.9774208068848 28.5121822357178 64.7212677001953
"375" 33.6841049194336 27.878454208374 67.6304779052734
"376" 32.7943954467773 28.0412254333496 66.8774795532227
"377" 32.6087760925293 27.299690246582 66.4887771606445
"378" 32.3809089660645 28.5867290496826 66.5402145385742
"379" 32.063777923584 28.9405822753906 66.7934646606445
"380" 31.7464923858643 29.5081443786621 66.3524322509766
"381" 34.1006355285645 28.1401195526123 69.5369338989258
"382" 33.122386932373 28.5882816314697 69.2707061767578
"383" 32.2728538513184 29.0038299560547 68.3206481933594
"384" 31.8017845153809 29.4672546386719 68.1420822143555
"385" 31.1152992248535 30.2709007263184 67.3581008911133
"386" 34.220588684082 28.9127159118652 71.3871231079102
"387" 32.7986335754395 29.4485836029053 70.3382415771484
"388" 31.4211235046387 30.1400852203369 68.7757797241211
"389" 34.5130004882812 29.847900390625 72.2991027832031
"390" 32.3346672058105 30.3292465209961 70.9074783325195
