"V1" "V2" "V3"
"1" 45811.58203125 27757.982421875 7466.380859375
"2" 45132.1084 26136.8191 6494.5786
"3" 44341.743 24288.2454 6386.4457
"4" 43547.9815 22471.023 6008.38
"5" 42652.4428 20703.1293 5632.5892
"6" 41680.0864 19033.9098 5055.3833
"7" 40552.3062 17420.8614 4641.4409
"8" 39579.6975 15713.3004 4236.1882
"9" 38516.2835 14020.3139 3955.8988
"10" 37331.0573 12404.0688 3772.6829
"11" 36154.1585 10781.9643 3887.7834
"12" 34883.4907 9279.368 4185.1231
"13" 33636.2406 7709.8339 4342.7185
"14" 32176.39 6323.5749 4420.9943
"15" 30569.9524 5219.1346 4851.5629
"16" 28711.6171875 4634.29541015625 5373.3671875
"17" 40610.078125 49984.95703125 7150.31640625
"18" 42020.0156 49482.2435 7790.3397
"19" 43500.1993 49563.0525 8773.7
"20" 45216.8395 49510.1789 9095.5936
"21" 46818.9582 48959.8118 8629.0649
"22" 48139.3425 49080.1527 7484.8598
"23" 48883.7668 50076.3274 6298.1032
"24" 48762.2078 51598.4874 5682.2879
"25" 47890.7308 53071.1572 6014.2203
"26" 46565.9638 54202.8669 6335.6542
"27" 44945.3745 54718.0032 6647.2411
"28" 43374.8297 53991.9701 6365.4639
"29" 42218.7375 52730.0941 5932.1032
"30" 41193.5343 51324.5036 6116.106
"31" 45811.58203125 27757.982421875 7466.380859375
"32" 34565.65234375 23470.509765625 9372.244140625
"33" 30931.322265625 16587.072265625 23287.72265625
"34" 31328.5077 18291.2759 23923.7293
"35" 31991.6428 19908.3568 24358.4924
"36" 33119.133 21376.6314 24468.0835
"37" 34427.2126 22593.904 24031.6796
"38" 35918.6263 23505.6073 23483.7717
"39" 37466.2223 23092.5805 22679.5367
"40" 38763.3295 22488.6618 21498.3874
"41" 39806.2241 22082.7263 20030.8219
"42" 40468.0684 21159.3766 18563.643
"43" 40807.3753 20017.1492 17164.7279
"44" 40507.1702 18603.9006 15987.3672
"45" 39994.9918 17060.1171 15119.2311
"46" 39069.0907 15639.0751 14351.8532
"47" 38100.5451 14108.8438 13981.6264
"48" 36900.7756 12798.5251 14289.2441
"49" 35576.8019 11720.0264 14991.2801
"50" 34422.7071 10910.0507 16201.1646
"51" 33254.9606 10688.6146 17579.7806
"52" 32205.0209 10891.6215 19086.8315
"53" 31366.4973 11957.3971 20312.3619
"54" 30876.4899 13398.1017 21369.0058
"55" 30880.9457 14988.1516 22331.4341
"56" 38518.72265625 28648.189453125 11460.869140625
"57" 37010.8258 26841.1993 10668.6758
"58" 35604.515 24885.8287 9989.6525
"59" 34331.7884 22900.9636 9196.674
"60" 33099.0232 20856.6366 8471.84
"61" 31877.5299 18739.1614 8085.8189
"62" 31559.4249 16310.8502 7595.5655
"63" 31230.0456 13859.8265 7300.2207
"64" 30830.296 11556.9361 6482.6626
"65" 28660.20703125 10699.12890625 7223.78125
"66" 38518.72265625 28648.189453125 11460.869140625
"67" 28069.046875 6138.515625 16557.01171875
"68" 28660.20703125 10699.12890625 7223.78125
"69" 28069.046875 6138.515625 16557.01171875
"70" 27681.2327 8714.8046 18192.0223
"71" 27286.4915 11558.7972 19369.2895
"72" 27178.1931 14193.1442 21015.8022
"73" 27123.9209 16848.4476 22637.178
"74" 27079.9682 19639.1063 24007.5345
"75" 27118.4992 22575.2203 25023.1631
"76" 27085.7699 25596.5602 25727.3998
"77" 27159.0149 28431.3144 26941.6229
"78" 26831.5729 31359.5817 27917.0544
"79" 26438.6769 34324.857 28733.6395
"80" 26437.6728 37361.552 29407.719
"81" 26472.9729 40420.5698 29971.3085
"82" 26221.6168 43474.7811 30496.8551
"83" 26058.9836 46539.6515 31001.1796
"84" 26158.1481 49585.2376 31608.0241
"85" 26251.0613 52668.9585 31982.3955
"86" 25926.4111 55732.3554 32341.8377
"87" 25597.068359375 58787.7734375 32824.171875
"88" 26976.76171875 69973 13787.23828125
"89" 25597.068359375 58787.7734375 32824.171875
"90" 28711.6171875 4634.29541015625 5373.3671875
"91" 11159.5185546875 27258.04296875 4351.349609375
"92" 12301.154 25403.6434 3588.6135
"93" 13391.4465 23384.4983 3363.1457
"94" 14435.2002 21323.2517 3351.4675
"95" 15674.4168 19491.5415 2960.5187
"96" 16898.8563 17659.3802 2568.3567
"97" 18192.4265 15814.1421 2314.8542
"98" 19501.7714 13921.213 2121.5335
"99" 20893.047 12089.937 2237.5966
"100" 22168.0989 10309.0244 2828.7477
"101" 23639.5526 8612.1971 3045.2282
"102" 25193.5571 7086.2108 3751.4566
"103" 26901.9457 5749.2095 4472.3364
"104" 28711.6171875 4634.29541015625 5373.3671875
"105" 11159.5185546875 27258.04296875 4351.349609375
"106" 22349.73046875 22983.994140625 8161.740234375
"107" 23690.552734375 15740.1318359375 22554.771484375
"108" 23449.541 17623.149 23216.444
"109" 22905.1302 19497.1288 23736.0264
"110" 21551.9952 20806.1155 23623.698
"111" 19961.3907 21984.4956 23259.877
"112" 18386.7636 22910.2074 22545.0898
"113" 16837.417 22551.4475 21342.8401
"114" 15694.4012 21882.296 19832.4238
"115" 14853.6553 21172.7603 18171.613
"116" 14568.5563 20413.6594 16328.8077
"117" 14646.0507 19302.3998 14644.395
"118" 14969.9072 17770.3108 13412.313
"119" 15736.8605 16153.4477 12502.1014
"120" 16662.2153 14467.7498 11971.9134
"121" 18006.266 12996.6043 12293.4731
"122" 19457.8783 11787.4566 12967.9578
"123" 20823.2849 10930.4772 14171.0895
"124" 21895.5573 10125.6309 15662.7321
"125" 22918.2198 10187.713 17342.2775
"126" 23670.1996 11018.4201 18985.5991
"127" 23939.1882 12425.5301 20378.7032
"128" 24044.8587 13954.4642 21680.696
"129" 17087.083984375 28452.3359375 9955.453125
"130" 19201.6676 27092.9229 9481.1569
"131" 20961.8972 25259.8214 8976.558
"132" 22357.6622 23196.8935 8295.8822
"133" 23580.7287 20983.6916 7724.0551
"134" 24942.0481 18800.1308 7506.9054
"135" 25462.4821 16309.2528 7222.2702
"136" 26007.3321 13813.7686 6806.8617
"137" 26590.4675 11465.6933 5919.3623
"138" 28660.20703125 10699.12890625 7223.78125
"139" 17087.083984375 28452.3359375 9955.453125
"140" 41734.484375 50237.27734375 7012.81103515625
"141" 41871.8515625 50928.37890625 6668.1181640625
"142" 42125.80078125 51551.65234375 6353.38037109375
"143" 42447.41796875 52083.8828125 6206.88916015625
"144" 42813.03125 52983.19140625 6169.17822265625
"145" 42274.671875 50236.98046875 7463.00927734375
"146" 42411.62109375 50941.3359375 7138.42822265625
"147" 42635.53515625 51568.3671875 6842.6435546875
"148" 42943.83984375 52166.14453125 6587.447265625
"149" 43413.19921875 52952.08203125 6562.35205078125
"150" 42877.3125 50334.546875 7826.03564453125
"151" 43114.125 51103.46875 7571.8134765625
"152" 43256.21875 51758.08203125 7206.00830078125
"153" 43662.7265625 52587.0078125 6932.87060546875
"154" 44111.50390625 53377.0234375 6761.6083984375
"155" 43469.1875 50385.5 8130.8408203125
"156" 43761.77734375 51100.140625 7863.9306640625
"157" 44027.6171875 51891.76171875 7516.7724609375
"158" 44315.2421875 52611.859375 7269.98388671875
"159" 44761.9296875 53566.41015625 6948.6298828125
"160" 44227.5 50495.01171875 8398.21875
"161" 44562.578125 51242.24609375 8038.35498046875
"162" 44758.6484375 52012.59765625 7719.7490234375
"163" 45089.55078125 52721.546875 7436.22021484375
"164" 45445.515625 53528.03515625 7028.67626953125
"165" 44984.5 50605.1171875 8493.943359375
"166" 45371.4140625 51330.03125 8107.4921875
"167" 45644.890625 52015.44921875 7779.28564453125
"168" 46003.48828125 52762.54296875 7279.99609375
"169" 46213.48046875 53469.7890625 6841.025390625
"170" 45964.546875 50268.59375 8492.5654296875
"171" 46244.46875 51243.8828125 7934.8505859375
"172" 46498.80859375 52135.91015625 7360.7783203125
"173" 46717.94140625 53196.0234375 6724.61083984375
"174" 46746.05859375 50003.75390625 8207.19140625
"175" 46812.6328125 50793.46484375 7794.98779296875
"176" 47005.1875 51418.94921875 7286.2666015625
"177" 47091.71484375 52557.9296875 6690.43505859375
"178" 47352.73046875 49593.63671875 7939.857421875
"179" 47448.30859375 50539.078125 7361.505859375
"180" 47521.38671875 51348.921875 6760.267578125
"181" 47614.41015625 52295.44140625 6309.91650390625
"182" 47850.51171875 49795.24609375 7286.68798828125
"183" 47968.9140625 50464.96875 6762.2626953125
"184" 47940.63671875 51104.12109375 6381.35400390625
"185" 47981.1640625 52110.84375 6039.4873046875
"186" 48383.98046875 50152.5703125 6440.73876953125
"187" 48320.01171875 50796.890625 6063.9970703125
"188" 48455.859375 51530.33203125 5749.92724609375
"189" 44244.72265625 25950.33984375 9486.1650390625
"190" 43269.3046875 24832.759765625 11718.5341796875
"191" 41598.69921875 23732.80078125 14101.400390625
"192" 40234.13671875 24849.005859375 12842.1005859375
"193" 40060.8984375 26154.5 12336.400390625
"194" 39615.97265625 26793.484375 11589.794921875
"195" 39024.96875 27595.62109375 11420.0263671875
"196" 43991.17578125 24621.0234375 8173.11962890625
"197" 42972.8046875 23436.779296875 10575.56640625
"198" 40866.74609375 22680.0546875 13118.484375
"199" 40554.84375 24440.0078125 12446.0234375
"200" 39537.015625 25330.974609375 11234.9091796875
"201" 38773.5625 26151.966796875 11062.845703125
"202" 43176.20703125 23085.80078125 7782.75244140625
"203" 42540.44921875 22734.59765625 9874.5322265625
"204" 41031.86328125 21426.70703125 12613.8876953125
"205" 40424.5 22861.30078125 12171
"206" 39297.2421875 24189.05859375 10862.2392578125
"207" 38423.7265625 25035.025390625 11025.8515625
"208" 38003.09765625 25636.46875 10940.3408203125
"209" 42345.80078125 21586.013671875 7724.8349609375
"210" 41531.55859375 20711.220703125 10082.5810546875
"211" 40562.7109375 21010.94921875 11863.595703125
"212" 39585.6015625 22272.19921875 11409.099609375
"213" 38742.76953125 23516.41015625 10744.16015625
"214" 37612.30078125 24836.599609375 10617.2998046875
"215" 41863.42578125 20450.681640625 7198.07177734375
"216" 40650.109375 20116.142578125 8756.6748046875
"217" 39769.92578125 19501.796875 10889.2880859375
"218" 39160.62109375 20499.470703125 11306.5390625
"219" 38704.49609375 22150.6171875 10323.2158203125
"220" 37529.25390625 23498.634765625 10502.080078125
"221" 36510.59375 24548.53515625 10346.0673828125
"222" 41250.03515625 19220.50390625 6727.1201171875
"223" 40262.65234375 18998.677734375 8089.798828125
"224" 39479.640625 18358.572265625 10181.8896484375
"225" 38669.7578125 18824.310546875 11205.056640625
"226" 38410.8828125 20709.9140625 10239.234375
"227" 36938.078125 22300.716796875 9957.578125
"228" 36559.234375 23641.857421875 9993.5068359375
"229" 40435.59765625 17713.2109375 6392.89111328125
"230" 39167.37890625 17461.189453125 8095.70556640625
"231" 38297.51953125 16685.611328125 10450.26171875
"232" 38008.30078125 17832.099609375 10241
"233" 37251.6640625 20314.470703125 9366.0625
"234" 36430.5 21974.900390625 9573.6201171875
"235" 35638.8671875 23288.75390625 9659.404296875
"236" 39382.99609375 16122.142578125 6050.9638671875
"237" 38263.828125 15831.42578125 8219.44140625
"238" 37108.98046875 15369.4794921875 10235.8056640625
"239" 36827.1640625 17359.3515625 10155.5869140625
"240" 36642.28515625 19889.0703125 9131.8994140625
"241" 35542.11328125 21995.873046875 9131.9189453125
"242" 38602.91015625 14771.5068359375 5408.26953125
"243" 37630.53125 14647.4951171875 7173.5400390625
"244" 37002.61328125 14072.439453125 9776.7958984375
"245" 37084.73828125 15714.1416015625 9960.0498046875
"246" 36050.73828125 17684.212890625 9101.0771484375
"247" 35716.7578125 19581.53515625 8790.9033203125
"248" 35125.99609375 22016.43359375 9064.9111328125
"249" 37310.7265625 13146.9716796875 5401.60791015625
"250" 36607.8984375 12676 7275.52978515625
"251" 36606.50390625 12785.2578125 10927.5830078125
"252" 35633.1875 15250.125 8261.2861328125
"253" 35150.69921875 17050.5 7570.9599609375
"254" 34664.52734375 18762.69921875 8245.9150390625
"255" 34127.921875 20672.21484375 8517.9248046875
"256" 36098.64453125 11532.58984375 5119.45556640625
"257" 35806.3984375 11266.400390625 7104.85986328125
"258" 36139.3984375 11334.509765625 11173.853515625
"259" 34103.65234375 13364.94921875 8286.2333984375
"260" 33861.44921875 15287.509765625 7093.2421875
"261" 33966.390625 16664.978515625 7771.91259765625
"262" 33230.96484375 18105.7734375 7709.09814453125
"263" 35242.3125 10273.4306640625 4980.64453125
"264" 34626.54296875 10020.15625 7787.8935546875
"265" 33385.0390625 11332.431640625 8166.0244140625
"266" 33132.91015625 12225.7529296875 8383.7255859375
"267" 32583.041015625 13689.2978515625 6871.12646484375
"268" 32304.333984375 14585.458984375 7437.0751953125
"269" 33839.59375 8543.0869140625 5138.7919921875
"270" 33462.4296875 8762.8349609375 7606.0546875
"271" 32016.41796875 9902.2255859375 8367.6103515625
"272" 32026.783203125 10709.2255859375 8579.794921875
"273" 32133.7265625 10901.6640625 8478.2294921875
"274" 31418.30078125 12000.599609375 6890.759765625
"275" 32342.90234375 7510.31787109375 6427.7255859375
"276" 31637.615234375 8401.2646484375 8011.1708984375
"277" 31460.263671875 9375.8017578125 8471.5361328125
"278" 31037.369140625 10003.9453125 7564.31005859375
"279" 30276.986328125 10632.55078125 7378.38720703125
"280" 31948.568359375 6614.51904296875 5662.623046875
"281" 31580.66796875 6944.34228515625 7562.6904296875
"282" 30274.451171875 8175.04736328125 8512.744140625
"283" 30440.60546875 8680.603515625 8110.2470703125
"284" 30069.02734375 9657.388671875 7978.82421875
"285" 31569.4453125 6240.73779296875 5254.78125
"286" 30783.3359375 6698.51025390625 7708.8515625
"287" 29756.23046875 7649.1123046875 8818.091796875
"288" 29480.515625 8287.958984375 9168.5
"289" 30803.158203125 5761.5400390625 5754.12451171875
"290" 30072.08984375 6139.67041015625 7668.744140625
"291" 29008.205078125 7108.326171875 9039.212890625
"292" 28754.296875 8151.14892578125 9337.9228515625
"293" 30009.88671875 5284.103515625 6133.9765625
"294" 29401.5859375 5521.5009765625 7885.06884765625
"295" 28874.283203125 6066.07080078125 8802.0576171875
"296" 28621.955078125 7142.31005859375 9046.7626953125
"297" 29168.900390625 4934.31982421875 6981.6181640625
"298" 28704.85546875 5218.58349609375 8636.166015625
"299" 12453.458984375 25454.798828125 6612.60546875
"300" 13365.7001953125 24329.19921875 9477.91015625
"301" 14614 23493.19921875 10446
"302" 15560 24637.900390625 10438.2998046875
"303" 15864.2001953125 26260.599609375 10037.900390625
"304" 16775.482421875 27054.353515625 9743.533203125
"305" 12733.7451171875 24679.5390625 5405.73193359375
"306" 13560.599609375 23048.5 8329.1201171875
"307" 14736.5791015625 22457.35546875 10619.9736328125
"308" 15863.599609375 23477.19921875 10536.2001953125
"309" 16693.375 25171.115234375 9290.44921875
"310" 17849.669921875 26318.26953125 9506.6806640625
"311" 13546.6513671875 23258.275390625 5296.55078125
"312" 13929.2705078125 21951.142578125 7614.21484375
"313" 15006.9306640625 21046.263671875 10200.408203125
"314" 15928.3701171875 22333.0625 9813.8388671875
"315" 17042.47265625 23830.654296875 9030.638671875
"316" 18138.07421875 24966.4140625 9257.0576171875
"317" 19333.9296875 25863.775390625 9256.669921875
"318" 14421.865234375 21738.3828125 5250.29833984375
"319" 15320.380859375 20378.3125 7758.82666015625
"320" 15483.5517578125 19593.56640625 9910.685546875
"321" 16761.009765625 20983.93359375 9404.9306640625
"322" 17558.904296875 22461.279296875 8703.380859375
"323" 18810.701171875 23685.44140625 8983.53125
"324" 19680.3125 24243.5078125 8975.8291015625
"325" 15130.9326171875 20491.896484375 4956.74609375
"326" 15619.2685546875 19243.34765625 6995.3974609375
"327" 16618.88671875 18442.98828125 9283.0576171875
"328" 17885.599609375 19717.900390625 9191.8701171875
"329" 19025.98046875 21552.333984375 8509.0048828125
"330" 20074.876953125 22930.248046875 8444.0576171875
"331" 16453.345703125 18396.46875 4566.32470703125
"332" 16906.31640625 17552.369140625 7189.95654296875
"333" 17672.99609375 16940.1953125 9271.03125
"334" 19314.84375 20199.08203125 8040.39794921875
"335" 20128.548828125 21136.10546875 8129.66552734375
"336" 20946.36328125 22582.51953125 8157.11669921875
"337" 17565.064453125 16919.71484375 4572.0068359375
"338" 17690.412109375 16296.68359375 7005.60302734375
"339" 18824.482421875 16608.89453125 9357.9892578125
"340" 19873.060546875 18625.654296875 8324.806640625
"341" 20747.0234375 20208.306640625 7815.59326171875
"342" 21903.455078125 21855.470703125 7832.83447265625
"343" 18387.517578125 15465.3046875 3860.9951171875
"344" 18618.78125 15130.8994140625 6606.6669921875
"345" 19639.794921875 14993.013671875 9179.1337890625
"346" 20989.814453125 17653.9765625 7839.41845703125
"347" 21985.4453125 19416.71875 7314.50146484375
"348" 22996.525390625 21241.474609375 7762.48828125
"349" 19688.681640625 14005.5439453125 4168.57373046875
"350" 20018.5859375 13463.5947265625 6227.9951171875
"351" 19823.583984375 13072.3232421875 9160.4580078125
"352" 20218.669921875 14906.6826171875 7585.91015625
"353" 22107.4453125 16653.91015625 7225.4609375
"354" 22826.455078125 17722.875 7066.02001953125
"355" 23689.849609375 19015.373046875 7219.50537109375
"356" 20742.515625 12534.869140625 3809.70825195312
"357" 21171.1640625 12010.1123046875 6959.2490234375
"358" 20457.064453125 11109.81640625 9905.6943359375
"359" 22859.845703125 12978.4375 7209.7900390625
"360" 23140.146484375 14662.7548828125 7453.43994140625
"361" 23903.728515625 15525.9765625 6834.33984375
"362" 24631.765625 16114.287109375 7005.64111328125
"363" 22504.6875 10440.96875 4584.12109375
"364" 22364.140625 9772.2607421875 6653.02490234375
"365" 21178.314453125 9220.9013671875 10082.822265625
"366" 24029.017578125 11704.9375 7561.4296875
"367" 24012.056640625 12505.1044921875 7689.24658203125
"368" 25165.931640625 13473.0419921875 6403.8505859375
"369" 23516.060546875 9109.271484375 4561.81201171875
"370" 23578.056640625 8656.8525390625 6658.47705078125
"371" 25149.919921875 9481.791015625 7508.38232421875
"372" 25000.642578125 10313.1259765625 7692.96923828125
"373" 25222.71875 10332.0361328125 7795.29931640625
"374" 26935.53515625 11160.1474609375 6495.53564453125
"375" 24563.658203125 7460.4482421875 5426.078125
"376" 24935.830078125 7471.5556640625 6834.44677734375
"377" 25725.421875 8440.8408203125 7463.4951171875
"378" 26011.033203125 8894.369140625 7745.9970703125
"379" 26757.2890625 8971.576171875 7554.2646484375
"380" 27742.373046875 9345.3896484375 7691.56494140625
"381" 25716.6640625 6879.36865234375 4818.7568359375
"382" 25997.7890625 6759.48095703125 7043.3798828125
"383" 26959.451171875 7403.3603515625 7829.24267578125
"384" 27447.61328125 7924.22705078125 8617.5810546875
"385" 28033.775390625 8409.158203125 9202.259765625
"386" 26537.8671875 6250.23291015625 5259.56396484375
"387" 26879.958984375 6310.8037109375 7269.52685546875
"388" 28071.5625 7264.5986328125 8884.880859375
"389" 27459.818359375 5560.916015625 6132.349609375
"390" 28045.255859375 5739.2275390625 8399.5205078125
