"V1" "V2" "V3"
"1" 40.6747589111328 84.2641983032227 56.7486419677734
"2" 37.8176 82.0377 55.204
"3" 36.6015 79.7293 52.5218
"4" 37.9881 78.2147 49.1429
"5" 39.7387 76.8415 45.8745
"6" 41.9371 75.9686 42.7292
"7" 43.9263 74.3873 39.709
"8" 45.8054 72.8238 36.6125
"9" 47.8199 71.274 33.5871
"10" 50.1468 69.6594 30.8484
"11" 52.8551 67.9905 28.5124
"12" 55.9766 67.0862 26.2742
"13" 59.0922 65.9259 24.1442
"14" 62.0193 64.5331 21.9058
"15" 64.5928 62.3744 19.9645
"16" 66.6179275512695 59.1003341674805 19.1383590698242
"17" 29.9202480316162 67.8256912231445 96.2275772094727
"18" 29.8709 71.2983 95.8155
"19" 29.1785 74.736 96.1304
"20" 27.447 77.6683 95.1887
"21" 24.9416 79.2242 93.4694
"22" 21.6005 79.3667 92.9076
"23" 18.4925 78.6641 94.3121
"24" 16.8609 77.6785 97.1519
"25" 17.4627 75.7722 100.0277
"26" 19.4324 74.5469 102.6831
"27" 21.7657 72.1124 103.541
"28" 23.6221 69.2188 103.3052
"29" 25.1779 67.321 100.8558
"30" 27.6262 66.4762 98.5054
"31" 40.6747589111328 84.2641983032227 56.7486419677734
"32" 58.7538146972656 66.3368377685547 54.7656059265137
"33" 82.2375259399414 76.7501373291016 41.3876113891602
"34" 83.5462 76.9766 44.0894
"35" 84.0173 77.3882 47.0304
"36" 84.1464 77.9768 49.9546
"37" 83.7305 79.0784 52.685
"38" 82.6792 80.6662 54.9915
"39" 81.298 82.1473 57.1834
"40" 79.285 83.6129 58.7647
"41" 76.8733 85.2134 59.6042
"42" 74.4932 86.7792 59.0553
"43" 72.284 87.5023 57.1924
"44" 70.055 87.8087 55.1908
"45" 68.3771 87.6433 52.7035
"46" 67.1788 86.8081 50.0799
"47" 66.5415 85.6549 47.3835
"48" 66.3396 84.3582 44.6705
"49" 66.7106 83.146 41.9774
"50" 68.1963 81.536 39.9204
"51" 70.1513 80.1031 38.1471
"52" 72.5353 78.8995 36.7892
"53" 75.291 77.7625 36.6353
"54" 78.1263 77.0031 37.173
"55" 80.4378 76.8921 38.9744
"56" 52.5551490783691 72.3719863891602 64.5657196044922
"57" 54.4537 69.8013 62.2595
"58" 56.4675 68.1351 59.3517
"59" 58.1081 66.9364 55.9533
"60" 59.5608 65.6136 52.5046
"61" 60.7215 64.3581 48.954
"62" 62.2797 63.5358 45.4501
"63" 63.8863 63.0633 41.9241
"64" 65.4056 62.3384 38.3705
"65" 67.4378051757812 59.8481178283691 36.0645713806152
"66" 52.5551490783691 72.3719863891602 64.5657196044922
"67" 84.5102691650391 69.0982360839844 30.6894912719727
"68" 67.4378051757812 59.8481178283691 36.0645713806152
"69" 84.5102691650391 69.0982360839844 30.6894912719727
"70" 85.7855 69.9508 36.2818
"71" 86.6828 70.6212 42.0389
"72" 87.7261 71.1636 47.7937
"73" 88.5821 72.4549 53.4554
"74" 89.1222 73.1076 59.2465
"75" 88.7599 72.8917 65.0598
"76" 87.9431 72.8082 70.8533
"77" 87.1492 72.3148 76.6505
"78" 86.7149 72.1882 82.4959
"79" 86.0735 72.2419 88.3266
"80" 85.5128 71.9481 94.1577
"81" 84.9124 71.3519 99.9648
"82" 84.0515 71.3389 105.7652
"83" 83.3534 72.0028 111.5255
"84" 82.8386 71.555 117.3584
"85" 82.1389 71.2389 123.1477
"86" 81.6922 71.3329 128.9889
"87" 80.9646530151367 70.9505844116211 134.777938842773
"88" 42.7129020690918 46.712818145752 127.387817382812
"89" 80.9646530151367 70.9505844116211 134.777938842773
"90" 66.6179275512695 59.1003341674805 19.1383590698242
"91" 76.6117401123047 25.9527587890625 58.3759918212891
"92" 72.659 24.2724 56.9795
"93" 69.463 24.1328 53.8531
"94" 68.8118 26.2115 49.7618
"95" 69.1371 28.9286 46.1044
"96" 68.6967 31.6918 42.379
"97" 68.3198 34.4204 38.6327
"98" 67.6405 37.1161 34.874
"99" 67.181 40.265 31.4379
"100" 67.2916 43.8233 28.4332
"101" 68.1086 47.5492 25.7176
"102" 68.6573 51.3754 23.1031
"103" 68.4582 55.026 20.2052
"104" 66.6179275512695 59.1003341674805 19.1383590698242
"105" 76.6117401123047 25.9527587890625 58.3759918212891
"106" 68.5183258056641 49.7232208251953 53.1823921203613
"107" 89.1003341674805 63.4518966674805 39.9742202758789
"108" 89.8849 64.8412 42.6715
"109" 90.5909 65.4075 45.678
"110" 91.2034 65.7002 48.7609
"111" 91.9298 65.3642 51.7862
"112" 92.5988 64.1613 54.5991
"113" 93.0421 62.4001 57.1588
"114" 93.2898 60.3232 59.5037
"115" 93.4652 57.5451 60.7695
"116" 93.5055 54.5155 60.0678
"117" 93.2441 52.0083 58.2196
"118" 92.6154 49.8311 56.0639
"119" 91.4849 48.2427 53.6092
"120" 90.2298 47.1458 50.9616
"121" 88.8672 46.6085 48.1694
"122" 87.6136 46.5161 45.2811
"123" 86.8265 47.5986 42.4799
"124" 86.3039 49.8087 40.3011
"125" 85.986 52.3246 38.4404
"126" 86.3007 55.2541 37.4413
"127" 86.81 58.359 37.411
"128" 87.8392 61.0969 38.2923
"129" 69.6656341552734 42.8911819458008 64.9232635498047
"130" 69.1288 45.3232 62.0319
"131" 68.987 47.3073 58.7668
"132" 68.7128 49.0331 55.3732
"133" 68.158 50.8928 52.0694
"134" 67.9102 52.961 48.8628
"135" 67.8078 54.3087 45.4056
"136" 68.1614 55.7286 41.9154
"137" 68.3636 57.2856 38.5877
"138" 67.4378051757812 59.8481178283691 36.0645713806152
"139" 69.6656341552734 42.8911819458008 64.9232635498047
"140" 28.7954769134521 68.8328170776367 97.0317916870117
"141" 27.9651317596436 68.4171905517578 98.0270156860352
"142" 26.959997177124 68.3785171508789 99.1794128417969
"143" 25.6575412750244 67.440315246582 100.354644775391
"144" 24.3819351196289 68.1927032470703 101.488639831543
"145" 28.5614356994629 70.3800277709961 97.1626586914062
"146" 27.616849899292 69.9682464599609 98.0457992553711
"147" 26.8282871246338 69.7672729492188 98.962158203125
"148" 25.6830387115479 69.462028503418 100.437393188477
"149" 24.2418098449707 69.753547668457 101.804779052734
"150" 28.2697906494141 71.698616027832 97.21337890625
"151" 27.2952003479004 71.4296798706055 98.1884231567383
"152" 26.3663463592529 70.9787063598633 99.3534088134766
"153" 24.8983325958252 70.9980773925781 101.10139465332
"154" 23.5590782165527 70.9076690673828 102.361305236816
"155" 28.1212158203125 72.97509765625 97.1355743408203
"156" 26.8706455230713 72.6869430541992 98.4287261962891
"157" 25.8196201324463 72.8598556518555 99.4847259521484
"158" 24.0289192199707 72.8953475952148 101.041831970215
"159" 22.6298313140869 72.4582595825195 102.356437683105
"160" 27.3680858612061 74.3263244628906 97.3303146362305
"161" 26.0102405548096 74.3920974731445 98.2774429321289
"162" 24.620361328125 74.3384170532227 99.3464813232422
"163" 23.46755027771 73.9841842651367 100.533897399902
"164" 22.1696147918701 73.241096496582 102.042785644531
"165" 26.5192623138428 75.4306793212891 97.2240524291992
"166" 24.9750518798828 75.2641983032227 98.3005752563477
"167" 24.098051071167 74.8341827392578 99.275764465332
"168" 22.6029262542725 74.709228515625 100.573257446289
"169" 21.1494235992432 74.3232955932617 101.713310241699
"170" 25.5367908477783 77.0586853027344 96.5293350219727
"171" 23.8533840179443 76.5223236083984 97.8381805419922
"172" 22.0512924194336 75.9960708618164 99.485725402832
"173" 20.2274188995361 74.9431991577148 101.234359741211
"174" 24.2229442596436 78.0513687133789 95.5946655273438
"175" 23.0890865325928 77.4253387451172 96.6969223022461
"176" 21.6580028533936 76.9842071533203 97.7314300537109
"177" 19.7280807495117 75.8158721923828 99.7694320678711
"178" 23.2151126861572 78.7445983886719 94.2412261962891
"179" 21.7498016357422 77.8380813598633 95.9665145874023
"180" 20.1204662322998 77.1947937011719 97.2729339599609
"181" 18.7131080627441 76.3222808837891 98.7054138183594
"182" 21.5928802490234 78.6582183837891 94.2083892822266
"183" 20.2325286865234 78.0763931274414 95.3796234130859
"184" 18.6124992370605 76.6455001831055 95.4481964111328
"185" 18.285400390625 76.5861968994141 97.8916015625
"186" 19.4315948486328 78.4686584472656 94.2596054077148
"187" 18.2299537658691 76.727180480957 95.1473007202148
"188" 17.0912990570068 76.2892990112305 95.7554016113281
"189" 46.5801391601562 82.2381210327148 55.4426498413086
"190" 52.401008605957 82.4370956420898 54.7844047546387
"191" 58.3242988586426 81.6310348510742 54.1598777770996
"192" 57.3128890991211 80.1802444458008 56.6652679443359
"193" 55.5968856811523 77.3184204101562 58.7504234313965
"194" 53.1795921325684 75.4901580810547 60.6654968261719
"195" 53.0497245788574 73.4371337890625 62.4689407348633
"196" 43.0038528442383 80.5204467773438 52.8388328552246
"197" 51.6293601989746 81.1846466064453 52.8344802856445
"198" 58.977222442627 81.2358093261719 52.2957725524902
"199" 56.2950172424316 77.9147415161133 55.4101753234863
"200" 53.7884254455566 75.4204788208008 57.7443466186523
"201" 54.0804977416992 73.0629653930664 59.7832183837891
"202" 42.998893737793 79.6830139160156 50.3547592163086
"203" 50.5826606750488 79.2120056152344 50.9073944091797
"204" 58.6239128112793 80.2400894165039 50.6386604309082
"205" 56.9741821289062 78.2831344604492 52.5507431030273
"206" 54.4119415283203 75.1025772094727 55.4920349121094
"207" 54.6110305786133 73.4448852539062 57.8458137512207
"208" 54.7455940246582 71.7568969726562 60.033260345459
"209" 45.3492736816406 78.8278121948242 47.6432876586914
"210" 53.1062126159668 78.5933532714844 48.7616539001465
"211" 59.0187339782715 79.1699600219727 49.69970703125
"212" 56.8156585693359 76.8886184692383 51.7773284912109
"213" 54.9838905334473 74.2804870605469 54.7862854003906
"214" 55.3198013305664 72.0126037597656 58.4931983947754
"215" 45.9805641174316 77.9110260009766 45.7502403259277
"216" 52.5661773681641 77.3553848266602 47.1916542053223
"217" 59.3477172851562 78.237060546875 48.0209693908691
"218" 58.7950210571289 77.255241394043 48.7948303222656
"219" 55.7582702636719 74.1045074462891 52.4472274780273
"220" 55.7613525390625 72.5421829223633 55.2992630004883
"221" 56.3020935058594 69.0661544799805 58.3089218139648
"222" 46.9121360778809 77.043327331543 44.0136642456055
"223" 52.6361351013184 77.2475357055664 45.609489440918
"224" 59.1327743530273 77.3509674072266 45.8537673950195
"225" 61.0992431640625 76.8760528564453 47.5742568969727
"226" 57.3246879577637 75.1333847045898 49.9857902526855
"227" 56.7258377075195 71.742561340332 53.2559013366699
"228" 56.6724090576172 70.1180419921875 56.8154220581055
"229" 48.5479545593262 75.9812088012695 41.6445922851562
"230" 54.8163108825684 75.7900695800781 43.3961753845215
"231" 61.7643814086914 78.045295715332 44.473575592041
"232" 60.599292755127 76.0756378173828 46.8729476928711
"233" 57.1823616027832 72.9485397338867 49.3370475769043
"234" 57.0182838439941 71.1086273193359 52.8097152709961
"235" 57.2983131408691 68.4971466064453 55.6576042175293
"236" 49.9482192993164 74.8577575683594 39.3865051269531
"237" 56.3250350952148 74.9638290405273 41.7283554077148
"238" 62.0904731750488 76.5144348144531 43.3319435119629
"239" 60.5138816833496 75.1389465332031 45.3589935302734
"240" 57.6782569885254 71.5843658447266 48.9695625305176
"241" 57.6009254455566 69.8601226806641 52.9030418395996
"242" 51.1141738891602 73.5038604736328 37.0479583740234
"243" 56.4721298217773 73.8116226196289 39.1493225097656
"244" 62.1272010803223 74.9200134277344 41.1055946350098
"245" 61.7038345336914 74.5960159301758 43.1673240661621
"246" 57.9628982543945 71.9575042724609 45.4205703735352
"247" 58.3337059020996 69.8506317138672 48.4391326904297
"248" 58.3799018859863 68.059196472168 52.8757019042969
"249" 53.2060661315918 72.0193099975586 34.5682373046875
"250" 59.1717987060547 72.30419921875 37.0483016967773
"251" 62.2865447998047 74.5301895141602 39.2140998840332
"252" 60.3388481140137 71.6463623046875 41.4693336486816
"253" 57.5852851867676 69.5667037963867 42.3818168640137
"254" 59.198299407959 67.2047348022461 47.410945892334
"255" 59.290599822998 65.4160003662109 50.1311988830566
"256" 54.2216606140137 69.9665756225586 31.0974292755127
"257" 59.5284385681152 70.7961654663086 34.3310432434082
"258" 62.4740676879883 72.1886215209961 36.9604797363281
"259" 61.6324424743652 70.4174041748047 38.6625518798828
"260" 58.7189712524414 67.5191879272461 39.7397956848145
"261" 60.6395874023438 65.995735168457 45.0500335693359
"262" 60.4043350219727 65.5891723632812 45.758544921875
"263" 55.7689971923828 68.7182159423828 29.2277297973633
"264" 63.5918197631836 71.0102081298828 33.9787254333496
"265" 63.9657745361328 70.0808486938477 35.3032531738281
"266" 62.693302154541 67.3964385986328 36.4025917053223
"267" 61.0988655090332 65.6151962280273 37.7444534301758
"268" 63.567798614502 63.7220993041992 41.2947006225586
"269" 58.8297462463379 67.5350799560547 26.9203491210938
"270" 63.9691848754883 69.2656784057617 30.989294052124
"271" 65.3357849121094 68.6983642578125 33.1025009155273
"272" 64.7533569335938 67.6246490478516 34.3556213378906
"273" 63.9865417480469 65.3484039306641 34.9561882019043
"274" 63.4384002685547 63.3787117004395 36.1289596557617
"275" 63.0227890014648 66.9878540039062 26.7369422912598
"276" 66.3027877807617 67.9556350708008 30.6712608337402
"277" 66.5114059448242 67.465446472168 32.2132530212402
"278" 64.3364868164062 63.3944892883301 32.5880165100098
"279" 65.4570999145508 61.670337677002 34.6608924865723
"280" 62.909423828125 65.9520645141602 24.7552719116211
"281" 66.0260162353516 66.5013122558594 27.7612838745117
"282" 67.5524368286133 66.2499313354492 30.1516189575195
"283" 66.726432800293 63.8111343383789 30.4090538024902
"284" 66.5373458862305 61.5869407653809 32.3723793029785
"285" 63.0926361083984 64.986930847168 22.858606338501
"286" 67.4357070922852 65.737548828125 27.3484077453613
"287" 69.7500305175781 65.3348922729492 29.5741062164307
"288" 70.0049819946289 63.1427726745605 30.5648174285889
"289" 65.2032623291016 64.1291656494141 22.0858268737793
"290" 68.883903503418 64.8783111572266 25.5319519042969
"291" 71.644401550293 64.883659362793 28.8310623168945
"292" 73.0820007324219 63.8092498779297 30.9368095397949
"293" 67.0019607543945 62.7563858032227 21.5509281158447
"294" 70.2409362792969 63.1982154846191 23.832555770874
"295" 71.9048004150391 63.7398986816406 26.5723991394043
"296" 73.471076965332 63.4767036437988 28.9988803863525
"297" 68.6868743896484 62.0312194824219 21.8409194946289
"298" 71.7609786987305 62.5529022216797 25.0894470214844
"299" 77.2927780151367 31.1943645477295 56.6970252990723
"300" 79.395378112793 36.4524307250977 55.7243728637695
"301" 80.5652923583984 40.2602691650391 55.7056922912598
"302" 78.4982833862305 40.803638458252 57.9899291992188
"303" 75.5303192138672 40.5088691711426 59.669548034668
"304" 71.6890640258789 41.911693572998 62.1137619018555
"305" 73.6635894775391 29.1840572357178 55.4179000854492
"306" 78.2330017089844 36.4302520751953 53.9891242980957
"307" 80.3652267456055 41.2704467773438 52.7274360656738
"308" 76.6774444580078 41.3328437805176 56.0502586364746
"309" 73.5065536499023 41.5079956054688 58.186695098877
"310" 71.3065185546875 43.0523147583008 60.6240615844727
"311" 72.6960983276367 29.3722019195557 52.3172836303711
"312" 75.8657608032227 36.1323890686035 51.8746795654297
"313" 80.0569763183594 42.3485946655273 51.0073471069336
"314" 77.6151962280273 42.3637771606445 53.4731063842773
"315" 74.128059387207 41.4637298583984 55.3986167907715
"316" 72.3068466186523 42.8975944519043 58.3903656005859
"317" 70.2117004394531 45.6184005737305 59.3247985839844
"318" 72.2720184326172 30.761251449585 49.0020866394043
"319" 76.8153381347656 39.0410575866699 49.0861511230469
"320" 79.7982940673828 43.2275695800781 49.2055015563965
"321" 78.5449142456055 43.7084808349609 50.3532676696777
"322" 74.3784484863281 42.6985969543457 52.8884773254395
"323" 72.7619094848633 43.9528350830078 55.5975646972656
"324" 71.0237274169922 46.3383560180664 56.5925903320312
"325" 72.3330001831055 33.010799407959 46.6204986572266
"326" 75.1023864746094 38.3884582519531 47.1358489990234
"327" 79.1096496582031 45.4008140563965 47.0625381469727
"328" 76.510612487793 44.3592109680176 48.9776191711426
"329" 73.8525466918945 44.3477325439453 51.5087242126465
"330" 71.9563980102539 45.5387763977051 54.4953384399414
"331" 72.1825256347656 35.5017890930176 43.5306549072266
"332" 76.1252899169922 42.1233749389648 45.040340423584
"333" 78.6277694702148 45.7177696228027 45.4309959411621
"334" 73.8940124511719 44.9402351379395 48.4778709411621
"335" 72.9175186157227 45.8828964233398 50.4505271911621
"336" 70.8352737426758 47.3625831604004 53.592098236084
"337" 72.2893905639648 38.0070571899414 40.8779449462891
"338" 75.7762680053711 44.1965446472168 43.0902481079102
"339" 77.9798355102539 47.4700698852539 44.1790809631348
"340" 75.328857421875 46.9932823181152 46.231143951416
"341" 72.1003112792969 47.1180686950684 49.0286712646484
"342" 70.2417984008789 48.4761962890625 51.5157623291016
"343" 71.2056427001953 39.014778137207 38.2825393676758
"344" 74.0329895019531 43.9091377258301 40.3982467651367
"345" 78.8910522460938 48.8153076171875 42.1264839172363
"346" 73.6879730224609 47.5180740356445 44.9327812194824
"347" 70.9390869140625 48.7943687438965 47.5040245056152
"348" 69.0820541381836 49.8606262207031 49.6874885559082
"349" 71.0029296875 41.2357139587402 35.841796875
"350" 73.4627456665039 46.1726112365723 38.0440483093262
"351" 78.9699554443359 48.9899482727051 39.5275764465332
"352" 75.4689407348633 48.476978302002 41.0787200927734
"353" 72.4642028808594 48.6399993896484 42.9936981201172
"354" 70.5065002441406 50.3131637573242 45.022216796875
"355" 68.6501083374023 50.9871139526367 46.6016807556152
"356" 69.719970703125 42.7021446228027 32.4365615844727
"357" 73.3447036743164 48.1529273986816 35.2493591308594
"358" 79.7085037231445 50.2602157592773 37.0597724914551
"359" 74.5537490844727 50.4834289550781 37.6908683776855
"360" 71.4385986328125 51.1177978515625 40.2158966064453
"361" 70.0925598144531 50.8082733154297 40.4417114257812
"362" 68.7814331054688 53.7486534118652 43.2074775695801
"363" 70.4826812744141 47.480785369873 29.9255084991455
"364" 74.485237121582 51.5309257507324 33.0870666503906
"365" 74.3711166381836 52.3129234313965 34.6689414978027
"366" 74.0497512817383 52.9514312744141 35.9290885925293
"367" 71.3819122314453 53.3242149353027 37.1879920959473
"368" 68.9643173217773 53.3476371765137 37.2815208435059
"369" 70.3139877319336 49.2179718017578 27.7616386413574
"370" 72.62841796875 52.4605827331543 30.0031852722168
"371" 74.1349411010742 53.6815185546875 32.2697448730469
"372" 72.4997406005859 53.8989639282227 33.2300109863281
"373" 70.4739151000977 55.294490814209 33.8800354003906
"374" 68.2928695678711 56.4492225646973 34.9805755615234
"375" 71.1036682128906 52.2699203491211 25.9377098083496
"376" 72.720085144043 54.8227958679199 28.4976062774658
"377" 73.997444152832 55.1925811767578 30.131139755249
"378" 71.9235687255859 56.8411178588867 31.2005348205566
"379" 70.6300735473633 58.2996139526367 31.6735420227051
"380" 69.6405029296875 59.4550971984863 32.4265289306641
"381" 70.3187942504883 53.3241653442383 23.9265518188477
"382" 72.176399230957 55.6564788818359 26.0289630889893
"383" 73.642463684082 58.0777282714844 28.203254699707
"384" 73.0402145385742 59.825756072998 29.6794815063477
"385" 73.3480224609375 61.4636917114258 31.6814022064209
"386" 70.0192642211914 55.313045501709 22.4699878692627
"387" 72.3272018432617 58.1520843505859 25.0301494598389
"388" 73.9065017700195 61.361156463623 28.8597049713135
"389" 69.9456176757812 57.5358009338379 21.7995758056641
"390" 72.7481231689453 60.9502334594727 25.580265045166
