"V1" "V2" "V3"
"1" 29.5530529022217 12.3593521118164 9.4963846206665
"2" 28.7315 12.7171 8.4464
"3" 27.5484 13.4726 7.8659
"4" 26.281 14.1399 7.3616
"5" 25.0679 14.8744 6.8372
"6" 23.8973 15.6242 6.2477
"7" 22.7895 16.5731 5.835
"8" 21.6756 17.5604 5.6367
"9" 20.6695 18.6498 5.4115
"10" 19.6082 19.647 5.1094
"11" 18.6275 20.7922 5.0371
"12" 17.9257 22.0698 4.628
"13" 17.4155 23.4703 4.3434
"14" 16.8701 24.8649 4.4556
"15" 16.3077 26.1492 5.036
"16" 16.0964698791504 27.5254898071289 5.61208724975586
"17" 44.1654243469238 14.176326751709 6.48918390274048
"18" 43.6614 13.537 6.696
"19" 43.528 12.7463 6.9548
"20" 43.498 11.9904 7.2932
"21" 43.194 11.2258 7.2902
"22" 43.2556 10.3918 7.1122
"23" 43.4746 9.6593 6.7731
"24" 44.0807 9.5348 6.3344
"25" 44.4833 10.2542 6.1994
"26" 44.7348 11.0664 6.2978
"27" 44.916 11.8489 6.2983
"28" 45.0855 12.5761 5.8827
"29" 45.2211 13.3758 5.7201
"30" 44.838 14.0715 5.9803
"31" 29.5530529022217 12.3593521118164 9.4963846206665
"32" 28.1360359191894 23.4709205627441 7.64753341674805
"33" 18.9786758422852 23.2067184448242 17.4764595031738
"34" 19.7758 23.9374 18.9733
"35" 21.0897 24.4165 20.186
"36" 22.7081 24.6607 21.0476
"37" 24.3563 24.6576 21.8853
"38" 26.0881 24.1678 22.3584
"39" 27.4538 23.0276 22.7265
"40" 28.4745 21.4894 22.8991
"41" 29.249 19.8014 22.7834
"42" 29.9918 18.1 22.7846
"43" 29.8189 16.3859 22.124
"44" 29.4992 15.0669 20.8916
"45" 28.9037 14.2658 19.3255
"46" 28.0146 14.0732 17.7167
"47" 27.1372 13.9961 16.0825
"48" 25.9804 14.4753 14.761
"49" 24.7878 15.4383 13.7051
"50" 23.5048 16.3948 12.7584
"51" 22.1089 17.5239 12.3149
"52" 20.7381 18.7587 12.3801
"53" 19.6478 19.9945 13.163
"54" 19.0354 21.0777 14.5416
"55" 18.6834 22.207 15.9331
"56" 34.3221588134766 18.9660358428955 8.65812110900879
"57" 32.8492 19.8859 8.6417
"58" 31.6066 21.1077 8.4106
"59" 30.2906 22.2265 8.0235
"60" 28.8659 23.1761 7.6768
"61" 27.5005 24.1884 7.346
"62" 26.1039 25.1014 6.7794
"63" 24.4699 25.7838 6.8114
"64" 22.8024 26.3386 6.9744
"65" 21.4273777008057 26.993932723999 7.57934379577637
"66" 34.3221588134766 18.9660358428955 8.65812110900879
"67" 17.2566261291504 29.7612800598144 18.1886024475098
"68" 21.4273777008057 26.993932723999 7.57934379577637
"69" 17.2566261291504 29.7612800598144 18.1886024475098
"70" 19.2535 29.4528 19.0604
"71" 21.3407 29.1681 19.7367
"72" 23.424 29.064 20.474
"73" 25.5084 28.9295 21.1914
"74" 27.6478 28.86 21.7302
"75" 29.8071 28.5652 22.0976
"76" 31.9711 28.3785 22.4929
"77" 34.143 28.1119 22.8174
"78" 36.2502 27.8947 23.283
"79" 38.3135 27.5614 23.8068
"80" 40.4168 27.2076 24.381
"81" 42.5523 27.0185 24.8836
"82" 44.6902 26.7794 25.3805
"83" 46.8483 26.5531 25.8124
"84" 48.9851 26.2883 26.3116
"85" 51.1695 26.1711 26.6342
"86" 53.3494 26.0448 26.9871
"87" 55.5459136962891 25.8294334411621 27.0745658874512
"88" 59.2621955871582 23.6054515838623 12.948992729187
"89" 55.5459136962891 25.8294334411621 27.0745658874512
"90" 16.0964698791504 27.5254898071289 5.61208724975586
"91" 32.7304306030273 39.2963523864746 4.98487854003906
"92" 31.5164 38.6519 4.0967
"93" 29.9445 38.08 3.7233
"94" 28.3907 37.523 3.2642
"95" 26.834 36.8983 2.9315
"96" 25.3446 36.0681 2.8165
"97" 23.8997 35.161 2.8394
"98" 22.445 34.35 3.2032
"99" 20.9941 33.4429 3.2746
"100" 19.7178 32.3139 3.166
"101" 18.6731 30.9672 3.0474
"102" 17.6687 29.6948 3.561
"103" 16.7631 28.5964 4.4569
"104" 16.0964698791504 27.5254898071289 5.61208724975586
"105" 32.7304306030273 39.2963523864746 4.98487854003906
"106" 29.2752914428711 28.7431507110596 6.6840991973877
"107" 20.2229042053223 34.3676147460938 16.4014911651611
"108" 21.2579 33.8867 17.9986
"109" 22.6466 33.2712 19.2367
"110" 24.4416 33.0978 20.0161
"111" 26.2612 33.2952 20.6688
"112" 28.0725 33.9491 20.8379
"113" 29.6563 35.1037 20.72
"114" 31.1238 36.338 20.3064
"115" 32.4226 37.6495 19.7264
"116" 33.0834 38.9872 18.4779
"117" 32.7106 40.0033 16.8817
"118" 32.2236 40.4065 15.0253
"119" 31.4363 40.3316 13.2431
"120" 30.5795 40.1845 11.4913
"121" 29.1138 39.5906 10.4738
"122" 27.4886 38.7426 9.7718
"123" 25.8904 37.8145 9.1231
"124" 24.194 36.89 9.0022
"125" 22.5601 35.9757 9.5481
"126" 21.2499 35.4311 10.8828
"127" 20.4293 35.0891 12.626
"128" 20.0305 34.6861 14.4723
"129" 36.4117469787598 31.2357177734375 6.66279029846191
"130" 34.6457 31.1194 6.9857
"131" 33.065 30.378 6.7756
"132" 31.5282 29.4204 6.8056
"133" 29.8255 28.8125 6.7396
"134" 28.1923 28.0696 6.7239
"135" 26.6388 27.2154 6.4369
"136" 24.8824 26.8809 6.6809
"137" 23.095 26.8478 6.9079
"138" 21.4273777008057 26.993932723999 7.57934379577637
"139" 36.4117469787598 31.2357177734375 6.66279029846191
"140" 44.2684440612793 13.9901342391968 6.34296941757202
"141" 44.5828018188477 14.1408004760742 6.08839988708496
"142" 44.6221008300781 14.0621995925903 6.08839988708496
"143" 45.1415786743164 13.5100374221802 5.76742649078369
"144" 45.2050018310547 13.088399887085 5.65777015686035
"145" 43.5503997802734 13.4383001327515 6.63565015792847
"146" 43.9835014343262 13.7190999984741 6.51953983306885
"147" 43.9835014343262 13.7190999984741 6.51953983306885
"148" 45.1397018432617 12.8796997070312 5.69720983505249
"149" 45.1327018737793 12.7266998291016 5.73487997055054
"150" 43.5615005493164 13.2374000549316 6.67759990692139
"151" 43.5615005493164 13.2374000549316 6.67759990692139
"152" 44.1506996154785 12.9231004714966 6.63831996917725
"153" 45.071964263916 12.6602725982666 5.80719089508057
"154" 45.05419921875 12.3732004165649 5.9312801361084
"155" 43.5858993530273 12.9326000213623 6.75539016723633
"156" 43.6007995605469 12.8052997589111 6.79544019699097
"157" 43.6007995605469 12.8052997589111 6.79544019699097
"158" 44.9018745422363 12.3603792190552 6.06827306747437
"159" 45.0276985168457 12.2175998687744 6.04804992675781
"160" 43.6338691711426 12.5902700424194 6.90735816955566
"161" 43.7136192321777 12.4968385696411 6.9129319190979
"162" 44.1964454650879 11.9797382354736 6.79550123214722
"163" 44.5434989929199 12.0981998443604 6.5204701423645
"164" 45.0118217468262 12.1774682998657 6.08792734146118
"165" 43.675537109375 12.4846963882446 6.94921016693115
"166" 43.6547317504883 11.4894037246704 7.03193664550781
"167" 43.8082084655762 11.5473308563232 6.99227523803711
"168" 44.6110725402832 11.2087869644165 6.4082818031311
"169" 44.7121887207031 11.2063779830933 6.32407903671265
"170" 43.4100952148438 11.4792804718018 7.14896011352539
"171" 43.5602912902832 11.3676052093506 7.03111982345581
"172" 44.1870994567871 11.1878004074097 6.71634006500244
"173" 44.6613998413086 10.8805999755859 6.20624017715454
"174" 43.4280014038086 11.1162996292114 7.03111982345581
"175" 43.5615005493164 11.2341003417969 6.99183988571167
"176" 43.7186012268066 10.9525995254517 6.87400007247925
"177" 44.5608139038086 10.8035383224487 6.2371711730957
"178" 43.3258018493652 10.9197998046875 7.03112983703613
"179" 43.4836006164551 10.7670001983643 6.91325998306274
"180" 44.1926002502441 10.3218002319336 6.27573013305664
"181" 44.3643188476562 10.4010734558105 6.16753196716309
"182" 43.4410247802734 10.4511699676514 6.88491535186768
"183" 43.5223007202148 10.4484996795654 6.83472013473511
"184" 44.1926002502441 10.3218002319336 6.27573013305664
"185" 44.3470993041992 10.2913999557495 6.16695976257324
"186" 43.6007995605469 9.85272979736328 6.67759990692139
"187" 43.8474006652832 9.51319980621338 6.36348009109497
"188" 44.0722007751465 9.42720031738281 6.24552011489868
"189" 28.9904003143311 13.7861003875732 10.4931001663208
"190" 28.7473812103271 14.0746126174927 11.009651184082
"191" 29.0463008880615 15.6684999465942 12.5460996627808
"192" 29.8920993804932 16.4582996368408 12.3339004516602
"193" 30.7562007904053 17.7938003540039 10.3305997848511
"194" 32.0918006896973 18.1081008911133 9.74143981933594
"195" 33.1916999816895 18.2651996612549 9.34827995300293
"196" 28.5564994812012 13.5122995376587 9.34862995147705
"197" 28.6379013061523 14.316255569458 10.9754800796509
"198" 28.440055847168 15.2974977493286 12.4122629165649
"199" 29.1849994659424 16.6940002441406 10.7234001159668
"200" 31.1882991790771 17.951000213623 9.50576019287109
"201" 31.7533073425293 18.5897064208984 9.37782955169678
"202" 27.5915908813477 14.0043258666992 9.08065414428711
"203" 27.9679012298584 16.0295696258545 10.2701768875122
"204" 28.4143619537354 15.8003644943237 11.2232217788696
"205" 28.5530014038086 16.2901096343994 10.6523914337158
"206" 29.9350700378418 17.8928260803223 9.76030445098877
"207" 30.8288154602051 18.8150997161865 9.15223979949951
"208" 31.5307598114014 19.1881790161133 8.32735729217529
"209" 26.8675003051758 14.3765001296997 8.79874038696289
"210" 27.3899192810059 16.0808429718018 9.7456750869751
"211" 27.6138000488281 15.9083995819092 10.4484996795654
"212" 28.1969566345215 16.7665424346924 9.74831581115723
"213" 29.5064430236816 18.382999420166 9.42720031738281
"214" 30.7493171691895 19.6875324249268 8.64159965515137
"215" 25.9248008728027 14.6513996124268 8.01311016082764
"216" 26.7117443084717 16.5534934997559 9.21419143676758
"217" 26.8978729248047 17.4584617614746 10.5870428085327
"218" 27.112907409668 17.6867275238037 10.3971862792969
"219" 28.0063514709473 17.8728446960449 9.42720222473145
"220" 29.3845138549805 19.718599319458 8.64159965515137
"221" 30.5205993652344 20.7791004180908 8.24880027770996
"222" 25.1363830566406 15.0698642730713 7.37881422042847
"223" 25.983699798584 17.1261005401611 8.64159965515137
"224" 25.5319995880127 17.6760005950928 9.66287994384766
"225" 25.9476451873779 18.1440181732178 10.1773347854614
"226" 27.086784362793 18.785737991333 9.19150924682617
"227" 28.2423000335693 20.111400604248 8.36664009094238
"228" 29.9145622253418 20.7005996704102 8.24880027770996
"229" 24.9034996032715 17.8330993652344 8.17024040222168
"230" 24.6689376831055 17.5763092041016 8.57980442047119
"231" 24.7362442016602 18.3450450897217 9.89698028564453
"232" 25.3674240112305 18.9840469360352 9.7021598815918
"233" 26.670467376709 19.7755508422852 8.62336921691895
"234" 27.9823379516602 20.4689540863037 8.13100624084473
"235" 29.2184772491455 21.6426067352295 7.8167200088501
"236" 24.5104007720947 18.364200592041 7.89491987228394
"237" 23.8018035888672 18.3505382537842 8.33681392669678
"238" 23.6096992492676 19.1047992706299 9.42720031738281
"239" 24.8487415313721 19.4611434936523 8.44154357910156
"240" 26.4505996704102 20.4799995422363 8.01006984710693
"241" 27.823673248291 21.2992515563965 7.77744007110596
"242" 22.1539001464844 17.2831993103027 6.08839988708496
"243" 23.3209667205811 19.3940238952637 7.90661287307739
"244" 23.0965995788574 19.7577991485596 9.27007961273193
"245" 23.4501991271973 19.8363990783691 8.76333332061768
"246" 24.3120574951172 19.6815090179443 7.52289199829102
"247" 26.4818000793457 21.3509006500244 7.73741006851196
"248" 27.6974067687988 22.0482501983643 7.6575665473938
"249" 21.0933990478516 18.3437995910645 5.89200019836426
"250" 22.3151016235352 20.2396221160889 7.92847633361816
"251" 21.9456672668457 20.4110832214355 9.36257743835449
"252" 23.0549907684326 20.878002166748 7.71329879760742
"253" 24.2247009277344 22.1814002990723 6.45663022994995
"254" 24.2747001647949 22.3071994781494 6.44019985198975
"255" 26.7299995422363 23.0181007385254 4.68035984039307
"256" 21.9274005889893 21.931999206543 6.87409019470215
"257" 21.4797973632812 21.2170124053955 7.73162746429443
"258" 21.2090511322021 20.842700958252 8.22411346435547
"259" 21.9727630615234 21.4468994140625 7.34535980224609
"260" 22.2717990875244 22.3502998352051 6.44191980361938
"261" 23.9608001708984 22.9787998199463 5.81344985961914
"262" 25.2178001403809 24.9034996032715 6.75615978240967
"263" 19.3868846893311 20.0894680023193 5.37959480285645
"264" 20.4449138641357 21.3847541809082 8.30990505218506
"265" 20.498592376709 22.0706348419189 7.85343074798584
"266" 20.9983005523682 23.1639995574951 6.78317022323608
"267" 21.9575004577637 23.8349056243896 5.70369052886963
"268" 22.7800998687744 25.0370998382568 5.70410013198853
"269" 18.382999420166 21.407600402832 5.28316020965576
"270" 19.9972972869873 22.5466995239258 7.85673141479492
"271" 19.612190246582 22.8476543426514 7.77801513671875
"272" 19.9837760925293 23.4012260437012 7.20782470703125
"273" 20.626501083374 24.0447235107422 6.27127122879028
"274" 22.0938949584961 25.7409362792969 5.50177145004272
"275" 19.6832008361816 24.0785999298096 6.75614023208618
"276" 18.9876594543457 23.2633113861084 8.40592002868652
"277" 19.600700378418 23.6072998046875 7.34535980224609
"278" 20.0896759033203 25.1406955718994 6.24552011489868
"279" 21.2898006439209 26.5925998687744 7.38464021682739
"280" 17.5974006652832 23.2929992675781 5.14567995071411
"281" 19.0661106109619 23.8029632568359 7.30702972412109
"282" 18.3948154449463 24.6389236450195 7.11587715148926
"283" 19.1426181793213 25.4832210540771 6.98904991149902
"284" 19.9542007446289 26.0034008026123 6.87399005889893
"285" 19.0508003234863 25.335599899292 5.30280017852783
"286" 18.4058647155762 24.8435115814209 7.20283222198486
"287" 18.3400001525879 25.8215999603271 8.14177989959717
"288" 18.8897533416748 26.6601791381836 8.02957057952881
"289" 18.9722003936768 25.335599899292 5.38136005401611
"290" 18.3981094360352 26.1067867279053 7.22770643234253
"291" 18.3023986816406 26.8866481781006 8.70003604888916
"292" 18.1863765716553 27.3994960784912 8.79804515838623
"293" 18.6580009460449 27.0748996734619 6.01025009155273
"294" 17.8654499053955 26.8027877807617 7.81694555282593
"295" 18.1297035217285 27.35085105896 8.79611587524414
"296" 18.3605937957764 27.5383224487305 8.79890537261963
"297" 17.9923992156982 26.3568992614746 7.42391014099121
"298" 17.809642791748 27.6121082305908 8.48426914215088
"299" 32.3365936279297 38.5859909057617 6.22644376754761
"300" 31.6989994049072 38.0629005432129 7.00831985473633
"301" 31.5116004943848 37.9177017211914 7.29429006576538
"302" 33.5451011657715 35.469799041748 9.11295986175537
"303" 33.6719017028809 34.0814018249512 7.67474985122681
"304" 35.1164016723633 32.5238990783691 6.91328001022339
"305" 31.9743995666504 38.4622001647949 5.30415010452271
"306" 31.5565280914307 37.9576950073242 7.15510511398315
"307" 31.2294006347656 37.1632995605469 7.59673976898193
"308" 31.5785007476807 35.6285018920898 7.58163022994995
"309" 33.3804016113281 33.3504981994629 7.22663021087646
"310" 34.022632598877 32.2027473449707 6.91973638534546
"311" 30.7495002746582 38.101001739502 4.98234987258911
"312" 30.9965515136719 36.3409767150879 6.4235315322876
"313" 30.8366069793701 36.6931991577148 7.38464021682739
"314" 31.3132991790771 35.7495803833008 7.41437196731567
"315" 31.8561000823975 34.3306999206543 7.18824005126953
"316" 32.562198638916 32.402400970459 6.75654983520508
"317" 32.7988014221191 31.4633007049561 6.67759990692139
"318" 29.6291999816895 37.8265991210938 4.36007976531982
"319" 29.8041343688965 36.5657272338867 6.65858602523804
"320" 30.0098991394043 36.7267990112305 7.03111982345581
"321" 30.4419994354248 36.0197982788086 6.78889989852905
"322" 30.8968162536621 34.0375595092773 6.99191951751709
"323" 31.5479221343994 32.5652542114258 6.75607395172119
"324" 32.0230941772461 31.2533683776855 6.57136344909668
"325" 28.784200668335 37.551399230957 4.48628997802734
"326" 29.0907192230225 35.8489189147949 5.85271978378296
"327" 28.902099609375 35.5293006896973 7.07474994659424
"328" 29.1223201751709 34.2867202758789 7.36801481246948
"329" 29.7222003936768 32.8292999267578 6.63781023025513
"330" 30.7955532073975 31.5200710296631 6.49220657348633
"331" 27.6530990600586 34.8805999755859 5.42063999176025
"332" 28.0065994262695 35.1568756103516 5.65632009506226
"333" 27.4063377380371 35.1501617431641 7.15692901611328
"334" 28.6848793029785 33.2237014770508 6.71687984466553
"335" 29.2373390197754 32.2466087341309 6.44191980361938
"336" 30.1725959777832 30.8503074645996 6.32411289215088
"337" 27.0245990753174 34.7627983093262 5.42063999176025
"338" 26.5925998687744 34.6450004577637 5.57776021957397
"339" 26.7103996276855 34.4878005981445 6.91328001022339
"340" 27.3197174072266 33.1603584289551 6.75615978240967
"341" 28.2519493103027 31.8035373687744 6.11796283721924
"342" 29.2742443084717 30.4268970489502 6.24546480178833
"343" 26.0262336730957 33.6961288452148 5.18706893920898
"344" 25.6153182983398 33.9496154785156 5.54638528823853
"345" 25.3577995300293 34.0556983947754 7.02562999725342
"346" 26.6055507659912 32.1011085510254 6.65527153015137
"347" 27.6179008483887 31.3169002532959 6.1276798248291
"348" 28.8072185516357 29.6414489746094 6.3633599281311
"349" 23.9214992523193 33.1916007995605 4.0065598487854
"350" 24.47585105896 33.4380645751953 5.85357999801636
"351" 24.1144409179688 33.4945487976074 6.93020296096802
"352" 24.8442611694336 32.560001373291 7.14902400970459
"353" 24.9820995330811 32.0525016784668 6.32407999038696
"354" 26.0426006317139 29.263599395752 6.52048015594482
"355" 26.4747009277344 28.3208999633789 6.44191980361938
"356" 23.735200881958 33.1862983703613 4.00391006469727
"357" 23.0011081695557 32.763801574707 6.12767505645752
"358" 22.7709732055664 33.2688751220703 6.94223165512085
"359" 23.0874729156494 32.456657409668 6.65960168838501
"360" 23.5063209533691 31.0127792358398 5.54025602340698
"361" 24.8250007629395 28.9885997772217 6.44191980361938
"362" 24.9034996032715 27.8495006561279 6.3633599281311
"363" 22.5860004425049 32.4059982299805 4.12440013885498
"364" 21.7919845581055 32.2862701416016 6.68273496627808
"365" 21.7151927947998 32.438591003418 6.75615978240967
"366" 22.1156539916992 31.2716693878174 6.87378454208374
"367" 22.7052001953125 30.1537284851074 5.6635160446167
"368" 22.7500991821289 28.2614002227783 5.26520013809204
"369" 21.00417137146 31.2979335784912 4.48739337921143
"370" 21.0202159881592 31.7054443359375 6.63969850540161
"371" 20.782600402832 31.9406566619873 6.71687984466553
"372" 21.2247295379639 30.3596343994141 6.11637353897095
"373" 21.1895751953125 29.2616424560547 5.53859281539917
"374" 21.0699996948242 28.2805995941162 5.73053979873657
"375" 20.1898994445801 30.3696002960205 4.60449981689453
"376" 19.9569892883301 30.8997344970703 6.52783727645874
"377" 19.9209060668945 31.2399673461914 6.67808628082275
"378" 19.558650970459 29.330171585083 6.05364036560059
"379" 19.5716037750244 28.2674827575684 6.63522481918335
"380" 19.7068996429443 27.9302005767822 7.05804014205933
"381" 20.111400604248 30.2849006652832 4.63503980636597
"382" 19.1617126464844 29.9487361907959 5.97370433807373
"383" 18.9970321655273 29.2022533416748 6.91051292419434
"384" 18.2247447967529 28.757022857666 7.74494457244873
"385" 18.6106586456299 27.9035987854004 8.46150493621826
"386" 19.1281394958496 28.4964714050293 5.0233211517334
"387" 18.6880779266357 28.7841129302979 6.95972394943237
"388" 18.3092136383057 28.7587337493896 8.92589282989502
"389" 18.8936424255371 28.095796585083 5.37504053115845
"390" 17.9170322418213 28.1286602020264 8.20628547668457
