"V1" "V2" "V3"
"1" 46522.63671875 36744.609375 11810.9306640625
"2" 45674.8032 34917.7592 10797.4768
"3" 45082.611 32725.9643 10987.3086
"4" 44489.3029 30532.3144 11135.153
"5" 43718.1163 28457.8213 11663.9998
"6" 43196.2635 26332.5474 11453.5994
"7" 42614.3671 24195.0261 11770.8092
"8" 42125.0034 21985.9848 12133.126
"9" 41347.3424 19897.643 12123.1978
"10" 40520.3557 17790.2089 12477.3563
"11" 39631.0663 15724.6501 12825.9322
"12" 38794.7498 13599.4037 12841.3359
"13" 37866.6952 11509.4458 12735.0948
"14" 37301.0717 9312.9737 12427.6064
"15" 36264.605 7529.2636 11585.8279
"16" 34684.78125 6187.2294921875 10649.619140625
"17" 41580.37109375 51472.046875 9359.966796875
"18" 42672.0735 51177.3211 9618.8324
"19" 43793.7348 51280.9315 9549.8563
"20" 44857.1108 51723.43 9378.2015
"21" 45989.4467 51917.2976 9209.2988
"22" 47094.4589 52140.1619 9446.2375
"23" 47999.0971 52731.285 9383.203
"24" 47976.5425 53700.7956 8752.0597
"25" 47173.269 53957.6025 8068.1581
"26" 46053.1291 53911.3717 7870.6972
"27" 45081.3415 53416.1452 8137.6942
"28" 44005.4492 52996.8258 8254.163
"29" 42929.6436 52603.6085 8409.4243
"30" 41895.3881 52446.619 8801.757
"31" 46522.63671875 36744.609375 11810.9306640625
"32" 36587.25 28567.853515625 16323.8125
"33" 42360.7890625 20991.525390625 25422.806640625
"34" 41799.8754 20997.6859 27922.764
"35" 40446.997 22807.663 29564.8866
"36" 40982.9286 24631.45 31357.8375
"37" 42990.3458 25991.0723 32393.132
"38" 44570.4377 27458.5249 33683.9101
"39" 44858.7359 29788.8308 34684.7316
"40" 46553.5694 31841.5427 35127.245
"41" 48443.4112 33801.4344 34707.2399
"42" 50145.415 35806.6627 33861.1222
"43" 50988.8206 37941.8649 32354.1436
"44" 51178.0375 39226.6374 29936.0852
"45" 51629.9097 39517.5526 27214.5063
"46" 51675.9247 38970.4021 24495.6331
"47" 51008.4805 37843.0707 22031.002
"48" 49947.6539 36186.3352 20076.9445
"49" 48749.5053 34281.7428 18447.2083
"50" 47506.2589 32070.2446 17365.7743
"51" 45977.5408 29889.7313 16720.9326
"52" 44700.5253 27574.0889 17293.9902
"53" 43628.0238 25336.0221 18554.844
"54" 43021.327 23633.8559 20544.9759
"55" 42691.058 22312.6907 22983.8912
"56" 38786.18359375 38987.80859375 15781.53125
"57" 37900.3025 38513.2574 15892.5515
"58" 37448.2653 37609.7644 15903.9393
"59" 36976.7094 36699.735 16070.3802
"60" 36484.5008 35800.1477 16264.6053
"61" 35940.3863 34909.6079 16385.4916
"62" 35428.1431 34036.2631 16595.4838
"63" 34906.622 33170.331 16579.8608
"64" 34107.6694 32516.3357 16676.5732
"65" 33145.9375 32152.912109375 16881.048828125
"66" 38786.18359375 38987.80859375 15781.53125
"67" 34840.83203125 11823.568359375 22022.90625
"68" 33145.9375 32152.912109375 16881.048828125
"69" 34840.83203125 11823.568359375 22022.90625
"70" 35207.5811 13183.8985 25097.3249
"71" 35396.9318 15685.6651 27440.5703
"72" 35517.1922 18403.5625 29509.9395
"73" 35562.0998 21457.2462 31068.3004
"74" 35713.2648 24301.7203 32918.5941
"75" 35596.951 27120.444 34843.9982
"76" 35263.5809 30098.9488 36470.3432
"77" 35428.3597 33367.2212 37419.2027
"78" 35205.8381 36690.944 38239.2697
"79" 34912.9937 40034.3818 38907.1774
"80" 34769.8242 43409.1465 39418.686
"81" 34613.2975 46807.7414 39287.5211
"82" 34189.7544 50215.9395 39107.4816
"83" 33404.9872 53544.753 39070.2849
"84" 33141.628 56969.3746 39072.5131
"85" 33161.9785 60403.3291 38971.935
"86" 32788.1546 63786.8583 38839.978
"87" 32938.88671875 66727.78125 37353.84375
"88" 32208.46875 60056.11328125 18166.689453125
"89" 32938.88671875 66727.78125 37353.84375
"90" 34684.78125 6187.2294921875 10649.619140625
"91" 19214.86328125 33877.6171875 13652.6328125
"92" 20143.0964 31599.4882 13059.4722
"93" 21206.4472 29298.1183 13475.9566
"94" 22353.4636 27036.9822 13896.2649
"95" 23665.4075 24811.8259 14110.7691
"96" 24977.3515 22586.6696 14325.2734
"97" 26289.2954 20361.5133 14539.7776
"98" 27495.6714 18192.0242 15176.2571
"99" 28403.4954 15970.2137 14697.8824
"100" 29575.2185 13733.7051 14473.5029
"101" 30522.8003 11523.563 13724.7542
"102" 31642.7517 9364.5171 12859.5352
"103" 32883.134 7244.2969 12037.8126
"104" 34684.78125 6187.2294921875 10649.619140625
"105" 19214.86328125 33877.6171875 13652.6328125
"106" 30521.931640625 28003.439453125 16979.47265625
"107" 27290.01171875 20464.55078125 25630.6484375
"108" 27116.4908 20513.9193 28352.3338
"109" 27241.0755 21760.9598 30768.9839
"110" 26585.0091 23315.7763 32952.5138
"111" 26010.5519 25234.8527 34845.9037
"112" 25686.2363 27516.7853 36342.2062
"113" 25046.8847 30010.8885 37354.8283
"114" 22854.1869 31648.9269 37595.2012
"115" 20666.9694 33143.0032 36967.5038
"116" 19182.2653 35150.5623 35817.9691
"117" 18178.7087 36751.3789 33960.5497
"118" 16979.586 37177.7242 31550.8255
"119" 16310.1712 36862.0784 28879.44
"120" 16392.7979 35999.3955 26288.1335
"121" 17054.8669 34642.0225 23957.298
"122" 18174.7119 33184.0746 21892.5525
"123" 19583.1542 31416.4784 20284.6288
"124" 20771.714 29086.7746 19470.6882
"125" 22213.1298 26724.7278 19220.1698
"126" 23736.4041 24495.7516 19729.6524
"127" 25188.9791 22489.0138 20900.5787
"128" 26240.2865 21475.5364 23264.2384
"129" 27366.888671875 37440.85546875 17181.09375
"130" 28175.2832 37035.5464 17056.4985
"131" 28889.792 36513.9323 17277.0615
"132" 29413.3532 35769.3991 17292.7197
"133" 29804.5333 34938.0739 17301.9332
"134" 30213.7822 34124.0033 17226.1756
"135" 30836.2726 33497.6708 17065.9688
"136" 31479.2198 32872.1235 17017.9164
"137" 32255.421 32386.1724 16914.6192
"138" 33145.9375 32152.912109375 16881.048828125
"139" 27366.888671875 37440.85546875 17181.09375
"140" 43400.70703125 52485.90234375 10041.8203125
"141" 43603.77734375 52820.84375 9694.1376953125
"142" 43769.82421875 53369.58203125 9123.8427734375
"143" 43848.4296875 53365.57421875 8922.2490234375
"144" 44139.47265625 53537.734375 8577.265625
"145" 43848.71875 52349.5 9970.7109375
"146" 43998.1328125 52800.015625 9734.9140625
"147" 44152 52908.19921875 9502.2998046875
"148" 44264.33203125 53383.15625 8830.9423828125
"149" 44459.9609375 53475.1171875 8673.65625
"150" 44233.45703125 52274.984375 9767.134765625
"151" 44478 52324.69921875 9525.1298828125
"152" 44347.30078125 52907.5 9507.990234375
"153" 44591.9375 53437.16796875 8767.7822265625
"154" 44938.51171875 53487.02734375 8652.3935546875
"155" 44537.62890625 52182.5390625 9768.841796875
"156" 44773.6328125 52783.78125 9472.9619140625
"157" 44880.34765625 52793.53125 9408.2578125
"158" 45176.4765625 53380.10546875 8802.078125
"159" 45311.265625 53418.81640625 8656.0146484375
"160" 44982.96484375 52212.8984375 9621.1689453125
"161" 45140.52734375 52671.2734375 9329.9501953125
"162" 45201 52676.6015625 9260.9599609375
"163" 45486.97265625 53294.92578125 8984.08984375
"164" 45685.625 53548.328125 8683.5361328125
"165" 45294.16015625 52411.86328125 9500.513671875
"166" 45483.46875 52769.63671875 9308.564453125
"167" 45609 53141.19921875 9122.0703125
"168" 45764.265625 53308.82421875 8939.2490234375
"169" 45877.76171875 53637.66015625 8750.15234375
"170" 45743.8359375 52451.234375 9426.4501953125
"171" 45711.125 52693.10546875 9325.3525390625
"172" 45933.875 53231.61328125 8988.05078125
"173" 46066.0625 53688.69140625 8823.2861328125
"174" 46069.9609375 52508.05859375 9554.08984375
"175" 46070.30078125 52792.3984375 9563.0302734375
"176" 46206.9453125 53111.0390625 9310.8037109375
"177" 46180.48828125 53552.06640625 8991.2578125
"178" 46334.9140625 52430.14453125 9680.9609375
"179" 46362.55859375 52877.7421875 9566.41796875
"180" 46341.1328125 53168.609375 9309.0361328125
"181" 46405.34375 53631.21484375 9111.98828125
"182" 46586.29296875 52619.02734375 9782.2783203125
"183" 46619.03515625 52900.23828125 9568.890625
"184" 46616.28125 53184.9453125 9376.9375
"185" 46603.7578125 53661.12890625 9162.3896484375
"186" 46911.125 52892.98828125 9781.185546875
"187" 46863.16015625 53208.48828125 9598.9853515625
"188" 46906.86328125 53588.12109375 9533.0712890625
"189" 46955.57421875 36869.49609375 13477.373046875
"190" 47822.9609375 37855.12890625 15947.703125
"191" 47086.8984375 38534.6015625 17520.30078125
"192" 43855.65234375 37958.49609375 18520.548828125
"193" 42269.984375 37933.1484375 17322.96875
"194" 40957.48828125 38291.453125 16314.791015625
"195" 39614.92578125 38471.515625 15857.984375
"196" 45761.15234375 35605.359375 12256.97265625
"197" 46938.65234375 36398.8203125 14603.0654296875
"198" 46635.82421875 36810.67578125 17310.3046875
"199" 42981.9296875 36762.1484375 17122.69921875
"200" 41256.77734375 37132.5390625 16137.5947265625
"201" 39658.53125 37319.33984375 15719.861328125
"202" 45405.328125 34387.06640625 12093.671875
"203" 45656.0625 35284.37109375 13850.005859375
"204" 45998.33984375 35878.11328125 16179.3896484375
"205" 43560.27734375 35886.1328125 16907.16015625
"206" 41134.0703125 36097.83984375 15917.1826171875
"207" 39682.26953125 36292.72265625 15634.216796875
"208" 38334.328125 36648.47265625 16012.328125
"209" 45082.515625 33322.6484375 12413.7060546875
"210" 45236.38671875 34170.90625 14092.8486328125
"211" 44861.046875 34832.34765625 16237.662109375
"212" 42311.921875 34715.25390625 16358.9560546875
"213" 40319.92578125 35098.54296875 15619.9833984375
"214" 38558.2265625 35710.72265625 16188.9462890625
"215" 44658.5390625 32015.978515625 12370.9111328125
"216" 44788.265625 32697.1875 13707.5322265625
"217" 44888.56640625 33295.75 15400.654296875
"218" 42588.91796875 33611.8984375 16156.3447265625
"219" 40583.19921875 33886.98046875 15611.6787109375
"220" 39265.1015625 34366.5859375 15909.189453125
"221" 36909.48046875 34904.3828125 16348.9208984375
"222" 44209.86328125 30551.205078125 12421.4716796875
"223" 44313.69921875 31017.26953125 13389.6669921875
"224" 44346.45703125 31622.130859375 14866.4296875
"225" 42452.36328125 32242.1015625 15954.6279296875
"226" 40634.83203125 32408.677734375 15543.9169921875
"227" 39065.53125 32775.28125 16111.1650390625
"228" 36989.37890625 33597.1328125 16586.6640625
"229" 43670.16796875 28919.462890625 12495.994140625
"230" 43700.69140625 29456.744140625 13945.6171875
"231" 43270.08984375 30125.693359375 15229.3369140625
"232" 41199.8359375 30563.796875 15637.5341796875
"233" 39663.19921875 30996.6328125 15675.25
"234" 38444.6796875 31638.337890625 16333.7998046875
"235" 36265.17578125 32636.1171875 16587.09375
"236" 42993.7109375 27069.744140625 12810.7978515625
"237" 42996.9453125 27835.111328125 14086.4443359375
"238" 42488.30859375 28645.451171875 15481.5615234375
"239" 40532.1640625 29362.31640625 15498.9501953125
"240" 38989.1640625 29729.701171875 15839.814453125
"241" 37301.1015625 30749.875 16604.466796875
"242" 42443.52734375 25429.0703125 13038.7353515625
"243" 42452.7890625 26109.03125 13890.736328125
"244" 41959.3203125 27116.025390625 15105.3408203125
"245" 40212.55859375 27952.7109375 15525.1015625
"246" 39090.1015625 28427.41015625 15602.328125
"247" 38162.97265625 28734.7265625 15963.447265625
"248" 36680.515625 29324.384765625 16457.861328125
"249" 41770.99609375 23810.611328125 13279.5859375
"250" 41594.9140625 24761.29296875 14425.671875
"251" 40161 26267.69921875 15759.400390625
"252" 39028.90625 27143.765625 15437.0205078125
"253" 38321.17578125 27318.552734375 15639.14453125
"254" 37001.30859375 28329.3828125 16151.0732421875
"255" 35901.35546875 28975.09765625 16385.55859375
"256" 41285.0625 21719.3515625 13173.7177734375
"257" 40895.76953125 23220.322265625 14558.052734375
"258" 40125.98046875 24119.01171875 16238.28125
"259" 38437.36328125 26057.099609375 15392.125
"260" 37662.8515625 26559.0625 15604.802734375
"261" 36245.88671875 28152.125 16229.322265625
"262" 34952.9765625 29734.2734375 16438.048828125
"263" 40807.4921875 20645.095703125 13211.23046875
"264" 40496.1953125 22394.640625 15580.28125
"265" 38650.609375 24129.13671875 16260.0322265625
"266" 37052.640625 25850 15633.0400390625
"267" 36176.55078125 27065.0234375 16051.1630859375
"268" 34742.140625 29131.802734375 16433.900390625
"269" 39939.07421875 18728.146484375 13493.603515625
"270" 39788.2734375 20457.3828125 15321.74609375
"271" 38769.5625 22861.1796875 15616.0556640625
"272" 37093.86328125 24417.095703125 16437.517578125
"273" 35895.01171875 25833.93359375 15981.9287109375
"274" 34789.97265625 28183.89453125 16429.88671875
"275" 39386.15625 17197.900390625 14378.3212890625
"276" 38932.7578125 19597.017578125 16041.916015625
"277" 36658.8515625 22627.505859375 15548.9931640625
"278" 35336.46484375 25164.171875 16096.4345703125
"279" 34200.66015625 28168.66796875 16321.638671875
"280" 38423.6328125 14506.841796875 13793.365234375
"281" 38144.57421875 16938.580078125 15615.181640625
"282" 36688.44921875 20304.330078125 15368.330078125
"283" 35565.734375 22449.05859375 15877.880859375
"284" 34419.3984375 26222.37890625 16266.994140625
"285" 37932.6640625 13101.642578125 13574.0107421875
"286" 37019.91796875 16272.7392578125 15623.7138671875
"287" 36507.69921875 18949.19921875 16250.900390625
"288" 34943.19140625 22044.0625 16141.6787109375
"289" 37363.515625 11695.5634765625 13468.6162109375
"290" 36160.05859375 14468.4609375 15834.8271484375
"291" 35373 17211.19921875 16110.099609375
"292" 34761.47265625 19593.208984375 15965.5087890625
"293" 36916.6328125 10249.5205078125 13182.96875
"294" 37299.14453125 11752.1279296875 14045.091796875
"295" 35550.1015625 14267.318359375 16090.09375
"296" 34248.4609375 16532.150390625 16396.31640625
"297" 36769.015625 9620.056640625 13195.392578125
"298" 35588.8125 12550.708984375 16485.744140625
"299" 19492.66796875 34520.7109375 15721.9345703125
"300" 18862.912109375 35324.453125 18511.5546875
"301" 19843.193359375 36450.78515625 20263.564453125
"302" 22820.61328125 36102.2265625 20450.5625
"303" 24225.083984375 36462.75 18515.392578125
"304" 26226.08984375 36772.3359375 17210.404296875
"305" 20146.6640625 33370.6015625 14460.6494140625
"306" 19629.96484375 34320.64453125 17340.26953125
"307" 20582.00390625 35031.375 19892.470703125
"308" 23643.572265625 35312.42578125 18707.412109375
"309" 25257.09765625 35703.7421875 17531.09375
"310" 27248.376953125 36200.359375 17073.525390625
"311" 20750.357421875 32622.1953125 14545.2666015625
"312" 20614.41796875 33371.046875 16530.92578125
"313" 20862.62890625 34315.10546875 18926.890625
"314" 23311.587890625 34639.953125 18719.99609375
"315" 25043.9140625 34886.671875 17597.21484375
"316" 26938.07421875 35189.28515625 17135.619140625
"317" 28322.048828125 35461.6484375 17117.62890625
"318" 21038.546875 31496.169921875 14707.880859375
"319" 21236.19140625 32369.224609375 16891.875
"320" 21769.8359375 33179.6796875 18471.470703125
"321" 23497.43359375 33455.703125 18435.95703125
"322" 25278.748046875 33761.95703125 17393.228515625
"323" 27056.876953125 34091.16796875 17201.705078125
"324" 28712.76953125 34449.98828125 17412.517578125
"325" 21622.955078125 30293.33203125 14942.361328125
"326" 21874.4140625 30826.751953125 16456.08203125
"327" 23008.7265625 31656.3515625 18137.09375
"328" 25144.0859375 32201.013671875 17465.56640625
"329" 26947.66796875 32466.875 17142.021484375
"330" 28763.591796875 33044.4765625 17562.736328125
"331" 22862.3203125 28338.22265625 15813.126953125
"332" 23355.546875 29613.861328125 17373.158203125
"333" 24241.880859375 30424.75 17774.654296875
"334" 27001.626953125 31388.861328125 17078.0625
"335" 27972.251953125 31558.21484375 17469.486328125
"336" 29765.099609375 32296.5 17382.80078125
"337" 24103.52734375 27115.369140625 16550.373046875
"338" 24508.51953125 28416.775390625 17369.134765625
"339" 25324.06640625 29355.720703125 17382.091796875
"340" 27418.822265625 30175.255859375 17089.837890625
"341" 28925.271484375 30627.759765625 17479.185546875
"342" 30744.486328125 31362.0546875 17195.27734375
"343" 24886.30078125 25566.015625 16279.19921875
"344" 25144.484375 26609.80859375 16979.4453125
"345" 25456.9765625 27832.015625 17305.466796875
"346" 28617.572265625 29160.021484375 17120.880859375
"347" 30360.982421875 29688.48828125 17289.966796875
"348" 31817.5234375 30556.5625 16755.759765625
"349" 25852.341796875 24423.4453125 16533.580078125
"350" 26055.7890625 25139.091796875 16793.390625
"351" 25831.044921875 26060.48828125 17231.63671875
"352" 27989.861328125 27444.55859375 16752.671875
"353" 29609.421875 28273.099609375 16988.25
"354" 31023.96484375 28677.525390625 16980.375
"355" 31997.21484375 29856.84375 16774.1953125
"356" 27067.45703125 21779.607421875 16383.1484375
"357" 26793.36328125 23929.28515625 16802.07421875
"358" 26759.375 23944.19921875 17344.205078125
"359" 28161 25534.400390625 16663.80078125
"360" 30408.201171875 27479.357421875 16809.12890625
"361" 31523.109375 28456.513671875 16843.8671875
"362" 32519.9453125 30061.205078125 16577.890625
"363" 27669.08203125 20568.94921875 16065.7958984375
"364" 27811.216796875 21585.04296875 16458.712890625
"365" 28048.822265625 22632.259765625 17755.9140625
"366" 30076.099609375 23905 17674.80078125
"367" 30943.04296875 26438.654296875 16605.595703125
"368" 32273.337890625 28306.73828125 16678.958984375
"369" 28393.208984375 18615.900390625 15772.6083984375
"370" 28616.759765625 19383.5703125 16187.9228515625
"371" 28860.30078125 21363.30078125 16481.400390625
"372" 30960.359375 23955.740234375 16892.53515625
"373" 31747.77734375 24995.236328125 16530.23046875
"374" 32837.578125 27220.42578125 16396.873046875
"375" 29327.966796875 16012.333984375 15512.3798828125
"376" 29507.05859375 17307.96875 16401.552734375
"377" 29845.134765625 19010.43359375 16139.666015625
"378" 31814.599609375 21963.099609375 16163.900390625
"379" 32622.419921875 23547.158203125 16499.048828125
"380" 33064.39453125 25411.2734375 16638.375
"381" 30483.806640625 13132.7333984375 14599.6484375
"382" 30951.96875 15008.7216796875 16400.783203125
"383" 31690.267578125 16785.013671875 16576.7265625
"384" 32336.75 19616.244140625 15974.01953125
"385" 32681.400390625 21124.80078125 16269.900390625
"386" 31205.875 11551.0078125 14009.7978515625
"387" 32460.064453125 13811.2080078125 16341.43359375
"388" 32885.78125 17113.75 16793.66015625
"389" 32347.9375 9647.0966796875 13392.3056640625
"390" 33134.859375 13233.1376953125 16449.068359375
