"V1" "V2" "V3"
"1" 21.5259990692139 14.3282871246338 9.96915626525879
"2" 21.0745 14.9092 9.6025
"3" 20.576 15.3013 8.9796
"4" 20.1048 15.4826 8.2515
"5" 19.6063 15.5972 7.5262
"6" 19.0773 15.6325 6.8109
"7" 18.5772 15.6296 6.0806
"8" 18.0607 15.5624 5.3597
"9" 17.5785 15.4138 4.6408
"10" 17.0601 15.2484 3.9631
"11" 16.566 15.2237 3.2507
"12" 16.0415 15.1876 2.5322
"13" 15.4643 15.3232 1.871
"14" 14.7465 15.2749 1.3772
"15" 14.0715 14.817 1.0712
"16" 13.2259130477905 14.5775346755981 0.97262978553772
"17" 21.5089912414551 17.2137794494629 20.2521514892578
"18" 22.0552 17.0209 20.2449
"19" 22.6185 16.8761 20.3623
"20" 23.1775 16.9343 20.128
"21" 23.7349 17.0834 19.9252
"22" 24.2558 17.3359 19.9532
"23" 24.3979 17.7095 20.3006
"24" 24.2493 18.0031 20.8165
"25" 23.7021 17.9311 21.0532
"26" 23.2109 17.6583 21.2726
"27" 22.6999 17.5705 21.4738
"28" 22.1194 17.7428 21.4827
"29" 21.6735 17.829 21.1698
"30" 21.3722 17.5845 20.7122
"31" 21.5259990692139 14.3282871246338 9.96915626525879
"32" 16.6400203704834 14.2035903930664 7.02656698226929
"33" 17.1727752685547 6.85903835296631 4.61005640029907
"34" 17.5003 6.2872 5.6236
"35" 17.8994 5.8444 6.6755
"36" 18.3131 5.5127 7.7557
"37" 18.9093 5.5336 8.7997
"38" 19.782 5.7389 9.5971
"39" 20.5462 6.0359 10.4767
"40" 21.2315 6.5788 11.301
"41" 21.8009 7.461 11.8472
"42" 22.3158 8.5288 11.7955
"43" 22.4079 9.7111 11.5892
"44" 22.3433 10.7977 11.0914
"45" 22.051 11.7182 10.368
"46" 21.5178 12.4711 9.6117
"47" 20.8179 12.9152 8.7462
"48" 20.1823 13.3197 7.8033
"49" 19.4783 13.361 6.8314
"50" 18.7356 12.9564 5.9738
"51" 18.0919 12.3362 5.1869
"52" 17.6353 11.4548 4.4987
"53" 17.3743 10.3624 4.0873
"54" 17.2443 9.1691 3.9963
"55" 17.136 7.9733 4.1448
"56" 19.2472839355469 13.2175445556641 11.7831993103027
"57" 18.8258 13.691 10.6664
"58" 18.5249 14.1522 9.514
"59" 17.8873 14.3102 8.4027
"60" 17.1426 14.3218 7.3602
"61" 16.6527 14.4689 6.1774
"62" 16.1192 14.1576 5.0564
"63" 15.5477 13.7576 3.9721
"64" 14.6356 13.1781 3.3717
"65" 13.4617671966553 12.6546239852905 3.2519474029541
"66" 19.2472839355469 13.2175445556641 11.7831993103027
"67" 13.1217727661133 7.79684257507324 0.38294792175293
"68" 13.4617671966553 12.6546239852905 3.2519474029541
"69" 13.1217727661133 7.79684257507324 0.38294792175293
"70" 13.179 6.6722 1.6436
"71" 13.2151 5.81 3.1092
"72" 13.1167 5.3234 4.7333
"73" 13.146 5.0782 6.4172
"74" 13.1521 4.9283 8.1076
"75" 13.2318 4.8101 9.8041
"76" 13.2721 4.4729 11.473
"77" 13.2196 4.305 13.1655
"78" 13.1615 4.099 14.8545
"79" 13.1573 3.9005 16.5407
"80" 13.1553 3.7523 18.2347
"81" 13.1244 3.7309 19.9359
"82" 13.2246 3.8652 21.6246
"83" 13.1497 4.0509 23.3107
"84" 13.1358 4.327 24.9858
"85" 13.154 4.4241 26.6701
"86" 13.1126 4.3046 28.3667
"87" 13.0486030578613 4.29139232635498 30.0606937408447
"88" 13.3480110168457 13.8289842605591 31.3917121887207
"89" 13.0486030578613 4.29139232635498 30.0606937408447
"90" 13.2259130477905 14.5775346755981 0.97262978553772
"91" 5.01455211639404 14.5001449584961 9.6011266708374
"92" 5.6498 14.9451 8.9834
"93" 6.2339 15.4682 8.4225
"94" 6.7703 15.6706 7.6136
"95" 7.358 15.7306 6.8168
"96" 7.9398 15.7765 6.0148
"97" 8.5506 15.6429 5.2474
"98" 9.1237 15.4969 4.4508
"99" 9.6774 15.315 3.6545
"100" 10.2552 15.2192 2.8882
"101" 10.8964 15.2138 2.1408
"102" 11.5868 15.3373 1.5154
"103" 12.3171 14.9325 1.1267
"104" 13.2259130477905 14.5775346755981 0.97262978553772
"105" 5.01455211639404 14.5001449584961 9.6011266708374
"106" 9.96457386016846 14.2304267883301 6.87378692626953
"107" 9.53571796417236 7.26524257659912 4.38649892807007
"108" 9.2738 6.4896 5.357
"109" 8.8758 5.9252 6.4083
"110" 8.4991 5.6718 7.594
"111" 7.8356 5.5617 8.6503
"112" 7.0166 5.7735 9.448
"113" 6.1805 6.0649 10.3638
"114" 5.5411 6.6287 11.3072
"115" 4.796 7.4667 11.9044
"116" 4.3855 8.654 11.8178
"117" 4.2533 9.8577 11.4458
"118" 4.1819 10.9713 10.8421
"119" 4.4715 11.9309 10.0658
"120" 5.0159 12.7559 9.2644
"121" 5.7637 13.2272 8.3833
"122" 6.5673 13.3492 7.4004
"123" 7.3484 13.3474 6.3959
"124" 8.1288 12.91 5.4956
"125" 8.8394 12.1284 4.8129
"126" 9.3017 11.0004 4.4465
"127" 9.462 9.7759 4.1443
"128" 9.5377 8.5125 4.12
"129" 7.08919525146484 13.3854131698608 11.6181926727295
"130" 7.5604 13.8387 10.5028
"131" 8.195 14.0918 9.376
"132" 8.5925 14.2769 8.1586
"133" 9.455 14.4713 7.2243
"134" 10.0891 14.4237 6.0789
"135" 10.6408 14.1524 4.9156
"136" 11.2098 13.6899 3.8283
"137" 12.2186 13.078 3.2994
"138" 13.4617671966553 12.6546239852905 3.2519474029541
"139" 7.08919525146484 13.3854131698608 11.6181926727295
"140" 21.6539993286133 17.4349994659424 20.4636001586914
"141" 21.6072998046875 17.4871006011963 20.5214996337891
"142" 21.6072998046875 17.4871006011963 20.5214996337891
"143" 21.6650619506836 17.7965793609619 20.9937324523926
"144" 21.7555999755859 17.8791999816895 21.1858005523682
"145" 21.8064994812012 17.2570991516113 20.3031005859375
"146" 21.7579002380371 17.4361991882324 20.5216999053955
"147" 21.7574043273926 17.4492492675781 20.5424499511719
"148" 21.8271236419678 17.7748069763184 21.0482921600342
"149" 22.0416393280029 17.7926063537598 21.2939376831055
"150" 21.9098682403564 17.1773586273193 20.2586536407471
"151" 21.963436126709 17.2552261352539 20.4250144958496
"152" 22.0097999572754 17.4465007781982 20.7287006378174
"153" 23.2264995574951 17.6917991638184 20.9599990844727
"154" 23.2293224334717 17.7435054779053 21.0756912231445
"155" 23.1259174346924 17.2415428161621 20.2958431243896
"156" 23.1623973846436 17.2835578918457 20.3179035186768
"157" 23.1767921447754 17.3301753997803 20.4015445709229
"158" 23.3726921081543 17.7882232666016 20.9577522277832
"159" 23.2557392120361 17.7588329315186 21.0755939483643
"160" 23.1504955291748 17.262092590332 20.2981452941895
"161" 23.1746997833252 17.2839393615723 20.3030204772949
"162" 23.1767997741699 17.3344993591309 20.4109992980957
"163" 23.2679767608643 17.7056064605713 20.9339714050293
"164" 23.226900100708 17.7420997619629 21.0757007598877
"165" 22.8052940368652 17.1280727386475 20.514232635498
"166" 22.8969230651855 17.2557392120361 20.6451358795166
"167" 22.9408645629883 17.3550205230713 20.7793121337891
"168" 23.2317008972168 17.6366004943848 20.8572006225586
"169" 23.043436050415 17.5753078460693 21.0648384094238
"170" 23.0926036834717 17.2207546234131 20.3105888366699
"171" 23.152738571167 17.3560428619385 20.5237045288086
"172" 23.1961936950684 17.5224628448486 20.7491798400879
"173" 23.212230682373 17.6930656433105 20.9929466247559
"174" 23.3669033050537 17.2877960205078 20.1644325256348
"175" 23.3598365783691 17.4138679504395 20.3463554382324
"176" 23.3822002410889 17.4349994659424 20.3577995300293
"177" 23.5320987701416 17.8069458007812 20.7722110748291
"178" 23.676586151123 17.2629337310791 20.0456352233887
"179" 23.6394710540771 17.498327255249 20.2606182098389
"180" 23.6541728973389 17.6787204742432 20.4997863769531
"181" 23.6506156921387 17.8679943084717 20.7627296447754
"182" 23.7823009490967 17.3882007598877 20.0783004760742
"183" 23.847900390625 17.533899307251 20.192699432373
"184" 23.8880653381348 17.7561721801758 20.4466018676758
"185" 23.8246364593506 17.9276733398438 20.740421295166
"186" 24.2971992492676 17.6891002655029 20.1518993377686
"187" 24.1060161590576 17.7985973358154 20.3696174621582
"188" 24.1498336791992 17.956729888916 20.6039810180664
"189" 21.2138996124268 14.0292997360229 9.93083953857422
"190" 21.3490009307861 13.6735000610352 10.0410995483398
"191" 21.3801040649414 13.6735000610352 10.0750198364258
"192" 21.3997993469238 13.6735000610352 10.0965003967285
"193" 21.3997993469238 13.6735000610352 10.0965003967285
"194" 19.3673992156982 13.370400428772 11.0348997116089
"195" 19.3724002838135 13.3229999542236 11.1560001373291
"196" 20.8339996337891 14.4359998703003 9.50004005432129
"197" 20.7884006500244 14.1267995834351 9.48731994628906
"198" 21.1348991394043 14.1309995651245 9.83257007598877
"199" 21.0748329162598 14.281270980835 9.7942361831665
"200" 20.9725475311279 14.3554944992065 9.68135643005371
"201" 19.0615997314453 13.826000213623 10.003999710083
"202" 20.1290512084961 14.1830701828003 8.98941040039062
"203" 20.3340034484863 14.2445640563965 9.06890201568604
"204" 20.3004703521729 13.560357093811 9.16038036346436
"205" 20.6583786010742 14.2031011581421 9.16854572296143
"206" 20.4340000152588 14.3851003646851 9.09138011932373
"207" 19.0083980560303 13.9592905044556 9.78779315948486
"208" 18.9598999023438 14.0087003707886 9.71016025543213
"209" 18.7228240966797 14.1275081634521 9.21008205413818
"210" 19.9300079345703 14.3041362762451 8.65561676025391
"211" 19.8310737609863 13.8858737945557 8.88222503662109
"212" 19.8227157592773 14.1328220367432 8.73542499542236
"213" 20.2663154602051 14.7917995452881 8.68518257141113
"214" 20.2859992980957 14.7917995452881 8.71055030822754
"215" 19.8481178283691 15.0442752838135 8.03343296051025
"216" 18.5656547546387 14.1514434814453 8.83036327362061
"217" 19.4533977508545 14.0112953186035 8.38959789276123
"218" 19.9868755340576 14.4478902816772 7.93404102325439
"219" 19.8749008178711 14.9951000213623 8.09854030609131
"220" 19.9098148345947 15.3001003265381 8.05604553222656
"221" 18.3688945770264 14.2499551773071 8.81792163848877
"222" 19.5017738342285 15.1389112472534 7.51616239547729
"223" 18.1467990875244 14.2327995300293 8.38580989837646
"224" 18.3492259979248 14.0016965866089 8.24409008026123
"225" 19.0388126373291 13.7082405090332 7.75775575637817
"226" 19.4813346862793 14.7865734100342 7.43618202209473
"227" 19.4599857330322 15.2962551116943 7.41649770736694
"228" 18.1104583740234 14.2791452407837 8.53048133850098
"229" 18.804500579834 14.7435998916626 6.84458017349243
"230" 17.8416004180908 14.239800453186 7.81940984725952
"231" 17.9449729919434 14.0357646942139 7.64504337310791
"232" 19.2308654785156 14.3484382629395 6.67871332168579
"233" 18.9874496459961 14.8986825942993 6.94742059707642
"234" 19.1687183380127 15.3001003265381 7.0097451210022
"235" 17.7908000946045 14.3231000900269 8.05502033233643
"236" 17.1049003601074 14.3851003646851 6.84124994277954
"237" 17.13330078125 14.3402004241943 6.85146999359131
"238" 17.5874996185303 13.8598308563232 6.89908361434937
"239" 18.7932758331299 14.280101776123 6.17628955841064
"240" 18.6511898040771 15.2169103622437 6.32459497451782
"241" 18.7501888275146 15.0398845672607 6.54327535629272
"242" 16.9206695556641 14.4389667510986 6.39815711975098
"243" 18.0127754211426 14.5287885665894 5.77423572540283
"244" 17.2042694091797 13.9565734863281 6.35439252853394
"245" 18.4163684844971 14.0278615951538 5.61255025863647
"246" 18.1180267333984 14.6109638214111 5.89847373962402
"247" 18.2888622283936 15.3204402923584 5.75344038009644
"248" 17.0230007171631 14.4342002868652 6.73089981079102
"249" 16.5205612182617 14.4077291488647 5.73903751373291
"250" 16.8717880249023 14.1849193572998 5.59425973892212
"251" 17.2196769714355 14.0597114562988 5.3189058303833
"252" 17.840539932251 14.3059463500977 4.83295583724976
"253" 17.7348003387451 15.2493000030518 4.97414016723633
"254" 17.7348003387451 15.2493000030518 4.97414016723633
"255" 16.5198516845703 14.4528951644897 6.05364847183228
"256" 16.2658996582031 14.1682357788086 5.0904598236084
"257" 16.302791595459 14.1270627975464 4.98519706726074
"258" 16.9890632629395 14.0765647888184 4.55201148986816
"259" 16.8941497802734 13.7032403945923 4.61801958084106
"260" 17.1224498748779 14.9967908859253 4.09304523468018
"261" 16.2995166778564 14.2228488922119 5.24038505554199
"262" 17.2030391693115 15.2262134552002 4.17531824111938
"263" 16.1006908416748 13.998574256897 4.49587917327881
"264" 16.0295715332031 13.8009958267212 4.58107089996338
"265" 17.0117435455322 13.7970104217529 3.38517117500305
"266" 16.5747337341309 13.9967699050903 3.20223426818848
"267" 16.3513660430908 14.5414600372314 3.17375254631042
"268" 15.7613344192505 13.8227806091309 3.90303444862366
"269" 15.703143119812 13.8298377990723 3.97314357757568
"270" 15.9312915802002 13.6502733230591 3.72306537628174
"271" 15.9380970001221 13.7804069519043 3.27235555648804
"272" 16.2739124298096 13.6729679107666 2.72295260429382
"273" 15.814019203186 13.9152002334595 2.69254994392395
"274" 15.1476001739502 13.4664001464844 3.64130997657776
"275" 15.3988981246948 13.5816335678101 3.40403699874878
"276" 15.3543939590454 13.5517616271973 3.38343071937561
"277" 15.8260078430176 13.6383457183838 2.75295329093933
"278" 15.0967998504639 13.9785003662109 2.02002000808716
"279" 14.2503385543823 12.9606733322144 3.4910728931427
"280" 15.4018001556396 14.6393003463745 2.02495002746582
"281" 15.249005317688 13.5166130065918 2.50594067573547
"282" 15.1350784301758 13.4528741836548 2.36604952812195
"283" 14.6895484924316 13.7268981933594 1.7955105304718
"284" 14.3705463409424 12.9637622833252 3.10937523841858
"285" 14.893500328064 14.8425998687744 1.58068001270294
"286" 14.6828994750977 13.1389312744141 3.10259342193604
"287" 14.3617162704468 12.8689241409302 2.2690122127533
"288" 13.9538459777832 12.6519174575806 2.42825484275818
"289" 14.3851003646851 14.5375995635986 1.35511004924774
"290" 14.0568513870239 12.7547292709351 2.71679615974426
"291" 13.7315692901611 12.5988941192627 2.33192992210388
"292" 13.487117767334 12.5510511398315 1.723668217659
"293" 13.6226997375488 14.1309995651245 1.15225005149841
"294" 13.2541437149048 12.6809072494507 1.87261736392975
"295" 13.5453290939331 12.4784698486328 2.00702571868896
"296" 13.3343992233276 12.4566192626953 2.34034514427185
"297" 13.2178001403809 13.6266002655029 1.21525001525879
"298" 13.2694358825684 12.5758543014526 2.24227070808411
"299" 6.70776987075806 13.3701000213623 10.2723999023438
"300" 5.79472017288208 13.1232995986938 10.2741003036499
"301" 5.79472017288208 13.1232995986938 10.2741003036499
"302" 5.0858998298645 13.3711004257202 10.1546001434326
"303" 5.79472017288208 13.1232995986938 10.2741003036499
"304" 7.10885000228882 13.833399772644 10.7130002975464
"305" 5.68479013442993 14.7917995452881 9.03744983673096
"306" 6.91589498519897 13.5681142807007 10.2365093231201
"307" 5.08349990844727 14.4352998733521 9.60041046142578
"308" 5.11843872070312 14.4000453948975 9.52249908447266
"309" 7.12290477752686 13.8064270019531 10.2468891143799
"310" 7.17122554779053 13.8321180343628 10.110631942749
"311" 6.10243988037109 15.2458000183105 8.92873001098633
"312" 7.37606000900269 13.9785003662109 9.59980964660645
"313" 7.17158985137939 13.8156490325928 9.81607723236084
"314" 5.79472017288208 14.4996004104614 8.93776035308838
"315" 6.0504298210144 15.1969995498657 8.93770980834961
"316" 7.59825611114502 14.1468820571899 9.55236721038818
"317" 7.67314004898071 14.1829996109009 9.49007034301758
"318" 6.36440944671631 15.1489171981812 8.29426193237305
"319" 6.59511518478394 14.3311147689819 8.54117393493652
"320" 6.61064624786377 13.9045162200928 8.62199115753174
"321" 6.14314937591553 14.4075517654419 8.25410461425781
"322" 6.37635040283203 14.8455495834351 8.380539894104
"323" 6.42197418212891 14.9534749984741 8.27684879302979
"324" 8.1329402923584 14.3149452209473 8.80581474304199
"325" 6.92765760421753 14.7473773956299 7.80473327636719
"326" 6.89128971099854 14.6507415771484 7.9215612411499
"327" 7.23675346374512 14.119873046875 7.98751926422119
"328" 6.80872774124146 14.5859069824219 7.53572034835815
"329" 6.88444662094116 15.1746463775635 7.58240175247192
"330" 8.28127098083496 14.3189964294434 8.4963903427124
"331" 7.52432250976562 14.5998582839966 7.24697780609131
"332" 7.51084089279175 14.5615224838257 7.31957340240479
"333" 7.69829654693604 14.1931114196777 7.34284973144531
"334" 7.35282373428345 15.0210733413696 6.99672698974609
"335" 7.29258012771606 15.2778234481812 6.9818263053894
"336" 8.64414024353027 14.3354997634888 7.93688011169434
"337" 8.96937561035156 14.3905849456787 7.32221603393555
"338" 7.99327564239502 14.4752569198608 6.73197507858276
"339" 8.13759708404541 14.0824489593506 6.73041391372681
"340" 7.88739442825317 14.4721593856812 6.47491359710693
"341" 7.86227130889893 14.7979907989502 6.61313152313232
"342" 9.14955997467041 14.4533004760742 7.28261995315552
"343" 9.44311141967773 14.4464797973633 6.63078451156616
"344" 8.359299659729 14.626181602478 6.0663743019104
"345" 8.78562068939209 14.0824518203735 6.27084732055664
"346" 8.48074436187744 14.4679737091064 5.97464227676392
"347" 8.353928565979 15.2866363525391 5.63311100006104
"348" 9.65009021759033 14.4902000427246 6.49759006500244
"349" 9.78375625610352 14.4347858428955 6.02670812606812
"350" 8.85398387908936 14.3939199447632 5.35525417327881
"351" 8.8834228515625 13.7281112670898 5.5059928894043
"352" 8.6592264175415 14.0176000595093 5.19046258926392
"353" 8.94322681427002 14.5424585342407 5.13584423065186
"354" 8.94968032836914 15.3508996963501 4.74936008453369
"355" 9.10566997528076 15.2493000030518 4.53468990325928
"356" 10.139328956604 14.2951374053955 5.32572412490845
"357" 9.35543918609619 14.2661294937134 4.67747783660889
"358" 9.79396724700928 13.8796577453613 4.90843915939331
"359" 9.11634635925293 13.6948671340942 4.21545267105103
"360" 9.66358852386475 14.1200265884399 4.35148572921753
"361" 9.68931007385254 14.9284257888794 3.75519585609436
"362" 10.0038652420044 14.757908821106 3.32466459274292
"363" 10.6237001419067 14.0378828048706 4.41561126708984
"364" 10.0425567626953 13.7490549087524 4.02645635604858
"365" 10.367787361145 13.7732000350952 4.23994016647339
"366" 9.70273780822754 13.6292695999146 3.27425169944763
"367" 10.0369501113892 13.9459857940674 3.22996234893799
"368" 11.0241050720215 13.7919654846191 3.84325814247131
"369" 10.9217357635498 13.8519678115845 3.9559850692749
"370" 10.4558629989624 13.9190511703491 3.30936288833618
"371" 10.7571926116943 13.7932109832764 3.65583038330078
"372" 10.9014492034912 13.4811611175537 3.13624572753906
"373" 11.362419128418 13.4889068603516 3.1802077293396
"374" 11.8943996429443 13.2393999099731 3.31028008460999
"375" 10.7895154953003 14.3788204193115 2.51736688613892
"376" 11.1229667663574 13.5930604934692 2.88345074653625
"377" 11.0819253921509 13.6111583709717 2.998042345047
"378" 11.6762170791626 13.2613353729248 2.77657985687256
"379" 12.1563491821289 13.4131689071655 1.69039416313171
"380" 12.5822801589966 13.0914335250854 1.55943036079407
"381" 11.2845001220703 14.707594871521 1.9222617149353
"382" 11.6911001205444 13.2890310287476 3.02446842193604
"383" 11.9963417053223 13.0970573425293 2.45844411849976
"384" 12.3933477401733 12.8149013519287 2.18992114067078
"385" 13.0759315490723 12.5858497619629 2.04284143447876
"386" 12.0978002548218 14.4359998703003 1.46809995174408
"387" 12.2651424407959 12.9336023330688 2.63975191116333
"388" 12.9472703933716 12.5744638442993 2.27727818489075
"389" 12.4535999298096 14.0292997360229 1.37563002109528
"390" 12.8251152038574 12.7525787353516 1.75507164001465
