"V1" "V2" "V3"
"1" 20.8648452758789 24.9261970520019 4.88910722732544
"2" 21.284 25.1549 4.2444
"3" 22.059 25.3336 3.9063
"4" 22.8874 25.4976 3.7893
"5" 23.7356 25.658 3.6982
"6" 24.5509 25.8889 3.5143
"7" 25.3741 26.1488 3.5737
"8" 26.1926 26.4305 3.6427
"9" 26.9393 26.7404 3.9141
"10" 27.7576 26.9207 4.1247
"11" 28.5968 27.0527 4.2974
"12" 29.4526 27.1305 4.3817
"13" 30.2982 27.0932 4.2788
"14" 31.1222 27.1278 4.4327
"15" 31.8328 26.826 4.3186
"16" 32.5385971069336 26.4415950775146 4.63329410552979
"17" 14.948076248169 18.4456043243408 1.85138511657715
"18" 14.7908 18.9732 1.8732
"19" 14.3504 19.2699 1.9283
"20" 13.854 19.5238 2.0017
"21" 13.4893 19.9546 1.9648
"22" 13.0907 20.3306 1.9726
"23" 12.6638 20.217 1.7871
"24" 12.433 19.8011 1.5055
"25" 12.6648 19.3525 1.3413
"26" 13.0187 18.9248 1.3225
"27" 13.2322 18.4258 1.1756
"28" 13.6001 18.0568 1.1047
"29" 14.0975 18.0064 1.2822
"30" 14.5527 18.1698 1.5544
"31" 20.8648452758789 24.9261970520019 4.88910722732544
"32" 27.2577285766602 24.9109840393066 4.52082443237305
"33" 27.5899677276611 26.7425422668457 11.0799264907837
"34" 26.9035 26.0806 11.7347
"35" 26.0441 25.4365 12.1481
"36" 25.1441 24.7991 12.4292
"37" 24.1556 24.215 12.5069
"38" 23.0274 24.164 12.4459
"39" 22.006 24.4103 12.0324
"40" 20.9876 24.2699 11.4965
"41" 20.1254 24.2224 10.7361
"42" 19.5809 24.3939 9.7442
"43" 19.5018 24.7573 8.6501
"44" 19.81 25.1395 7.6148
"45" 20.472 25.4291 6.7116
"46" 21.3369 25.4773 5.9438
"47" 22.3402 25.6222 5.3783
"48" 23.4149 25.8675 5.0655
"49" 24.53 26.1864 5.0173
"50" 25.6371 26.4543 5.2231
"51" 26.6337 26.769 5.6967
"52" 27.3445 26.953 6.5859
"53" 27.7443 27.1135 7.6541
"54" 27.7589 27.1438 8.811
"55" 27.7124 27.0274 9.9601
"56" 21.1923732757568 23.4631462097168 5.31278371810913
"57" 22.365 23.498 5.0962
"58" 23.5118 23.7507 4.7638
"59" 24.6164 24.1332 4.4443
"60" 25.776 24.5165 4.4056
"61" 26.9355 24.8938 4.4075
"62" 28.0073 25.4268 4.6241
"63" 29.076 25.6353 5.1811
"64" 30.1702 25.724 5.6927
"65" 31.0109786987305 25.1057472229004 6.28724479675293
"66" 21.1923732757568 23.4631462097168 5.31278371810913
"67" 32.3329162597656 26.9352912902832 11.2366428375244
"68" 31.0109786987305 25.1057472229004 6.28724479675293
"69" 32.3329162597656 26.9352912902832 11.2366428375244
"70" 31.6157 26.169 11.9955
"71" 30.844 25.253 12.5185
"72" 30.0374 24.2496 12.7355
"73" 29.1341 23.3002 12.8121
"74" 28.1786 22.3984 12.8129
"75" 27.2493 21.4859 12.9596
"76" 26.3382 20.5796 13.2306
"77" 25.37 19.7374 13.5072
"78" 24.4642 18.8087 13.6934
"79" 23.4961 17.9275 13.8107
"80" 22.5325 17.0517 13.8575
"81" 21.633 16.1015 13.8894
"82" 20.7384 15.1451 13.8181
"83" 19.8881 14.1561 13.7817
"84" 18.9308 13.2605 13.797
"85" 17.9693 12.3753 13.6926
"86" 17.0384 11.4746 13.5048
"87" 16.1878776550293 10.5532665252686 13.1202840805054
"88" 13.4547615051269 6.95339202880859 4.44263362884521
"89" 16.1878776550293 10.5532665252686 13.1202840805054
"90" 32.5385971069336 26.4415950775146 4.63329410552979
"91" 31.484676361084 15.2332162857056 5.16837549209595
"92" 31.5991 15.9306 4.744
"93" 31.7597 16.7104 4.3345
"94" 31.9593 17.5772 4.0747
"95" 32.1775 18.4654 4.0701
"96" 32.4318 19.3511 3.9961
"97" 32.6782 20.244 4.0286
"98" 32.8617 21.1408 4.1634
"99" 32.9232 22.047 4.3234
"100" 33.0787 22.956 4.368
"101" 33.1331 23.8728 4.4446
"102" 33.1176 24.768 4.3108
"103" 32.906 25.6583 4.3269
"104" 32.5385971069336 26.4415950775146 4.63329410552979
"105" 31.484676361084 15.2332162857056 5.16837549209595
"106" 31.0914497375488 21.1490364074707 4.68416595458984
"107" 32.8289642333984 22.3199100494385 10.9267082214356
"108" 32.2336 21.6571 11.7392
"109" 31.5827 20.7568 12.2463
"110" 30.7582 19.9583 12.6356
"111" 29.9657 19.0369 12.7815
"112" 29.6685 17.9612 12.8913
"113" 30.0003 16.8114 12.6757
"114" 30.1056 15.6705 12.2485
"115" 30.1486 14.6945 11.5321
"116" 30.3083 14.0702 10.51
"117" 30.7154 13.9003 9.3886
"118" 31.2319 14.1439 8.3259
"119" 31.565 14.8047 7.3629
"120" 31.7458 15.6618 6.5185
"121" 31.8766 16.6911 5.8892
"122" 32.2071 17.8098 5.5779
"123" 32.5392 18.9848 5.5696
"124" 32.7979 20.1516 5.7812
"125" 33.0187 21.1259 6.4758
"126" 33.2574 21.8782 7.3995
"127" 33.3371 22.1844 8.5774
"128" 33.2552 22.323 9.7781
"129" 29.1142044067383 15.0667228698731 5.75559425354004
"130" 29.5135 16.187 5.3934
"131" 29.9619 17.3326 5.0847
"132" 30.3255 18.5312 4.8736
"133" 30.784 19.6972 4.6972
"134" 31.0808 20.9281 4.6378
"135" 31.5903 22.0584 4.8552
"136" 31.9462 23.204 5.2367
"137" 31.8179 24.3391 5.7218
"138" 31.0109786987305 25.1057472229004 6.28724479675293
"139" 29.1142044067383 15.0667228698731 5.75559425354004
"140" 14.8297061920166 18.6584968566895 1.72508680820465
"141" 14.6490049362183 18.4532928466797 1.62171185016632
"142" 14.4766998291016 18.3560009002686 1.529629945755
"143" 14.2980003356934 18.1891002655029 1.40193998813629
"144" 13.8739995956421 18.0419998168945 1.16277003288269
"145" 14.78600025177 18.8836994171143 1.79718005657196
"146" 14.4401731491089 18.5896034240723 1.62087261676788
"147" 14.432900428772 18.5480995178223 1.59897994995117
"148" 14.1412000656128 18.3451995849609 1.42636001110077
"149" 13.6330471038818 18.0828380584717 1.09489631652832
"150" 14.5424890518188 19.086799621582 1.8487137556076
"151" 14.3241996765137 18.7406005859375 1.65246999263763
"152" 14.1989002227783 18.6993007659912 1.60706996917725
"153" 13.8418998718262 18.4750995635986 1.42088997364044
"154" 13.229100227356 18.4629993438721 1.10669004917145
"155" 14.0809679031372 19.5544757843018 1.80960190296173
"156" 13.9424476623535 19.600757598877 1.76967918872833
"157" 13.9063997268677 19.6128005981445 1.75928997993469
"158" 13.229100227356 18.4629993438721 1.10669004917145
"159" 13.229100227356 18.4629993438721 1.10669004917145
"160" 13.9063997268677 19.6128005981445 1.75928997993469
"161" 13.88853931427 19.6225280761719 1.75772571563721
"162" 13.8208751678467 19.6593856811523 1.75179958343506
"163" 12.9315996170044 19.0825996398926 1.30168998241425
"164" 13.2008876800537 18.4942035675049 1.12873661518097
"165" 13.8641557693481 19.6358108520508 1.75559020042419
"166" 13.8094425201416 19.6656131744385 1.75079822540283
"167" 13.7855997085571 19.6786003112793 1.74871003627777
"168" 13.1653680801392 19.4118690490723 1.58280098438263
"169" 12.9315996170044 19.0825996398926 1.30168998241425
"170" 13.5353565216064 19.5527744293213 1.83940172195435
"171" 13.7855997085571 19.6786003112793 1.74871003627777
"172" 13.1923999786377 19.4846992492676 1.60687005519867
"173" 12.9315996170044 19.0825996398926 1.30168998241425
"174" 13.3990449905396 19.7634963989258 1.80716371536255
"175" 13.2968082427979 19.6368865966797 1.70846092700958
"176" 13.7855997085571 19.6786003112793 1.74871003627777
"177" 12.893500328064 19.1630992889404 1.32300996780396
"178" 13.3078899383545 19.9772491455078 1.83580255508423
"179" 13.1704664230347 19.8173522949219 1.69000220298767
"180" 13.0784950256348 19.7043190002441 1.59576559066772
"181" 12.8535995483398 19.4127998352051 1.42220997810364
"182" 13.1468133926392 20.0710716247559 1.79535675048828
"183" 13.0084524154663 19.9420375823975 1.67559850215912
"184" 12.9266672134399 19.7550258636475 1.54991340637207
"185" 12.7746000289917 19.6625995635986 1.46475005149841
"186" 12.989857673645 20.0920848846436 1.74808585643768
"187" 12.7661275863647 19.9524307250977 1.61695444583893
"188" 12.6641731262207 19.8063907623291 1.51476907730103
"189" 21.2454681396484 24.7116737365723 5.07650136947632
"190" 21.0076541900635 24.8148250579834 5.3695387840271
"191" 21.2258682250977 24.5241622924805 5.31653308868408
"192" 21.2834091186523 24.6124591827393 5.24765777587891
"193" 21.5215492248535 24.3970546722412 5.35448217391968
"194" 21.6507835388184 24.1499042510986 5.34726190567017
"195" 21.1376934051514 24.9466361999512 4.65526866912842
"196" 21.8343067169189 25.047550201416 4.44402027130127
"197" 21.7696266174316 24.8537979125977 4.91430425643921
"198" 21.7765216827393 24.7321529388428 5.10744857788086
"199" 22.1278495788574 24.676197052002 5.13113689422607
"200" 21.9583625793457 25.0212059020996 4.50329160690308
"201" 22.0874271392822 25.0060081481934 4.51999378204346
"202" 22.4696464538574 25.1969184875488 4.19627094268799
"203" 22.4465923309326 25.0153331756592 4.56176614761353
"204" 22.4819393157959 24.8260440826416 4.91499900817871
"205" 22.4163856506348 25.2745094299316 4.56507205963135
"206" 22.437557220459 25.1974506378174 4.18573474884033
"207" 22.5089683532715 25.163215637207 4.2779541015625
"208" 23.2028999328613 23.9221000671387 4.81832981109619
"209" 23.0797576904297 25.3263549804688 4.11676216125488
"210" 23.0865936279297 25.1341381072998 4.44556713104248
"211" 23.1071281433105 24.9911289215088 4.70227718353271
"212" 23.0773849487305 25.4797420501709 4.08961248397827
"213" 23.0423946380615 25.3659515380859 3.99969625473022
"214" 23.0413417816162 25.3417911529541 4.03753995895386
"215" 23.6587219238281 25.4965934753418 3.99230122566223
"216" 23.6987857818604 25.3426456451416 4.28276777267456
"217" 23.7301654815674 25.1488723754883 4.59146308898926
"218" 23.7153816223145 25.7391319274902 4.15014314651489
"219" 23.6974048614502 25.5622386932373 3.86648678779602
"220" 23.7306632995605 25.5255737304688 3.92953610420227
"221" 24.4531002044678 24.362699508667 4.42459011077881
"222" 24.5970001220703 24.4524002075195 4.41392993927002
"223" 24.3421993255615 25.6134338378906 4.13418531417847
"224" 24.4445877075195 25.3994979858398 4.47969627380371
"225" 24.6269569396973 25.5293350219727 4.22945976257324
"226" 24.5809669494629 25.5916786193848 4.16370677947998
"227" 24.7483997344971 25.6238994598389 3.77981996536255
"228" 24.7904891967773 24.337890625 4.38250303268433
"229" 25.0720233917236 25.7178134918213 3.83052015304565
"230" 25.165210723877 25.7408332824707 4.20798969268799
"231" 25.3078212738037 25.6122360229492 4.59472179412842
"232" 25.2186050415039 26.3139667510986 4.22007083892822
"233" 25.313648223877 25.9036026000977 3.82095742225647
"234" 25.141300201416 25.7138996124268 3.79960989952087
"235" 25.6366996765137 24.5792999267578 4.39301013946533
"236" 25.8733654022217 25.9158630371094 3.89419722557068
"237" 25.9107646942139 25.956916809082 4.31308889389038
"238" 26.0547218322754 25.7691097259521 4.68098306655884
"239" 25.8955478668213 26.5108833312988 4.30427551269531
"240" 26.0894508361816 25.9704494476318 3.82586407661438
"241" 25.8868999481201 25.9129009246826 3.85758996009827
"242" 26.4739532470703 26.3185539245605 3.97033452987671
"243" 26.5768623352051 26.2192668914795 4.37724733352661
"244" 26.9323062896729 25.4549198150635 4.6382908821106
"245" 26.5039920806885 26.88889503479 4.47346639633179
"246" 26.6385898590088 26.3794612884521 4.11010026931763
"247" 26.641300201416 25.5529003143311 3.96560001373291
"248" 26.6376991271973 25.5035991668701 3.96692991256714
"249" 27.2418880462646 26.4893245697021 4.19847106933594
"250" 27.4518241882324 25.8856735229492 4.71160173416138
"251" 27.559944152832 26.6563282012939 4.36281776428223
"252" 27.4236030578613 26.8931751251221 4.49427652359009
"253" 27.5531997680664 26.7159004211426 3.98827004432678
"254" 27.56130027771 26.6634006500244 4.06139993667603
"255" 27.8973007202148 25.2381992340088 4.70401000976562
"256" 28.0306167602539 25.6796894073486 4.6618857383728
"257" 28.1141605377197 26.024040222168 4.90646696090698
"258" 28.1992950439453 26.7046413421631 4.64229917526245
"259" 28.130895614624 27.2187366485596 4.67812776565552
"260" 28.6965999603271 26.9698009490967 4.27234983444214
"261" 28.6965999603271 26.9698009490967 4.27234983444214
"262" 28.1231994628906 25.4517002105713 4.75669002532959
"263" 28.2040996551514 25.7779006958008 4.76967000961304
"264" 28.4622001647949 26.3596000671387 5.04193019866943
"265" 28.8363342285156 27.2472972869873 5.11812686920166
"266" 29.2531108856201 27.0950393676758 5.04911518096924
"267" 29.577054977417 26.9187870025635 4.58104610443115
"268" 29.6949996948242 25.7985992431641 5.46868991851807
"269" 29.3059215545654 26.8073291778564 4.74325895309448
"270" 29.5928993225098 25.8132991790771 5.5201301574707
"271" 29.5949954986572 26.8692321777344 5.05800724029541
"272" 29.6970252990723 27.3140029907227 5.25875377655029
"273" 29.9860897064209 26.8633441925049 5.07463359832764
"274" 30.1721420288086 26.2537059783936 5.20507764816284
"275" 29.8277187347412 26.7830085754395 5.05090284347534
"276" 29.8150005340576 26.0708999633789 5.54342985153198
"277" 29.8825798034668 27.1031188964844 5.12485694885254
"278" 30.3851051330566 26.1712779998779 5.6027045249939
"279" 30.5500240325928 25.7727699279785 5.79156637191772
"280" 30.429967880249 26.9353694915771 4.76299524307251
"281" 29.9961032867432 25.9122581481934 5.51306104660034
"282" 30.5886459350586 27.0593376159668 5.26991319656372
"283" 30.703649520874 26.2837009429932 5.75010919570923
"284" 30.8853054046631 25.7472763061523 5.9492826461792
"285" 30.6207008361816 26.681999206543 4.52082014083862
"286" 30.7259788513184 26.53049659729 5.57304525375366
"287" 31.240686416626 26.4505577087402 5.84979772567749
"288" 31.2807693481445 26.0806617736816 6.21630382537842
"289" 31.5852432250977 26.7356243133545 4.59839916229248
"290" 31.2623138427734 26.5746154785156 5.60831880569458
"291" 31.4605731964111 25.778413772583 6.16355085372925
"292" 32.0357894897461 26.2664813995361 6.34038782119751
"293" 31.6113109588623 26.664119720459 4.99949407577515
"294" 31.714750289917 26.4345054626465 5.77581405639648
"295" 31.5761814117432 25.5555152893066 6.21947050094604
"296" 31.5696239471436 25.6264533996582 6.21603441238403
"297" 32.0476379394531 26.4606037139893 5.30355072021484
"298" 31.7746658325195 25.8685321807861 6.21344757080078
"299" 31.1380062103271 15.4157009124756 5.4396448135376
"300" 30.9704513549805 15.2261123657227 5.77836179733276
"301" 30.8261909484863 15.1296806335449 5.96431636810303
"302" 30.5540943145752 15.2732334136963 6.0334997177124
"303" 31.1501331329346 14.9746627807617 5.51898908615112
"304" 29.5661163330078 15.4303274154663 5.64928770065308
"305" 31.4088134765625 15.9425754547119 5.02586841583252
"306" 31.1367874145508 15.7907199859619 5.4760537147522
"307" 30.9913215637207 15.7132234573364 5.68156909942627
"308" 31.3612842559814 15.6516218185425 5.13092851638794
"309" 31.4292945861816 15.8657712936401 4.95108461380005
"310" 29.902702331543 16.3404903411865 5.35451459884644
"311" 30.2106761932373 16.9170475006104 5.21284103393555
"312" 31.348840713501 16.4273433685303 5.1410927772522
"313" 31.10573387146 16.373743057251 5.43013334274292
"314" 31.1445903778076 16.4597930908203 5.36760377883911
"315" 31.5572547912598 16.2352352142334 4.65844440460205
"316" 31.6156997680664 16.5424003601074 4.5870099067688
"317" 30.161506652832 17.2371234893799 5.04264354705811
"318" 31.7053260803223 17.0001773834229 4.58855962753296
"319" 31.4823760986328 17.1051921844482 4.98706340789795
"320" 31.3052444458008 17.1552143096924 5.21296072006226
"321" 31.8974285125732 17.0043411254883 4.79679250717163
"322" 31.7690753936768 17.0540161132812 4.32249689102173
"323" 31.8058929443359 17.1451244354248 4.16861343383789
"324" 30.3004512786865 18.1271266937256 4.89484882354736
"325" 30.5877799987793 18.0158863067627 4.95553922653198
"326" 31.779016494751 17.7404499053955 4.7267484664917
"327" 31.5653476715088 18.0746440887451 5.00107431411743
"328" 31.7034301757812 18.1646060943604 4.85969734191895
"329" 31.8827285766602 18.1673355102539 4.18008375167847
"330" 30.7256889343262 18.5827140808105 4.86667728424072
"331" 30.944429397583 19.0719470977783 4.84925556182861
"332" 31.8843059539795 18.6836566925049 4.71135807037354
"333" 31.8172092437744 18.8842697143555 4.94993352890015
"334" 32.213264465332 18.7929134368896 4.14895629882812
"335" 32.0037994384766 18.7584991455078 4.14577007293701
"336" 30.7003993988037 19.3251991271973 4.73472023010254
"337" 31.1763000488281 19.7341995239258 4.73429012298584
"338" 32.0756301879883 19.4774646759033 4.76419258117676
"339" 32.0215911865234 19.6584720611572 4.96710062026978
"340" 32.1337394714355 19.6547622680664 4.76043891906738
"341" 32.2065315246582 19.5789909362793 4.87598037719727
"342" 32.2406005859375 19.6595001220703 4.18164014816284
"343" 31.3711433410645 20.4736042022705 4.71783351898193
"344" 32.3174781799316 20.1795959472656 4.69215250015259
"345" 32.1185989379883 20.3693027496338 5.08615112304688
"346" 32.4420433044434 20.4196224212646 4.60432815551758
"347" 32.5642890930176 20.5773792266846 4.15268230438232
"348" 32.5190010070801 20.5611000061035 4.18572998046875
"349" 31.7119998931885 21.0042991638184 4.71315002441406
"350" 31.9696884155273 21.1297931671143 4.89874172210693
"351" 32.0226287841797 21.2279796600342 5.07162666320801
"352" 33.1847038269043 21.0206851959229 4.79091787338257
"353" 32.8414115905762 21.2902679443359 4.43163204193115
"354" 32.706298828125 21.3537998199463 4.20930004119873
"355" 32.8517990112305 21.7791996002197 4.23506021499634
"356" 31.7556800842285 21.8419532775879 4.79926633834839
"357" 32.1915321350098 21.9068775177002 5.11839914321899
"358" 32.5618515014648 21.9945430755615 5.25688791275024
"359" 33.3632164001465 22.0151901245117 5.1740550994873
"360" 33.1826286315918 22.279016494751 4.64603233337402
"361" 32.8182983398438 22.7133007049561 4.40050983428955
"362" 32.7537002563477 22.839599609375 4.44994020462036
"363" 32.8719940185547 22.7191963195801 4.7778959274292
"364" 32.072265625 22.7905406951904 5.30382394790649
"365" 32.3354759216309 22.8395709991455 5.27764892578125
"366" 33.122974395752 22.9447498321533 5.45419073104858
"367" 33.220100402832 23.209587097168 5.03886747360229
"368" 33.0604248046875 23.7454681396484 4.64449167251587
"369" 32.9751434326172 23.3556880950928 4.79468059539795
"370" 32.4047775268555 23.424222946167 5.42757415771484
"371" 32.7752876281738 23.2910270690918 5.28061389923096
"372" 32.9721755981445 23.7973289489746 5.3420205116272
"373" 32.3450889587402 24.0089378356934 5.5862922668457
"374" 31.8974990844727 24.1949005126953 5.62449979782104
"375" 32.9200820922852 24.107551574707 5.03885984420776
"376" 32.5240211486816 24.043966293335 5.63252782821655
"377" 32.771068572998 23.9842529296875 5.42267036437988
"378" 32.4686813354492 24.5061931610107 5.74106454849243
"379" 32.1109580993652 24.8415851593018 5.90845823287964
"380" 31.6969051361084 25.0541934967041 6.08848524093628
"381" 32.8669013977051 24.7996006011963 4.43520021438599
"382" 32.7613906860352 24.8243942260742 5.45251989364624
"383" 32.2457656860352 24.8682518005371 5.83618021011353
"384" 32.519889831543 25.6585292816162 5.91906356811523
"385" 31.9476890563965 25.5015487670898 6.49665546417236
"386" 32.7826309204102 25.3927192687988 4.86124992370605
"387" 32.5830993652344 25.2896766662598 5.63837003707886
"388" 31.8514995574951 25.6016216278076 6.27191829681396
"389" 32.7280044555664 25.7451515197754 5.05951595306396
"390" 32.0284805297852 25.7547512054443 6.1887526512146
