"V1" "V2" "V3"
"1" 49446.83984375 10131.5078125 17309.3515625
"2" 48790.7978 10417.3317 15345.8567
"3" 47940.2424 10537.5307 13428.1852
"4" 46927.7325 10788.7496 11599.6729
"5" 45731.1057 11026.0157 9875.5644
"6" 44353.0921 11199.2618 8278.8207
"7" 42869.8196 11275.5077 6782.9735
"8" 41236.5733 11280.4348 5441.3104
"9" 39484.3602 11199.4473 4297.6876
"10" 37701.406 11184.4123 3203.7324
"11" 35784.2341 11028.7155 2340.4001
"12" 33835.9593 10969.1709 1524.5482
"13" 31800.5906 10787.9101 977.0378
"14" 29712.7326 10682.9612 681.1351
"15" 27604.6856 10639.6276 606.0042
"16" 25501.76953125 10590.146484375 452.722412109375
"17" 47128.1875 16023.435546875 29561.72265625
"18" 47978.4813 16171.961 30102.8302
"19" 48895.2845 16005.1441 30481.9606
"20" 49842.7429 15860.3789 30177.025
"21" 50803.0006 16146.7929 30179.783
"22" 51359.6867 16579.2093 30834.1697
"23" 51340.3461 17190.6444 31655.5241
"24" 50673.9947 17566.7082 32197.4982
"25" 49707.7447 17860.385 32418.9319
"26" 48719.5061 18138.9035 32373.2552
"27" 47788.7947 18307.3166 31971.353
"28" 47048.9558 18191.8143 31332.5507
"29" 46644.9828 17592.7046 30643.1961
"30" 46696.2408 16874.9196 29927.2452
"31" 49446.83984375 10131.5078125 17309.3515625
"32" 33528.75 9863.1455078125 7197.43896484375
"33" 32293.83203125 5075.40185546875 5967.40673828125
"34" 30911.9101 4273.3628 6600.4826
"35" 29868.7879 3566.5263 7784.6698
"36" 29276.6271 2851.2567 9243.0793
"37" 28985.4572 2248.6329 10840.5853
"38" 29463.1249 1902.7178 12459.8251
"39" 29965.2673 1716.7974 14105.9832
"40" 30945.7084 1593.1577 15506.3178
"41" 32207.2295 1641.0181 16695.7021
"42" 33597.199 1877.1758 17641.8109
"43" 35204.2343 2251.3921 18145.4011
"44" 36825.0252 2717.2574 18092.8908
"45" 38290.844 3169.5749 17337.06
"46" 39604.2723 3887.0177 16465.1385
"47" 40308.588 4561.6821 15063.4366
"48" 40606.0727 5334.3868 13543.3975
"49" 40640.7585 6071.5177 11975.2387
"50" 40279.4371 6600.5722 10387.1342
"51" 39445.3143 6980.2256 8945.6
"52" 38182.0343 7253.075 7798.5299
"53" 36737.1877 7192.065 6842.8653
"54" 35227.6755 6854.4449 6091.4459
"55" 33760.1655 5996.2445 5858.8651
"56" 48551.296875 9297.625 17596.466796875
"57" 46573.6397 9160.7382 15329.4779
"58" 44326.3379 9568.8975 13361.5002
"59" 42198.0477 10132.2699 11312.582
"60" 39996.7535 10322.3758 9287.1761
"61" 37189.9291 10258.76 8245.0862
"62" 34322.2918 10049.053 7353.6359
"63" 31750.5657 9797.9631 5930.7976
"64" 28925.8622 9212.6728 5242.2687
"65" 26178.595703125 8595.6640625 5501.45947265625
"66" 48551.296875 9297.625 17596.466796875
"67" 26050.095703125 5269.09619140625 5235.79296875
"68" 26178.595703125 8595.6640625 5501.45947265625
"69" 26050.095703125 5269.09619140625 5235.79296875
"70" 25980.6821 4292.0184 6783.801
"71" 25990.8792 3608.311 8487.1716
"72" 25954.7682 2825.9076 10141.1504
"73" 26041.0475 2278.67 11891.4973
"74" 26100.4289 1801.7861 13663.7256
"75" 26198.4764 1438.3813 15459.785
"76" 26292.6649 1234.9959 17281.8006
"77" 26285.8784 1063.2521 19103.3245
"78" 26430.918 1030.729 20929.7794
"79" 26419.6113 1055.7611 22758.5164
"80" 26461.5791 1100.5077 24591.3541
"81" 26384.3736 1128.1383 26423.6722
"82" 26312.1067 1283.9803 28227.2215
"83" 26160.4675 1541.7527 30029.7015
"84" 26074.5882 1768.7269 31850.5382
"85" 26004.9009 1994.3922 33673.1071
"86" 25945.2496 2216.9166 35495.3145
"87" 26200.740234375 2362.1064453125 37308.08984375
"88" 25818.03515625 14908.3173828125 46915.234375
"89" 26200.740234375 2362.1064453125 37308.08984375
"90" 25501.76953125 10590.146484375 452.722412109375
"91" 2111.123046875 10662.591796875 20520.05078125
"92" 2444.8819 10810.5946 17944.3432
"93" 3279.5802 10857.3099 15488.2655
"94" 4321.2422 11061.8377 13114.7633
"95" 5768.0424 11229.323 10959.4219
"96" 7345.2475 11436.9013 8905.4831
"97" 9066.9285 11573.1958 6978.586
"98" 11062.2164 11463.7842 5321.2803
"99" 13186.9637 11265.9235 3828.1735
"100" 15520.2634 11162.2148 2700.5737
"101" 17854.4276 10957.4155 1580.4629
"102" 20326.7063 10840.656 795.011
"103" 22901.5967 10755.6366 411.5032
"104" 25501.76953125 10590.146484375 452.722412109375
"105" 2111.123046875 10662.591796875 20520.05078125
"106" 18331.26171875 9993.978515625 7255.42529296875
"107" 19057.7890625 5673.3828125 6246.0205078125
"108" 20498.634 4903.0193 6939.6995
"109" 21796.2686 4024.3546 7757.9358
"110" 22730.3171 3368.4287 9101.395
"111" 23183.7678 2807.498 10708.5753
"112" 23067.4944 2346.3756 12408.801
"113" 22665.1462 2025.1922 14094.4818
"114" 21752.805 1860.5074 15589.1265
"115" 20515.621 1875.5078 16857.4929
"116" 19109.8211 2236.0584 17845.3654
"117" 17540.0187 2736.3722 18482.1516
"118" 15891.214 3271.9706 18350.8805
"119" 14458.564 3720.4734 17428.6848
"120" 13197.9966 4518.2688 16465.3053
"121" 12424.7363 5201.7532 15042.342
"122" 12068.4562 5873.636 13440.2311
"123" 11993.1379 6607.8539 11844.2198
"124" 12400.4878 7052.6211 10195.8099
"125" 13278.9313 7389.3924 8705.715
"126" 14452.5334 7479.8347 7392.8537
"127" 15933.2342 7250.6211 6454.3586
"128" 17520.5977 6560.8325 6183.1218
"129" 2345.69921875 10072.033203125 20710.125
"130" 3913.6207 9437.4634 17688.8747
"131" 5923.3651 9486.3574 14842.0085
"132" 8551.5587 10584.7275 13324.8299
"133" 10618.9563 10879.4615 10767.5858
"134" 13470.742 10610.1304 8787.7426
"135" 16658.3321 10246.9751 7464.9642
"136" 19587.8362 10019.1887 6018.847
"137" 22895.412 9316.2916 5244.9534
"138" 26178.595703125 8595.6640625 5501.45947265625
"139" 2345.69921875 10072.033203125 20710.125
"140" 47285.53125 16598.072265625 29919.787109375
"141" 47267.57421875 17033.125 30195.41796875
"142" 47264.93359375 17440.8046875 30439.28515625
"143" 47268.0625 17778.39453125 30802.224609375
"144" 47222.68359375 18162.642578125 31294.978515625
"145" 47675.4375 16612.23828125 30147.796875
"146" 47672.25390625 17001.2421875 30404.216796875
"147" 47675.8359375 17349.537109375 30661.37890625
"148" 47689.8984375 17687.91796875 30957.669921875
"149" 47813.1015625 17994.099609375 31424.400390625
"150" 48037.078125 16602.970703125 30437.849609375
"151" 48045.703125 16925.6875 30675.2734375
"152" 48070.2265625 17321.50390625 30948.435546875
"153" 48119.3203125 17698.890625 31321.55078125
"154" 48184.21875 17950.642578125 31644.9296875
"155" 48391.921875 16513.8515625 30676.310546875
"156" 48467 16842.5703125 30937.62890625
"157" 48471.0859375 17218.484375 31219.22265625
"158" 48548.98828125 17559.234375 31551.740234375
"159" 48581.3984375 17865.47265625 31921.76171875
"160" 48850.44140625 16483.48828125 30869.037109375
"161" 48952.33984375 16767.447265625 31105.96484375
"162" 49002.59375 17091.052734375 31321.421875
"163" 49032.20703125 17429.904296875 31583.7109375
"164" 49109.60546875 17712.125 32000.283203125
"165" 49276.66796875 16409.916015625 30810.8046875
"166" 49353.328125 16791.9765625 31083.66015625
"167" 49370.578125 17101.607421875 31335.884765625
"168" 49431.32421875 17421.984375 31632.6796875
"169" 49224.14453125 17690.837890625 32028.197265625
"170" 49860.08984375 16342.939453125 30640.224609375
"171" 49770.1328125 16725.533203125 31117.078125
"172" 49742.109375 17237.748046875 31475.630859375
"173" 49938 17512.099609375 32001.5
"174" 50245.41796875 16391.93359375 30592.07421875
"175" 50137.58984375 16717.109375 30906.26171875
"176" 50114.91796875 17007.552734375 31248.55859375
"177" 50004.46875 17477.451171875 31670.439453125
"178" 50601.86328125 16377.169921875 30453.5078125
"179" 50444.05859375 16755.86328125 30917.20703125
"180" 50397.24609375 17075.16796875 31279.251953125
"181" 50340.4296875 17387.5 31762.51953125
"182" 50820.15625 16553.56640625 30606.50390625
"183" 50783.953125 16835.08203125 30998.869140625
"184" 50777.38671875 16995.6171875 31348.28515625
"185" 50662.80078125 17241.19921875 31740.19921875
"186" 51148.0546875 16745.505859375 30945.748046875
"187" 51048.13671875 16991.66015625 31282.7890625
"188" 50962.3984375 17236.162109375 31648.05078125
"189" 47967.96875 9130.5400390625 15957.7998046875
"190" 46839.2421875 8539.5224609375 15379.5458984375
"191" 45071.4921875 7336.60546875 14635.1318359375
"192" 45232.63671875 7759.6875 14811.080078125
"193" 46107.4765625 8262.0322265625 15420.62109375
"194" 47029.03515625 8861.08203125 15505.33203125
"195" 47740.0234375 9051.7197265625 16053.2861328125
"196" 47570.1328125 9695.734375 14089.8876953125
"197" 46041.1015625 8835.0595703125 13847.599609375
"198" 44356 7715.39990234375 13366.2998046875
"199" 44940.5234375 8516.1767578125 13529.591796875
"200" 45679.8671875 8930.4228515625 13638.2021484375
"201" 45958.6328125 9062.732421875 13810.7099609375
"202" 46494.45703125 10106.48828125 12366.1962890625
"203" 45323.8984375 9223.41015625 12335.7001953125
"204" 43602.71484375 8010.265625 11954.1787109375
"205" 43873.56640625 8457.78125 12205.9833984375
"206" 44496.9296875 9059.060546875 12197.7587890625
"207" 44693.0859375 9387.3662109375 12255.2431640625
"208" 44400.54296875 9847.7890625 12382.646484375
"209" 45497.23828125 10028.9892578125 10803.0185546875
"210" 44179.19921875 8996.2001953125 10813.400390625
"211" 42666.02734375 8261.7021484375 10773.0634765625
"212" 42978.3984375 8885.22265625 10723.9931640625
"213" 43474.3828125 9495.705078125 10881.671875
"214" 43263.3046875 9974.96875 11092.001953125
"215" 44662.1875 10345.958984375 9584.361328125
"216" 43670.625 9410.9931640625 9475.42578125
"217" 42264.0703125 8616.91796875 9565.01953125
"218" 41799.1328125 8818.900390625 9588.3984375
"219" 42380.15625 9594.1181640625 9716.0546875
"220" 42366.75390625 10057.1943359375 9843.779296875
"221" 41582.0390625 10116.2861328125 9875.6962890625
"222" 43768.81640625 10478.4609375 8352.736328125
"223" 42792.83203125 9952.3662109375 8198.81640625
"224" 41594.35546875 9063.572265625 8367.0546875
"225" 40457.6015625 8776.779296875 8441.9921875
"226" 40515.6015625 9552.3759765625 8821.9140625
"227" 40681.91796875 10152.7275390625 8484.8310546875
"228" 40322.25390625 10239.63671875 8786.3203125
"229" 42297.15625 10702.0927734375 7101.75341796875
"230" 41280.875 9647.849609375 6962.79248046875
"231" 39818.11328125 8716.810546875 7202.2890625
"232" 39247.3515625 9029.3701171875 7205.59765625
"233" 39393.5 9580.25 7416.7998046875
"234" 39226.890625 10206.54296875 7694.86962890625
"235" 38560.8046875 10253.58984375 7973.158203125
"236" 40742.77734375 10694.4912109375 5878.1455078125
"237" 39867.91796875 9815.6513671875 6038.46142578125
"238" 38649.91796875 8881.7080078125 6359.55517578125
"239" 38032.578125 9164.044921875 6585.62890625
"240" 38138.2109375 10110.04296875 6743.98046875
"241" 37539.26953125 10248.8603515625 7263.66357421875
"242" 39501.63671875 10750.306640625 4915.87451171875
"243" 38797.52734375 9990.52734375 5009.8466796875
"244" 37747.95703125 9077.8837890625 5519.259765625
"245" 36830.81640625 9079.5283203125 5864.51123046875
"246" 36772.50390625 9599.9326171875 6177.73486328125
"247" 36399.328125 10081.15625 6268.27685546875
"248" 35458.9296875 10161.8994140625 6819.68017578125
"249" 37794.9765625 10602.1904296875 3992.20678710938
"250" 36879.91796875 9923.197265625 4429.05126953125
"251" 35780.16015625 8875.3154296875 4983.2001953125
"252" 35380.69921875 9260.4697265625 5159.60986328125
"253" 35251.64453125 9842.7265625 5304.92431640625
"254" 34247.4765625 9966.8720703125 5700.224609375
"255" 33386.09375 10010.54296875 6179.5234375
"256" 36123.6015625 10599.5595703125 3115.15014648438
"257" 35589.25 9761.470703125 3646.45239257812
"258" 34596.19921875 8941.80859375 4450.80615234375
"259" 34086.8515625 9083.650390625 4604.68798828125
"260" 33833.03515625 9733.126953125 4647.1279296875
"261" 33073.98046875 9882.384765625 5105.099609375
"262" 32168.986328125 9934.92578125 5420.91845703125
"263" 34960.5703125 10545.50390625 2618.88818359375
"264" 34400.80859375 9231.12109375 3706.73461914062
"265" 33218.17578125 8837.4306640625 4012.54077148438
"266" 32209.865234375 9628.271484375 4138.79931640625
"267" 31650.84375 9694.55078125 4323.31201171875
"268" 30734.615234375 9218.318359375 4873.2490234375
"269" 33401.17578125 10478.173828125 2080.43579101562
"270" 33239.12109375 9418.9228515625 2932.33374023438
"271" 32347.900390625 8611.16015625 3964
"272" 31241.142578125 8775.4580078125 4091.21044921875
"273" 30428.9296875 9077.9306640625 4073.81079101562
"274" 29561.716796875 9315.259765625 4492.61376953125
"275" 32168.333984375 10037.81640625 1994.05310058594
"276" 31405.958984375 8756.9169921875 2937.0751953125
"277" 30342.66796875 8992.236328125 3556.09838867188
"278" 29136.46875 9229.033203125 3851.07861328125
"279" 28161.681640625 8951.8359375 4442.34326171875
"280" 31027.673828125 10244.60546875 1396.46606445312
"281" 30644.193359375 9542.1376953125 2344.419921875
"282" 29779.142578125 9115.0087890625 3133.85009765625
"283" 28751.806640625 9132.388671875 3448.53051757812
"284" 27422.81640625 9060.4033203125 4183.6806640625
"285" 29633.9765625 10227.484375 1126.14575195312
"286" 29383.330078125 9442.158203125 2248.548828125
"287" 28529.99609375 9149.5185546875 3098.84423828125
"288" 27221.955078125 9081.6875 3747.60620117188
"289" 28515.068359375 9976.7607421875 1226.78881835938
"290" 28223.78125 9393.4521484375 2015.93688964844
"291" 27714.982421875 9091.6083984375 2914.33911132812
"292" 26340.400390625 8907.849609375 3716.57006835938
"293" 27587.58203125 9997.677734375 1138.53723144531
"294" 27284.83984375 9327.240234375 1780.52001953125
"295" 26704.134765625 9005.85546875 2514.01220703125
"296" 26061.34765625 8984.8740234375 3044.86450195312
"297" 26535.9921875 9842.8818359375 1228.208984375
"298" 26037.251953125 8939.7578125 1983.12329101562
"299" 3321.76123046875 9619.6279296875 18555.83203125
"300" 5290.89013671875 8542.759765625 17900.69921875
"301" 5916.58984375 8247.01171875 17141.8203125
"302" 5349.09033203125 8489.9287109375 17535.166015625
"303" 4063.51049804688 9164.921875 17466.716796875
"304" 3210.81225585938 9726.80078125 18524.9140625
"305" 3453.36010742188 9983.8798828125 17135.69921875
"306" 5159.69970703125 8913.3818359375 15962.5830078125
"307" 6899.509765625 8264.509765625 15205.7998046875
"308" 5518.30126953125 9046.359375 15426.4228515625
"309" 4885.5732421875 9569.2001953125 15840.486328125
"310" 4683.1357421875 9658.2431640625 15837.787109375
"311" 4144.00634765625 10230.0546875 15070.763671875
"312" 5457.9638671875 9321.724609375 14115.18359375
"313" 7501.49951171875 8387.91796875 13191.3115234375
"314" 7076.587890625 8932.53125 13785.0751953125
"315" 6363.72705078125 9727.1904296875 13946.248046875
"316" 6225.8857421875 9839.5009765625 13808.0966796875
"317" 6815.470703125 9843.400390625 13416.853515625
"318" 5217.08642578125 10411.1279296875 13040.44140625
"319" 7048.6943359375 9336.146484375 11856.767578125
"320" 8731.8486328125 8608.3330078125 11305.2607421875
"321" 8632.7080078125 8903.0244140625 11347.419921875
"322" 7808.9033203125 9572.65625 11731.6650390625
"323" 7924.953125 10092.54296875 11923.248046875
"324" 9038.7470703125 10187.7763671875 11474.4609375
"325" 6060.9716796875 10512.1171875 11204.5390625
"326" 7615.01611328125 9860.6962890625 10361.353515625
"327" 9824.4150390625 9160.8896484375 9360.935546875
"328" 9820.2783203125 9384.4248046875 9526.4921875
"329" 9753.2509765625 10224.8583984375 9696.5732421875
"330" 10230.4013671875 10325.322265625 9763.9619140625
"331" 8185.6904296875 10898.9736328125 8696.4541015625
"332" 9608.4482421875 9924.263671875 8340.4765625
"333" 11187.224609375 9215.6826171875 8053.73095703125
"334" 11058.04296875 10258.7490234375 8491.7998046875
"335" 11354.2919921875 10288.953125 8431.083984375
"336" 12013.265625 10418.2109375 8594.2587890625
"337" 9785.4033203125 10849.6201171875 7056.57470703125
"338" 10946.306640625 9949.81640625 6842.7900390625
"339" 12492.5751953125 9371.97265625 6873.9990234375
"340" 12877.103515625 9700.697265625 7437.9609375
"341" 13031.96875 10263.451171875 7278.99072265625
"342" 13750.166015625 10402.8408203125 7472.3974609375
"343" 11016.314453125 11013.3642578125 5793.92822265625
"344" 11915.041015625 10181.548828125 5798.15283203125
"345" 13516.7998046875 9320.1201171875 5870
"346" 14338.7880859375 10080.712890625 6155.55322265625
"347" 14946.189453125 10211.9521484375 6306.31787109375
"348" 16104.275390625 10341.7294921875 6592.474609375
"349" 12705.7119140625 10775.154296875 4680.46630859375
"350" 13697.654296875 10036.8779296875 4721.1845703125
"351" 14523.7060546875 9181.267578125 4988.046875
"352" 15473.2001953125 9175.759765625 5408.8798828125
"353" 16047.4921875 9956.7705078125 5387.498046875
"354" 16746.357421875 10060.0654296875 5530.70263671875
"355" 18220.861328125 10082.1787109375 5736.1845703125
"356" 14246.6181640625 10794.853515625 3680.16137695312
"357" 15160.4296875 9989.228515625 3895.68090820312
"358" 16281.21484375 9078.333984375 4343.25927734375
"359" 17058.099609375 9276.09765625 4470.4921875
"360" 17939.70703125 9755.515625 4699.8916015625
"361" 18825.908203125 9888.4384765625 4816.380859375
"362" 20121.482421875 9962.0087890625 4983.8916015625
"363" 16538.177734375 10477.69921875 2786.36962890625
"364" 17030.53515625 9722.083984375 3087.56030273438
"365" 18042.900390625 9085.4501953125 3709.7900390625
"366" 18799.966796875 9034.1494140625 4002.0087890625
"367" 19610.75390625 9738.154296875 4128.06689453125
"368" 20945.193359375 9734.6416015625 4335.21142578125
"369" 17741.46875 10499.15234375 2179.14331054688
"370" 18317.091796875 9785.6015625 2543.14453125
"371" 18977.740234375 9173.0869140625 3276.21069335938
"372" 20723.29296875 9307.6171875 3617.70751953125
"373" 21522.927734375 9565.6025390625 3724.90747070312
"374" 22922.69921875 9416.83984375 4047.0400390625
"375" 19333.2265625 10262.10546875 1814.197265625
"376" 19951.400390625 9399.3203125 2291.419921875
"377" 20310.6484375 9404.369140625 2908.38549804688
"378" 22122.328125 9331.0029296875 3264.58227539062
"379" 23479.958984375 9140.76953125 3622.00268554688
"380" 24821.275390625 9122.1982421875 4044.88916015625
"381" 20967.173828125 10353.7998046875 1205.15649414062
"382" 21604.6171875 9750.341796875 1879.19372558594
"383" 22283.126953125 9267.7607421875 2594.3369140625
"384" 23372.5859375 9165.4892578125 3141.65185546875
"385" 24820.34375 9146.5234375 3770.53686523438
"386" 22252.15234375 10244.349609375 1043.16748046875
"387" 22841.12109375 9567.611328125 1837.43029785156
"388" 23830.927734375 9177.12109375 3011.58642578125
"389" 23532.962890625 10109.7646484375 1048.99365234375
"390" 24256.9921875 9281.5048828125 2129.22412109375
