"V1" "V2" "V3"
"1" 60.8130836486816 33.9725685119629 20.7349090576172
"2" 59.9773 31.8646 19.4088
"3" 58.9565 29.6877 18.3651
"4" 57.7981 27.394 17.8733
"5" 56.4979 25.2547 17.1595
"6" 55.8729 22.9529 16.0839
"7" 55.1509 20.9318 14.585
"8" 54.2331 18.916 13.1946
"9" 52.9204 16.9674 12.033
"10" 51.1809 15.2928 10.9925
"11" 49.3339 13.7083 10.0034
"12" 47.1453 12.4333 9.3426
"13" 44.8219 11.3042 9.2402
"14" 42.6954 9.8551 8.7982
"15" 40.404 8.8762 8.0207
"16" 37.9321365356445 8.39082527160645 7.3584098815918
"17" 55.424373626709 67.9180908203125 9.84899520874023
"18" 57.521 67.3802 10.0945
"19" 59.5331 66.8725 10.9309
"20" 61.7424 66.6127 11.083
"21" 63.9658 66.6624 10.9636
"22" 65.8108 67.762 10.9983
"23" 66.1066 69.873 10.9519
"24" 65.8063 72.0748 11.0973
"25" 64.4386 73.5245 11.2757
"26" 62.245 73.902 11.3976
"27" 60.061 73.6178 11.1761
"28" 57.955 73.0824 10.6269
"29" 56.2363 71.962 9.8444
"30" 55.2434 70.0188 9.4974
"31" 60.8130836486816 33.9725685119629 20.7349090576172
"32" 38.9928970336914 28.6245746612549 18.3910484313965
"33" 43.6119384765625 19.320821762085 30.3430671691894
"34" 41.4679 18.3649 30.4682
"35" 39.2637 17.5528 30.4994
"36" 36.9617 17.1911 30.761
"37" 34.8671 17.6799 31.5252
"38" 33.1532 18.8375 32.6467
"39" 31.8629 20.4043 33.7871
"40" 31.1842 22.2858 35.0119
"41" 30.9385 24.3848 36.0349
"42" 31.1792 26.4773 37.0172
"43" 31.9165 28.4225 38.0154
"44" 33.5232 29.9269 38.7927
"45" 35.5613 30.9763 39.236
"46" 37.8009 31.5572 39.4149
"47" 40.1083 31.6822 39.0027
"48" 42.3096 31.2149 38.4101
"49" 44.266 30.5473 37.2948
"50" 45.8405 29.3986 36.0413
"51" 47.1821 27.9705 34.7428
"52" 47.75 26.2265 33.2728
"53" 47.7366 24.2687 32.006
"54" 47.0711 22.3913 30.8743
"55" 45.4727 20.7581 30.4295
"56" 44.2806854248047 33.7655639648438 19.5055656433106
"57" 42.1513 32.4239 19.5748
"58" 40.8131 30.2204 19.314
"59" 39.4973 28.215 18.3983
"60" 38.898 25.9404 17.2078
"61" 38.6038 23.5246 16.1853
"62" 38.8602 21.1688 14.9802
"63" 39.1687 18.6018 14.4033
"64" 38.2413 16.5568 13.1976
"65" 35.8030052185059 15.6237907409668 13.5690631866455
"66" 44.2806854248047 33.7655639648438 19.5055656433106
"67" 31.8421306610107 13.3131332397461 26.7414207458496
"68" 35.8030052185059 15.6237907409668 13.5690631866455
"69" 31.8421306610107 13.3131332397461 26.7414207458496
"70" 30.8837 15.71 29.0362
"71" 30.031 18.1248 31.5326
"72" 29.1514 20.8063 33.7202
"73" 28.4305 23.8098 35.5195
"74" 27.8989 27.0949 36.789
"75" 27.2323 30.4946 37.587
"76" 26.8887 34.0524 37.6513
"77" 26.8062 37.6294 37.5476
"78" 26.581 41.1671 37.8937
"79" 26.3622 44.7239 38.0064
"80" 26.6516 48.2498 37.5123
"81" 27.0054 51.6591 36.4906
"82" 27.2416 55.1072 35.5818
"83" 27.5072 58.6221 34.9826
"84" 27.5156 62.0883 34.1089
"85" 27.8425 65.4532 32.9345
"86" 28.2929 68.7711 31.6859
"87" 29.5352096557617 71.6575317382812 30.2954177856445
"88" 35.995719909668 68.4043579101562 11.9253492355347
"89" 29.5352096557617 71.6575317382812 30.2954177856445
"90" 37.9321365356445 8.39082527160645 7.3584098815918
"91" 14.0889005661011 30.3290920257568 3.63216018676758
"92" 16.0731 28.6352 3.6501
"93" 17.7682 26.6479 3.9259
"94" 19.1696 24.4261 3.83
"95" 20.5907 22.339 3.192
"96" 22.3312 20.4132 2.8785
"97" 24.1427 18.5163 2.9728
"98" 25.9076 16.5709 2.8177
"99" 27.8571 14.8301 2.944
"100" 29.7429 13.1756 3.4116
"101" 31.7118 12.0048 4.7055
"102" 33.533 10.4299 5.7145
"103" 35.5611 8.9637 6.4114
"104" 37.9321365356445 8.39082527160645 7.3584098815918
"105" 14.0889005661011 30.3290920257568 3.63216018676758
"106" 31.0781440734863 28.1328601837158 15.7221622467041
"107" 19.4049568176269 19.2087364196777 22.1720676422119
"108" 21.0423 17.9929 23.41
"109" 22.7746 17.0466 24.7716
"110" 24.5576 16.7299 26.3532
"111" 26.0809 16.948 28.1536
"112" 26.7217 18.1184 30.1398
"113" 27.1895 19.6506 31.9177
"114" 26.9727 21.4923 33.4201
"115" 26.2796 23.5407 34.4728
"116" 25.1355 25.5619 35.1209
"117" 24.2792 27.7185 35.6216
"118" 22.696 29.4448 35.2458
"119" 20.7571 30.5339 34.357
"120" 18.9299 31.1311 32.8992
"121" 17.2923 31.2484 31.1692
"122" 15.9784 30.9419 29.1733
"123" 15.3127 29.8826 27.1304
"124" 14.9009 28.5089 25.1904
"125" 15.1062 26.768 23.6454
"126" 15.7599 24.8591 22.3498
"127" 16.7254 22.8776 21.4119
"128" 17.9037 20.8634 21.2617
"129" 26.2294273376465 34.5422744750977 13.7587471008301
"130" 27.1541 32.2978 14.376
"131" 28.3589 30.0495 15.0623
"132" 30.1031 28.1448 15.2976
"133" 31.4777 25.9327 14.8588
"134" 32.3442 23.5515 14.1186
"135" 33.0071 21.189 13.1375
"136" 33.5684 18.7962 12.1478
"137" 34.432 16.4308 11.5886
"138" 35.8030052185059 15.6237907409668 13.5690631866455
"139" 26.2294273376465 34.5422744750977 13.7587471008301
"140" 56.2800750732422 68.6079483032227 9.49489879608154
"141" 56.3686561584473 69.4592208862305 9.43740653991699
"142" 56.5671882629395 70.2169189453125 9.43962001800537
"143" 56.807071685791 71.0352554321289 9.50194263458252
"144" 57.2084922790527 72.0890350341797 9.82841491699219
"145" 57.1606521606445 68.5048980712891 9.77889060974121
"146" 57.2653770446777 69.4114456176758 9.74554252624512
"147" 57.4895362854004 70.1782073974609 9.77498912811279
"148" 57.7698364257812 71.0320358276367 9.79926300048828
"149" 58.2456893920898 72.0153427124023 10.152928352356
"150" 57.9430503845215 68.541259765625 10.1152210235596
"151" 58.084342956543 69.4599380493164 10.1175165176392
"152" 58.2307815551758 70.5611190795898 10.0767307281494
"153" 58.5546951293945 71.4348449707031 10.2052946090698
"154" 59.0385055541992 72.4201126098633 10.5935115814209
"155" 58.7472114562988 68.2695388793945 10.4831132888794
"156" 58.998405456543 69.3518524169922 10.5435028076172
"157" 59.2094383239746 70.2692718505859 10.6302967071533
"158" 59.4841804504395 71.603645324707 10.6890277862549
"159" 59.9651184082031 72.5267715454102 10.9093246459961
"160" 59.6054458618164 68.3737411499023 10.7683296203613
"161" 60.0402297973633 69.3795852661133 10.8939208984375
"162" 60.3927612304688 70.4722213745117 11.0217943191528
"163" 60.727596282959 71.7057113647461 11.0501871109009
"164" 60.8677787780762 72.61962890625 11.0953903198242
"165" 60.488208770752 68.4836807250977 10.9782190322876
"166" 60.986011505127 69.6352691650391 11.011568069458
"167" 61.4026336669922 70.5500793457031 11.059549331665
"168" 61.8701286315918 71.7246704101562 11.0397977828979
"169" 61.9146728515625 72.7756195068359 11.0861988067627
"170" 61.8015251159668 68.1376495361328 11.0293893814087
"171" 62.1335906982422 69.6857833862305 10.9037847518921
"172" 62.417106628418 71.1483612060547 10.9591512680054
"173" 62.6901092529297 72.7387542724609 10.9942026138306
"174" 62.9195251464844 68.0061111450195 10.8879508972168
"175" 62.9946136474609 69.1954574584961 10.8553104400635
"176" 63.2493591308594 70.3133087158203 10.8253583908081
"177" 63.3726615905762 72.1107177734375 10.8425006866455
"178" 63.8737831115723 67.6187515258789 10.8561630249023
"179" 63.9946594238281 69.1456527709961 10.8126783370972
"180" 64.1197509765625 70.4989318847656 10.6799602508545
"181" 64.2901992797852 72.0457000732422 10.7278604507446
"182" 64.706916809082 68.1720962524414 10.8029356002808
"183" 64.8590698242188 69.3321228027344 10.6670122146606
"184" 64.8672485351562 70.3956680297852 10.6069135665894
"185" 64.917121887207 71.9123001098633 10.7111959457397
"186" 65.4943313598633 69.1157455444336 10.7210531234741
"187" 65.4952621459961 70.1484756469727 10.7164621353149
"188" 65.6793975830078 71.2258605957031 10.7881526947021
"189" 57.5183906555176 32.5951194763184 24.2833633422852
"190" 54.9925804138184 31.879545211792 29.8797912597656
"191" 47.0438995361328 31.275899887085 31.0828990936279
"192" 46.8459014892578 32.5770988464355 26.1753005981445
"193" 46.5218620300293 33.864688873291 25.1603336334229
"194" 45.5607452392578 34.1462364196777 24.3587837219238
"195" 46.0705261230469 33.6841430664062 20.5441284179688
"196" 58.0969772338867 32.6183319091797 22.3582057952881
"197" 56.2463684082031 32.1646156311035 27.793773651123
"198" 47.1720008850098 30.9783000946045 30.5207004547119
"199" 47.3400001525879 32.2424011230469 26.0813999176025
"200" 47.7291984558105 33.389762878418 23.9589290618896
"201" 46.2067832946777 32.7588577270508 20.5033988952637
"202" 57.3562164306641 31.558765411377 21.7615718841553
"203" 56.1893577575684 31.0330848693848 25.6069316864014
"204" 50.5735321044922 30.0788536071777 31.6669406890869
"205" 47.2900276184082 31.2082195281982 27.3836860656738
"206" 48.2024993896484 32.3781890869141 23.9379596710205
"207" 46.5755195617676 32.6700401306152 20.658145904541
"208" 45.0987510681152 32.285816192627 19.7691383361816
"209" 56.4496955871582 30.619873046875 21.7482585906982
"210" 55.1315879821777 29.3838882446289 25.8667526245117
"211" 47.4522285461426 30.7619915008545 27.9558849334717
"212" 47.9421768188477 30.5408706665039 26.2576084136963
"213" 48.2144012451172 31.6853008270264 22.3505992889404
"214" 45.1773719787598 31.9185199737549 19.7985916137695
"215" 55.874698638916 29.8391666412354 21.2342567443848
"216" 54.7500114440918 28.5837345123291 24.4236030578613
"217" 48.1403999328613 29.9946994781494 26.3568000793457
"218" 48.3036842346191 29.6055202484131 26.1380443572998
"219" 48.6906623840332 30.1951370239258 23.2418384552002
"220" 46.6272010803223 31.0860996246338 20.4846000671387
"221" 43.0720024108887 31.3824691772461 19.5952472686768
"222" 55.0937652587891 28.9153327941895 20.4463691711426
"223" 53.5086364746094 27.4040546417236 22.5702362060547
"224" 49.1672286987305 27.7145500183105 25.2203578948975
"225" 48.6376457214355 28.3161125183105 26.56201171875
"226" 48.4598007202148 29.2497997283936 23.951000213623
"227" 46.0044746398926 29.3146781921387 19.6867294311523
"228" 43.2370109558105 31.4083080291748 19.5988674163818
"229" 54.0404663085938 26.9464550018311 19.9087867736816
"230" 51.7273063659668 26.6208992004395 22.840518951416
"231" 51.3501319885254 25.6472225189209 25.9726314544678
"232" 49.4087982177734 27.0925998687744 24.585599899292
"233" 48.0845985412598 28.9020004272461 20.5058994293213
"234" 44.967227935791 29.3401947021484 19.5248756408691
"235" 42.1379470825195 29.7329540252686 19.3647518157959
"236" 53.3241195678711 25.7927303314209 19.0202369689941
"237" 51.699634552002 26.9541759490967 22.1201763153076
"238" 51.5325622558594 22.2141361236572 26.578742980957
"239" 49.2574996948242 25.4496994018555 23.9249992370605
"240" 46.7934341430664 27.4717979431152 19.3250694274902
"241" 42.927619934082 28.5274391174316 19.1553249359131
"242" 53.8656005859375 23.9372997283936 15.5750999450684
"243" 52.8326988220215 25.2159004211426 19.2999992370605
"244" 51.8567314147949 21.2365074157715 24.5829048156738
"245" 47.0312995910645 23.0984001159668 23.9160995483398
"246" 46.8895988464355 25.7702007293701 19.4389991760254
"247" 44.8051223754883 26.1376304626465 18.5974617004395
"248" 41.7563362121582 28.1829833984375 18.9755725860596
"249" 53.1018981933594 21.5816993713379 14.9365997314453
"250" 48.8610000610352 22.9225997924805 16.929500579834
"251" 49.7659339904785 18.6712474822998 23.8898239135742
"252" 47.8911018371582 23.5993995666504 17.7182006835938
"253" 46.2658920288086 23.2407894134521 16.9819450378418
"254" 43.4663009643555 24.1098003387451 17.2789993286133
"255" 40.8047981262207 25.1204414367676 17.3689270019531
"256" 51.2393455505371 18.8855361938477 13.0226602554321
"257" 47.4637908935547 20.4206409454346 16.0123348236084
"258" 48.6372375488281 17.2758102416992 21.1933193206787
"259" 47.4230003356934 20.5158996582031 16.2808990478516
"260" 46.257999420166 20.7570991516113 15.1023998260498
"261" 43.9971008300781 22.3211994171143 16.0093994140625
"262" 41.4388008117676 22.9258995056152 15.9828996658325
"263" 50.0674018859863 18.2437858581543 12.3596630096436
"264" 48.595401763916 16.1396999359131 19.8075008392334
"265" 46.7403984069824 18.8822002410889 15.4771995544434
"266" 44.3802757263184 18.7808818817139 15.7349348068237
"267" 43.9430885314941 18.6996002197266 13.6016960144043
"268" 41.4881744384766 19.6176338195801 14.2334814071655
"269" 48.1581001281738 16.0074005126953 10.9053001403809
"270" 46.3759994506836 17.9927997589111 14.3108997344971
"271" 43.2318992614746 15.6209001541138 16.8118000030518
"272" 43.5942993164062 17.1798992156982 14.9456996917725
"273" 43.3246994018555 16.5063991546631 12.9799995422363
"274" 40.9293518066406 17.0560684204102 13.2499208450317
"275" 45.692699432373 15.4767999649048 10.8397998809814
"276" 45.0284996032715 12.893500328064 18.3652992248535
"277" 41.6004981994629 15.2776002883911 15.1941003799438
"278" 41.5237007141113 14.9120998382568 12.5719003677368
"279" 38.900562286377 15.8522415161133 12.621826171875
"280" 45.0624008178711 13.6702995300293 9.67317008972168
"281" 43.5917015075684 15.2448997497559 12.4467000961304
"282" 40.6893005371094 13.7699003219604 14.423999786377
"283" 40.2919006347656 13.4505996704102 12.1816997528076
"284" 38.1908988952637 14.5155000686646 12.2883996963501
"285" 43.5246963500977 12.035472869873 9.32543087005615
"286" 41.629322052002 14.0583362579346 12.0488700866699
"287" 39.6796188354492 13.3935689926147 13.8998098373413
"288" 37.783016204834 12.8014001846313 13.9297151565552
"289" 41.9133644104004 11.1372919082642 9.41766834259033
"290" 40.0299987792969 12.6251001358032 11.37380027771
"291" 38.3077735900879 12.7433376312256 14.7286882400513
"292" 36.114185333252 13.2124624252319 14.0619354248047
"293" 40.3449401855469 10.3915014266968 9.50024509429932
"294" 38.0531005859375 11.8676996231079 11.1337995529175
"295" 37.259449005127 12.0077781677246 14.1964931488037
"296" 35.6723899841309 13.2155876159668 13.9188251495361
"297" 38.4355354309082 10.1497249603271 9.96299362182617
"298" 36.2753982543945 11.414999961853 12.7190999984741
"299" 14.0984001159668 29.8589992523193 9.36462020874023
"300" 18.4705066680908 31.6206703186035 16.786527633667
"301" 17.582799911499 31.5268993377686 18.5149993896484
"302" 19.9541339874268 33.476978302002 16.7640247344971
"303" 21.137996673584 34.3776550292969 16.5584239959717
"304" 23.6181507110596 34.0544815063477 13.1506414413452
"305" 14.7964601516724 30.2635917663574 6.7986798286438
"306" 18.6531066894531 31.8035755157471 16.5432205200195
"307" 17.3154830932617 31.3801403045654 18.7781143188477
"308" 19.4506130218506 33.0696907043457 16.7664966583252
"309" 22.0869998931885 32.2547988891602 14.5432996749878
"310" 24.2091617584229 32.938346862793 13.2743225097656
"311" 15.0122537612915 29.9260368347168 7.11863708496094
"312" 19.0663433074951 31.1845970153809 14.7270336151123
"313" 17.2241649627686 31.3421649932861 18.8817405700684
"314" 18.3508644104004 31.9879570007324 17.7391777038574
"315" 19.646032333374 32.9374618530273 14.9131212234497
"316" 22.8693008422852 31.7900009155273 14.418999671936
"317" 25.1990509033203 31.4627780914307 13.3604459762573
"318" 15.40505027771 29.3620929718018 7.54399871826172
"319" 18.856330871582 31.0457553863525 15.5746650695801
"320" 17.3213996887207 31.3826007843018 18.7714004516602
"321" 17.929895401001 31.6308193206787 17.9839897155762
"322" 19.0426464080811 31.4764404296875 15.0943489074707
"323" 22.8577995300293 31.2626991271973 13.7843999862671
"324" 25.9148998260498 32.0712013244629 14.8111000061035
"325" 17.0695629119873 28.300329208374 8.17488670349121
"326" 19.3368301391602 29.6592502593994 13.4940624237061
"327" 17.6014671325684 30.601188659668 17.6552829742432
"328" 18.5296459197998 30.1431064605713 15.977952003479
"329" 21.7187004089355 30.4934005737305 14.2867002487183
"330" 25.6928043365479 30.920711517334 13.5293035507202
"331" 17.8624114990234 27.9944553375244 7.70778751373291
"332" 19.1564617156982 28.5758399963379 13.4645481109619
"333" 18.1888847351074 28.947380065918 16.0785617828369
"334" 21.1620998382568 28.833028793335 15.0835065841675
"335" 23.0027008056641 29.997200012207 12.9483003616333
"336" 26.8757419586182 30.3217678070068 14.21741771698
"337" 19.0072364807129 26.6434173583984 7.29949903488159
"338" 18.6869869232178 27.1382255554199 12.8170862197876
"339" 18.5507583618164 27.4612560272217 14.598014831543
"340" 21.5242004394531 27.3131999969482 14.684700012207
"341" 24.7831001281738 28.0506992340088 12.4082002639771
"342" 27.4619369506836 28.7790203094482 14.3263845443726
"343" 20.734094619751 25.2820434570312 5.74023962020874
"344" 21.1674995422363 25.4638996124268 9.05844974517822
"345" 19.8330993652344 26.1215991973877 13.7587003707886
"346" 24.1807994842529 25.6623001098633 12.4456996917725
"347" 26.4968643188477 26.2810897827148 12.8899030685425
"348" 28.4260005950928 27.4258995056152 14.2756004333496
"349" 22.7369003295898 23.9237995147705 5.73751020431519
"350" 23.442699432373 23.4386005401611 10.1830997467041
"351" 22.4708995819092 24.3090000152588 14.5392999649048
"352" 22.4708995819092 24.3090000152588 14.5392999649048
"353" 25.2436180114746 23.9653778076172 11.8939485549927
"354" 27.6909122467041 24.0865478515625 12.140510559082
"355" 29.3978042602539 24.0571098327637 12.8255033493042
"356" 23.8756446838379 20.4694404602051 4.82014656066895
"357" 24.5611000061035 20.0902004241943 9.39480018615723
"358" 19.6660652160645 17.6961078643799 13.4435129165649
"359" 25.3579998016357 18.9531993865967 13.1135997772217
"360" 26.8418006896973 21.3957996368408 10.7185001373291
"361" 29.2734718322754 21.5333080291748 11.0729293823242
"362" 31.1494235992432 21.2401905059814 11.8294706344604
"363" 26.5739002227783 17.8782997131348 5.4638500213623
"364" 24.8474006652832 19.80299949646 9.27334022521973
"365" 21.6125183105469 16.6492195129395 12.1282815933228
"366" 25.9485664367676 18.1103897094727 12.2596864700317
"367" 28.2840995788574 18.8122005462646 9.89618015289307
"368" 31.3445205688477 18.9787292480469 10.4254245758057
"369" 28.0554695129395 16.7221946716309 4.90182209014893
"370" 28.261999130249 16.7943000793457 8.06072044372559
"371" 25.6436996459961 14.5029001235962 12.2892999649048
"372" 29.2238998413086 16.8236999511719 9.35663032531738
"373" 31.3250007629395 15.7046003341675 9.29596996307373
"374" 33.3966636657715 16.3020572662354 10.440577507019
"375" 30.1001148223877 15.2280759811401 5.92151117324829
"376" 29.4722995758057 16.1853008270264 8.74965953826904
"377" 28.9421997070312 15.3964004516602 10.9849004745483
"378" 31.4186992645264 13.9941997528076 10.6364002227783
"379" 32.8904991149902 14.1930999755859 11.1274995803833
"380" 34.9025840759277 13.9395046234131 11.6078233718872
"381" 32.2232933044434 13.1438646316528 5.9242205619812
"382" 31.9799995422363 14.2607002258301 7.95616006851196
"383" 31.5736713409424 13.7925567626953 10.7203855514526
"384" 32.5007019042969 12.6679000854492 12.1794996261597
"385" 34.2159118652344 13.0499200820923 13.1427717208862
"386" 33.7525062561035 11.8247385025024 6.81335592269897
"387" 33.262035369873 12.9416599273682 9.44092082977295
"388" 33.4694442749023 13.0744094848633 12.9470996856689
"389" 34.8913192749023 10.8292531967163 7.9879322052002
"390" 34.2251052856445 12.1515350341797 12.2984590530396
