"V1" "V2" "V3"
"1" 4.80762481689453 25.5619411468506 4.71110057830811
"2" 5.065 26.0341 3.9276
"3" 5.4716 26.7099 3.3709
"4" 5.88 27.3614 2.7865
"5" 6.3585 28.0974 2.3807
"6" 6.8909 28.8281 2.0321
"7" 7.4746 29.5821 2.0401
"8" 8.0675 30.2863 1.7902
"9" 8.7305 30.9899 1.8558
"10" 9.4167 31.671 1.9124
"11" 10.1414 32.3087 1.993
"12" 10.8977 32.8806 2.1873
"13" 11.6286 33.4492 2.4357
"14" 12.3759 33.9342 2.8141
"15" 13.1182 34.4552 2.9189
"16" 13.9905233383179 34.8012046813965 2.75310325622559
"17" 7.82796096801758 16.8713569641113 1.28877544403076
"18" 7.342 17.3458 1.4406
"19" 6.6582 17.3721 1.5444
"20" 5.9836 17.128 1.6269
"21" 5.3147 17.3241 1.5659
"22" 4.6565 17.515 1.4078
"23" 4.0672 17.2094 1.2472
"24" 4.1747 16.6918 0.7585
"25" 4.6362 16.3457 0.4121
"26" 5.3239 16.2225 0.5763
"27" 5.9868 16.0206 0.6903
"28" 6.6277 15.8832 0.4137
"29" 7.3218 16.014 0.387
"30" 7.788 16.4265 0.7324
"31" 4.80762481689453 25.5619411468506 4.71110057830811
"32" 10.8790779113769 28.4260997772217 4.58393096923828
"33" 9.83447265625 32.103443145752 10.85227394104
"34" 9.4237 31.2831 11.3234
"35" 9.0294 30.3704 11.5698
"36" 8.659 29.489 11.9441
"37" 8.1139 28.6392 12.1553
"38" 7.5013 27.8146 12.1424
"39" 6.9279 27.02 11.8592
"40" 6.3105 26.4482 11.2724
"41" 5.7929 25.9906 10.5191
"42" 5.4036 25.9855 9.5751
"43" 5.1745 26.2613 8.6148
"44" 5.1573 26.7042 7.687
"45" 5.5018 27.3052 6.9467
"46" 5.8606 27.9672 6.2568
"47" 6.37 28.756 5.8417
"48" 6.9652 29.573 5.6454
"49" 7.6205 30.3612 5.5711
"50" 8.2178 31.165 5.79
"51" 8.772 31.8779 6.276
"52" 9.2248 32.3954 7.0312
"53" 9.6138 32.6142 7.9556
"54" 9.8581 32.6729 8.9522
"55" 10.0139 32.526 9.9268
"56" 9.25830459594727 23.9386024475098 4.89284706115723
"57" 9.3773 25.1393 4.9038
"58" 9.5235 26.3221 4.7039
"59" 10.0879 27.3751 4.5498
"60" 10.687 28.4231 4.4707
"61" 11.1609 29.525 4.3533
"62" 11.8495 30.4911 4.2474
"63" 12.5212 31.4847 4.3997
"64" 13.176 32.4387 4.7083
"65" 14.1717901229858 32.9326133728027 5.14252853393555
"66" 9.25830459594727 23.9386024475098 4.89284706115723
"67" 14.2240390777588 36.0484924316406 9.62606525421143
"68" 14.1717901229858 32.9326133728027 5.14252853393555
"69" 14.2240390777588 36.0484924316406 9.62606525421143
"70" 14.2719 35.1611 10.8392
"71" 14.2358 33.7965 11.5317
"72" 14.2615 32.3614 12.078
"73" 14.269 30.9127 12.5868
"74" 14.3694 29.5257 13.2434
"75" 14.2967 28.1902 13.9935
"76" 14.2189 26.8137 14.6595
"77" 14.22 25.3029 14.8907
"78" 14.2408 23.7763 15.0005
"79" 14.3466 22.2709 15.2648
"80" 14.3788 20.7595 15.5146
"81" 14.392 19.2304 15.6655
"82" 14.4102 17.711 15.8952
"83" 14.4386 16.1833 16.0586
"84" 14.4602 14.6549 16.2113
"85" 14.5438 13.1538 16.5336
"86" 14.663 11.6502 16.509
"87" 14.9827032089233 10.1883249282837 16.6536026000977
"88" 14.7182989120483 7.07323169708252 5.42506885528565
"89" 14.9827032089233 10.1883249282837 16.6536026000977
"90" 13.9905233383179 34.8012046813965 2.75310325622559
"91" 23.7254104614258 26.1637706756592 4.01097011566162
"92" 23.2085 26.7971 3.2741
"93" 22.7352 27.5685 2.6383
"94" 22.1003 28.3739 2.2268
"95" 21.4626 29.2257 1.9322
"96" 20.7643 30.0305 1.6509
"97" 19.9984 30.8236 1.6193
"98" 19.1994 31.5856 1.626
"99" 18.3504 32.2731 1.7876
"100" 17.5034 32.921 2.0777
"101" 16.6678 33.5088 2.4998
"102" 15.79 34.071 2.8507
"103" 14.9353 34.6073 2.8504
"104" 13.9905233383179 34.8012046813965 2.75310325622559
"105" 23.7254104614258 26.1637706756592 4.01097011566162
"106" 17.6985111236572 28.6934127807617 4.40498924255371
"107" 18.5945854187012 32.4631576538086 10.8087663650513
"108" 19.0897 31.6093 11.2447
"109" 19.4432 30.6518 11.5874
"110" 19.9288 29.7574 11.8456
"111" 20.5087 28.8897 12.0329
"112" 21.1725 28.0417 11.9958
"113" 21.816 27.2423 11.6714
"114" 22.3819 26.4878 11.1582
"115" 22.906 26.2112 10.2629
"116" 23.3151 26.296 9.2815
"117" 23.4244 26.6642 8.2861
"118" 23.2269 27.2235 7.3883
"119" 22.8768 27.8198 6.5609
"120" 22.4359 28.5569 5.9153
"121" 21.8275 29.3697 5.5703
"122" 21.1782 30.216 5.4181
"123" 20.5028 31.0418 5.5756
"124" 19.8799 31.7927 6.0331
"125" 19.3597 32.3901 6.7384
"126" 18.9487 32.6723 7.6935
"127" 18.6432 32.6999 8.7237
"128" 18.4857 32.6978 9.7594
"129" 19.5329551696777 24.2965412139893 4.98027515411377
"130" 19.4413 25.4894 4.9345
"131" 18.9855 26.5728 4.6911
"132" 18.5319 27.6626 4.4848
"133" 17.9168 28.683 4.3791
"134" 17.1874 29.6166 4.1963
"135" 16.4683 30.557 4.2955
"136" 15.9115 31.5991 4.3942
"137" 15.1778 32.4856 4.7274
"138" 14.1717901229858 32.9326133728027 5.14252853393555
"139" 19.5329551696777 24.2965412139893 4.98027515411377
"140" 7.73447465896606 17.0299053192139 1.20277082920074
"141" 7.86836004257202 16.6944007873535 0.925499022006989
"142" 7.85363912582397 16.4715785980225 0.758298397064209
"143" 7.43415832519531 16.1127796173096 0.47101229429245
"144" 7.20026016235352 15.8945999145508 0.303252011537552
"145" 7.28348684310913 17.2252922058105 1.35550689697266
"146" 7.37167930603027 17.001781463623 1.23127961158752
"147" 7.08925008773804 16.8194999694824 1.13734996318817
"148" 6.99793195724487 16.1048069000244 0.522624790668488
"149" 6.70472002029419 16.0433006286621 0.473118007183075
"150" 6.84336996078491 17.198600769043 1.34659004211426
"151" 6.79309606552124 17.0817699432373 1.28722739219666
"152" 6.64827013015747 16.7999000549316 1.14593994617462
"153" 6.70472002029419 16.0433006286621 0.473118007183075
"154" 6.37198257446289 15.8709774017334 0.480994939804077
"155" 6.60891008377075 17.2255001068115 1.39005994796753
"156" 6.56888818740845 17.0289249420166 1.28539144992828
"157" 6.4764347076416 16.8936557769775 1.2419319152832
"158" 6.33948659896851 16.1776008605957 0.719987094402313
"159" 6.29889059066772 15.8843479156494 0.520342230796814
"160" 6.41577911376953 17.1393280029297 1.42120337486267
"161" 6.39055013656616 17.0587997436523 1.37424004077911
"162" 6.33858728408813 16.7163333892822 1.1777321100235
"163" 5.38536500930786 16.3700637817383 0.731559693813324
"164" 6.29946517944336 15.884202003479 0.51999169588089
"165" 6.420973777771 17.1559085845947 1.43087291717529
"166" 5.43234539031982 16.909236907959 1.25101840496063
"167" 5.38261461257935 16.7568988800049 1.09246230125427
"168" 5.37598562240601 16.3724689483643 0.727367877960205
"169" 5.42363023757935 16.1756992340088 0.601273000240326
"170" 5.46542358398438 17.0916538238525 1.45119106769562
"171" 5.3143253326416 16.9707317352295 1.2300169467926
"172" 5.27842664718628 16.538366317749 0.821148276329041
"173" 5.24082946777344 16.2544956207275 0.539405107498169
"174" 5.18139839172363 17.131462097168 1.31146907806396
"175" 5.20282125473022 17.0046882629395 1.19443094730377
"176" 5.07599353790283 16.8389301300049 0.97773265838623
"177" 5.06180477142334 16.3036823272705 0.45902892947197
"178" 4.84718227386475 17.5486125946045 1.45428240299225
"179" 4.77567005157471 17.0914287567139 1.03199553489685
"180" 4.78320217132568 16.8548755645752 0.842049837112427
"181" 4.79484987258911 16.3595294952393 0.419108301401138
"182" 4.51923990249634 17.6291007995605 1.33306002616882
"183" 4.58103704452515 17.1159362792969 0.973954260349274
"184" 4.6101861000061 16.9409942626953 0.841949641704559
"185" 4.65814924240112 16.4768238067627 0.511621415615082
"186" 4.33278322219849 17.1331996917725 1.00311923027039
"187" 4.37025880813599 16.9256324768066 0.832204937934875
"188" 4.35952806472778 16.7530632019043 0.722528696060181
"189" 5.37203454971313 25.8855876922607 5.06829166412354
"190" 5.64908742904663 25.8926753997803 5.64689493179321
"191" 6.2870512008667 25.9836654663086 5.85934209823608
"192" 6.99349403381348 25.8124732971191 5.97301292419434
"193" 7.35333013534546 25.8529872894287 5.74299812316895
"194" 8.32512187957764 24.9787254333496 5.5268759727478
"195" 8.73680591583252 24.5137729644775 5.21654462814331
"196" 5.59581804275513 26.4300727844238 4.36422538757324
"197" 5.91982984542847 26.4228897094727 5.13852024078369
"198" 6.37623023986816 26.3397693634033 5.50394535064697
"199" 6.56918096542358 26.3779716491699 5.48739051818848
"200" 7.91392993927002 25.9491996765137 5.35785007476807
"201" 8.53536224365234 25.5360870361328 5.15563058853149
"202" 5.92145586013794 26.9242744445801 4.13431978225708
"203" 6.17897987365723 26.9268226623535 4.62203168869019
"204" 6.77275419235229 26.7309398651123 5.23862934112549
"205" 7.00341415405273 26.7341346740723 5.2120246887207
"206" 7.62416839599609 26.6601257324219 5.08694314956665
"207" 8.54055213928223 26.0778732299805 4.99638605117798
"208" 8.84274101257324 25.8145179748535 4.93293952941895
"209" 6.22130298614502 27.4130115509033 3.77389860153198
"210" 6.56898880004883 27.382999420166 4.4824686050415
"211" 6.96641826629639 27.1957950592041 4.93914461135864
"212" 7.45366668701172 27.1448631286621 4.90839290618896
"213" 7.73743581771851 26.9563064575195 4.90800476074219
"214" 8.46146297454834 26.4537773132324 4.88840675354004
"215" 6.46734762191772 27.9051303863525 3.29884839057922
"216" 6.78527212142944 27.836935043335 4.11531209945679
"217" 7.36838817596436 27.6179504394531 4.72550678253174
"218" 7.16651821136475 27.8429908752441 4.51867341995239
"219" 7.83371591567993 27.5499935150146 4.69577217102051
"220" 8.56258010864258 26.9568996429443 4.7436900138855
"221" 9.52350044250488 26.6793003082275 4.62867021560669
"222" 6.66010427474976 28.2964172363281 2.87121629714966
"223" 7.89279842376709 28.0826072692871 4.48923110961914
"224" 7.82786130905151 28.1429901123047 4.47685718536377
"225" 7.67691564559937 28.4609470367432 4.29895496368408
"226" 8.13683319091797 27.9977798461914 4.50093650817871
"227" 8.57664966583252 27.5839996337891 4.61031007766724
"228" 9.40175724029541 26.8443946838379 4.65570259094238
"229" 7.32846212387085 29.041561126709 2.99624538421631
"230" 7.57096815109253 28.9596080780029 3.75870108604431
"231" 8.39412117004395 28.5862083435059 4.34934568405151
"232" 8.13580799102783 28.9204750061035 4.57944250106812
"233" 7.81646966934204 28.9634227752686 3.97876501083374
"234" 9.09741020202637 27.8623008728027 4.59967994689941
"235" 9.85789966583252 27.5746002197266 4.50653982162476
"236" 7.73841381072998 29.5368175506592 2.92087864875793
"237" 8.04350280761719 29.562614440918 3.66118788719177
"238" 8.816650390625 29.130407333374 4.15730667114258
"239" 8.67417144775391 29.3508968353271 4.5734920501709
"240" 8.81219482421875 29.0121402740479 4.20038175582886
"241" 9.72422027587891 28.2329998016357 4.50395011901855
"242" 8.29179859161377 30.2339134216309 2.78132724761963
"243" 8.44563579559326 30.1933326721191 3.34012389183044
"244" 9.20057582855225 29.7813415527344 4.19791507720947
"245" 8.37773323059082 30.2947883605957 3.88628101348877
"246" 9.37747287750244 29.565824508667 4.17026042938232
"247" 9.28343296051025 29.3675212860107 4.20558452606201
"248" 10.1612997055054 28.2430992126465 4.45618009567261
"249" 8.77475643157959 30.7346725463867 2.80824756622314
"250" 9.19302272796631 30.7505912780762 3.58506488800049
"251" 9.25755977630615 30.7798595428467 3.64360570907593
"252" 9.58401203155518 30.5778522491455 3.9123797416687
"253" 9.69533634185791 30.3275775909424 4.020432472229
"254" 10.7423915863037 29.7346992492676 4.34801816940308
"255" 11.2140398025513 29.4944915771484 4.31717586517334
"256" 9.50648975372314 31.4923992156982 2.74903011322021
"257" 9.70938301086426 31.4726905822754 3.45963573455811
"258" 9.88779544830322 31.3603172302246 3.74874782562256
"259" 10.1267309188843 31.297908782959 3.93436670303345
"260" 9.79098892211914 31.7125282287598 2.9787495136261
"261" 11.2294998168945 30.5217990875244 4.20726013183594
"262" 11.6468000411987 30.2716007232666 4.19928979873657
"263" 10.1475477218628 32.1331253051758 2.71492147445679
"264" 10.6121234893799 31.3838272094727 4.0458836555481
"265" 10.459566116333 32.2667999267578 3.86201977729797
"266" 11.1572818756104 31.9180545806885 4.12791395187378
"267" 10.9152688980103 32.6759757995605 3.20216155052185
"268" 12.3617544174194 31.3445682525635 4.34068155288696
"269" 10.7320928573608 32.5967864990234 2.84814167022705
"270" 10.9335126876831 32.269718170166 3.96276450157166
"271" 11.2282705307007 32.6175956726074 3.98082661628723
"272" 11.4808979034424 32.4896583557129 4.45644474029541
"273" 11.5506315231323 33.1053047180176 3.55991864204407
"274" 12.6122999191284 32.1134986877441 4.46458005905151
"275" 11.4061517715454 33.08203125 3.30693888664246
"276" 11.6630792617798 32.708797454834 4.25322484970093
"277" 11.8160629272461 32.9507293701172 4.26347303390503
"278" 12.26291847229 33.6694107055664 3.53984594345093
"279" 13.2404003143311 32.5121994018555 4.73749017715454
"280" 11.8208627700806 33.4125099182129 3.31320858001709
"281" 11.9710931777954 33.3026351928711 4.10714435577393
"282" 12.151312828064 33.7116088867188 3.80223298072815
"283" 12.7376775741577 33.962760925293 3.82630181312561
"284" 13.0265998840332 34.1407012939453 3.95321011543274
"285" 12.2453680038452 33.7830047607422 3.10615396499634
"286" 12.4736385345459 33.6882438659668 4.15049886703491
"287" 12.9554767608643 33.7698707580566 4.74317312240601
"288" 13.6025009155273 34.329029083252 4.64985752105713
"289" 12.9780187606812 34.2454986572266 3.3273983001709
"290" 12.9427490234375 34.0444831848145 4.1940541267395
"291" 13.4744472503662 33.8149528503418 5.13303518295288
"292" 14.0338478088379 34.3310585021973 5.01133251190186
"293" 13.2125997543335 34.3176002502441 3.62862992286682
"294" 13.4528245925903 34.3211517333984 4.32201099395752
"295" 13.7586498260498 34.1357536315918 5.15858173370361
"296" 14.0924186706543 33.8519439697266 5.35649871826172
"297" 13.6391744613647 34.6142997741699 3.75173735618591
"298" 13.9759893417358 34.388427734375 4.86073970794678
"299" 22.9915504455566 26.51735496521 4.78189086914062
"300" 22.7689151763916 26.4595241546631 5.26362323760986
"301" 22.2204322814941 26.3561840057373 5.61076164245605
"302" 22.040943145752 26.4032878875732 5.52370262145996
"303" 21.1490936279297 26.0175285339355 5.57885932922363
"304" 19.9903049468994 25.1425533294678 5.20101404190063
"305" 23.0787467956543 26.7420787811279 3.98590540885925
"306" 22.473762512207 26.9378242492676 4.86153936386108
"307" 21.9519824981689 26.8147392272949 5.19761991500854
"308" 21.8429908752441 26.9327373504639 5.10019493103027
"309" 20.4574279785156 26.3103065490723 5.03797054290771
"310" 19.8589458465576 25.7652988433838 4.98113203048706
"311" 22.4681301116943 27.4588108062744 3.73851680755615
"312" 22.1947441101074 27.4132061004639 4.38422298431396
"313" 21.5943470001221 27.2685260772705 4.91780710220337
"314" 21.4363250732422 27.1863746643066 4.94331073760986
"315" 20.857400894165 27.0340995788574 4.86916017532349
"316" 20.2776222229004 26.7971591949463 4.77077150344849
"317" 19.4988231658936 26.6367301940918 4.67544412612915
"318" 22.1738262176514 27.9327335357666 3.33080148696899
"319" 21.6762237548828 27.9101791381836 4.29500007629395
"320" 21.2433204650879 27.7479476928711 4.61814165115356
"321" 21.1240291595459 27.8995189666748 4.98081350326538
"322" 20.6364688873291 27.4923076629639 4.64387321472168
"323" 20.1515502929688 27.2670097351074 4.62862253189087
"324" 19.2914638519287 27.0432186126709 4.58357286453247
"325" 21.8295154571533 28.4045124053955 3.15183401107788
"326" 21.5117721557617 28.4392070770264 3.79200983047485
"327" 20.7403469085693 28.3002471923828 4.35528516769409
"328" 20.9022254943848 28.5236492156982 4.23781394958496
"329" 20.3490581512451 28.3552742004395 4.30216073989868
"330" 19.4500751495361 27.8374481201172 4.46806955337524
"331" 21.2349529266357 29.1196193695068 2.96477508544922
"332" 20.8513774871826 29.0229263305664 3.82609438896179
"333" 20.3760719299316 28.8879261016846 4.1531457901001
"334" 20.0635967254639 28.7015972137451 4.20660448074341
"335" 20.0459060668945 28.7420387268066 4.19090223312378
"336" 19.3400707244873 27.9088287353516 4.44132089614868
"337" 20.7848777770996 29.6741905212402 2.79495906829834
"338" 20.3168411254883 29.559061050415 3.80874466896057
"339" 19.7309246063232 29.3709907531738 3.99858140945435
"340" 20.0025157928467 29.5782012939453 3.86218047142029
"341" 20.1841735839844 29.4599514007568 3.94396901130676
"342" 19.004337310791 28.7039127349854 4.35281276702881
"343" 20.2551975250244 30.3056697845459 2.56885027885437
"344" 20.0668983459473 30.2104530334473 3.37173843383789
"345" 19.1331882476807 29.8703784942627 3.98627734184265
"346" 19.2423248291016 29.8613052368164 3.9384822845459
"347" 19.3073673248291 29.859338760376 3.91296720504761
"348" 18.1000652313232 29.058422088623 4.34524965286255
"349" 19.6579036712646 30.8781051635742 2.65398550033569
"350" 19.3041038513184 30.7646465301514 3.50080966949463
"351" 19.2440185546875 30.7743244171143 4.43988466262817
"352" 18.9852447509766 30.6813850402832 4.36543273925781
"353" 18.5051307678223 30.3803367614746 4.04463481903076
"354" 18.6061611175537 30.6276206970215 3.91484093666077
"355" 17.2125797271729 30.0538711547852 4.1378026008606
"356" 18.9994983673096 31.5638656616211 2.48386430740356
"357" 18.8097801208496 31.5701942443848 3.48051524162292
"358" 18.6682147979736 31.54176902771 4.51233434677124
"359" 18.5903453826904 31.7910194396973 4.16932153701782
"360" 17.7880516052246 31.2150783538818 4.00624132156372
"361" 17.5858325958252 31.3789520263672 4.03016424179077
"362" 16.7777347564697 31.1062660217285 4.23582458496094
"363" 17.9430618286133 32.3500785827637 3.01323890686035
"364" 17.8991222381592 32.1548538208008 4.10600471496582
"365" 17.8551464080811 32.1181259155273 4.43420362472534
"366" 17.6921501159668 32.4344062805176 4.17689609527588
"367" 17.0633220672607 32.0087623596191 4.17807483673096
"368" 16.3789005279541 31.8541641235352 4.34659290313721
"369" 17.3208160400391 32.8807601928711 3.13269567489624
"370" 17.2139892578125 32.7301712036133 3.82306528091431
"371" 17.1641998291016 32.4901847839355 4.09706878662109
"372" 16.8899745941162 33.0224227905273 3.83877897262573
"373" 16.53564453125 33.3793144226074 3.47417140007019
"374" 15.4504880905151 32.2217674255371 4.56886529922485
"375" 16.6149806976318 33.3703575134277 3.3367292881012
"376" 16.484920501709 33.0983276367188 4.21729469299316
"377" 16.621545791626 33.0920372009277 4.09989595413208
"378" 15.8472967147827 33.8124465942383 3.72502470016479
"379" 15.2625541687012 34.1563034057617 4.07364320755005
"380" 14.8349990844727 34.3465385437012 4.20954895019531
"381" 16.1007537841797 33.7201385498047 3.37986135482788
"382" 15.8057794570923 33.7877235412598 4.00020217895508
"383" 15.5762186050415 33.6538925170898 4.67581462860107
"384" 15.0053691864014 34.2292861938477 4.62137174606323
"385" 14.5454893112183 33.8531646728516 5.25858879089355
"386" 15.3246536254883 34.2087211608887 3.60009050369263
"387" 15.2970361709595 34.1144027709961 4.22633743286133
"388" 14.6772356033325 33.8567810058594 5.19273662567139
"389" 14.881121635437 34.4157104492188 3.73834943771362
"390" 14.6069021224976 34.292121887207 4.87425374984741
