"V1" "V2" "V3"
"1" 24.2943286895752 12.0061950683594 36.6698379516602
"2" 23.4792 11.4562 36.5756
"3" 22.6774 10.9018 36.7305
"4" 22.0069 10.1569 36.6998
"5" 21.344 9.4225 36.8845
"6" 20.5643 8.7926 36.8792
"7" 19.74 8.23 36.9756
"8" 18.8689 7.7387 37.0429
"9" 18.1214 7.1598 37.373
"10" 17.5968 6.5924 38.0115
"11" 17.0441 5.9647 38.5646
"12" 16.4984 5.2961 39.0697
"13" 15.9465 4.514 39.3763
"14" 15.3599 3.7265 39.5301
"15" 14.5275 3.1919 39.429
"16" 13.5995998382568 3.02952480316162 39.7196006774902
"17" 19.8009567260742 25.48166847229 34.266674041748
"18" 20.4423 24.9445 34.5374
"19" 21.2898 24.9798 34.6424
"20" 22.1432 25.012 34.6364
"21" 22.8562 24.5863 34.4274
"22" 23.4137 24.3077 33.7849
"23" 24.0167 24.3818 33.1954
"24" 24.0552 25.092 32.6804
"25" 23.8557 25.934 32.4783
"26" 23.2317 26.3224 32.8624
"27" 22.5943 26.2972 33.4668
"28" 21.8426 26.366 33.9131
"29" 20.9723 26.322 33.7889
"30" 20.1204 26.1462 33.8403
"31" 24.2943286895752 12.0061950683594 36.6698379516602
"32" 16.0376472473144 12.1438913345337 41.279598236084
"33" 19.7268257141113 6.66559982299805 46.4767150878906
"34" 19.8565 7.205 47.2701
"35" 20.0437 8.0448 47.764
"36" 20.3097 8.8831 48.2127
"37" 20.7682 9.7526 48.3267
"38" 21.3463 10.5529 48.2485
"39" 22.0172 11.1822 47.8919
"40" 22.5926 11.7985 47.3601
"41" 23.1684 12.2473 46.6948
"42" 23.616 12.4167 45.8292
"43" 23.9004 12.3206 44.8906
"44" 24.0038 12.0349 43.943
"45" 23.8749 11.5723 43.0717
"46" 23.5686 10.9583 42.3596
"47" 23.133 10.264 41.8053
"48" 22.6062 9.4851 41.4739
"49" 22.0134 8.7372 41.2621
"50" 21.3224 8.0503 41.4718
"51" 20.6261 7.5167 41.9367
"52" 20.2439 6.9901 42.6728
"53" 19.9557 6.6407 43.5594
"54" 19.818 6.4092 44.5134
"55" 19.7544 6.4926 45.4953
"56" 18.3423633575439 17.1375007629394 39.398811340332
"57" 17.9766 16.5003 39.8598
"58" 17.6781 15.8147 40.3372
"59" 17.1878 15.1978 40.7513
"60" 16.7116 14.45 40.8622
"61" 16.4472 13.6542 41.1277
"62" 16.0605 12.8488 41.1574
"63" 15.8309 12.0376 41.3366
"64" 15.3684 11.3035 41.5201
"65" 14.7166538238525 10.7537975311279 41.7804260253906
"66" 18.3423633575439 17.1375007629394 39.398811340332
"67" 14.8821229934692 0.620176315307617 46.8412094116211
"68" 14.7166538238525 10.7537975311279 41.7804260253906
"69" 14.8821229934692 0.620176315307617 46.8412094116211
"70" 14.9477 1.9491 47.8713
"71" 15.0248 3.4938 48.5695
"72" 15.0473 5.1156 49.0228
"73" 15.0565 6.7959 49.2197
"74" 15.0087 8.4795 49.0982
"75" 14.8748 10.1562 49.2727
"76" 14.9766 11.8101 49.5982
"77" 15.072 13.4608 49.9823
"78" 15.2603 15.1156 50.3084
"79" 15.4033 16.7805 50.6013
"80" 15.5312 18.4436 50.9188
"81" 15.7355 20.1008 51.2173
"82" 15.9256 21.7864 51.269
"83" 16.1626 23.4256 51.6361
"84" 16.2112 25.0823 52.0092
"85" 16.3158 26.7615 52.1631
"86" 16.3736 28.4565 52.0881
"87" 16.2846660614014 30.1018486022949 51.773006439209
"88" 14.2068405151367 32.9175033569336 37.0506973266602
"89" 16.2846660614014 30.1018486022949 51.773006439209
"90" 13.5995998382568 3.02952480316162 39.7196006774902
"91" 4.53088092803955 14.0062465667725 39.4012145996094
"92" 5.1443 13.0537 39.2619
"93" 5.6582 12.0224 39.2668
"94" 6.1833 11.0035 39.1757
"95" 6.8403 10.0713 39.0283
"96" 7.6757 9.2944 38.8852
"97" 8.5285 8.5319 38.7819
"98" 9.3618 7.7808 38.7686
"99" 10.0813 7.0118 39.2231
"100" 10.7767 6.2485 39.7302
"101" 11.4156 5.3444 40.0392
"102" 11.9463 4.3344 40.1054
"103" 12.5902 3.4694 39.7703
"104" 13.5995998382568 3.02952480316162 39.7196006774902
"105" 4.53088092803955 14.0062465667725 39.4012145996094
"106" 13.5423192977905 12.3060417175293 41.5932350158691
"107" 10.5317935943603 7.3126049041748 47.8899536132812
"108" 10.7525 7.985 48.614
"109" 10.8712 8.8162 49.2008
"110" 10.7553 9.7143 49.6882
"111" 10.3407 10.6241 49.8835
"112" 9.7016 11.4073 49.9125
"113" 8.9897 12.1219 49.7125
"114" 8.2889 12.739 49.3335
"115" 7.5871 13.1754 48.7324
"116" 6.955 13.3273 47.9421
"117" 6.5405 13.1811 47.0262
"118" 6.2509 12.8249 46.1072
"119" 6.1504 12.2716 45.2512
"120" 6.242 11.572 44.5067
"121" 6.5696 10.765 43.9629
"122" 7.0088 9.9255 43.5841
"123" 7.6112 9.0966 43.5587
"124" 8.3254 8.3972 43.7669
"125" 8.9178 7.7935 44.3318
"126" 9.4288 7.3921 45.1279
"127" 9.8071 7.0836 46.0327
"128" 10.1209 6.9929 47.0006
"129" 10.5909614562988 17.4213600158691 40.335994720459
"130" 11.1904 16.7993 40.7089
"131" 11.6044 16.129 41.1816
"132" 12.0525 15.4002 41.428
"133" 12.6825 14.7223 41.4852
"134" 13.0041 13.8888 41.7044
"135" 13.3669 13.0513 41.503
"136" 13.5955 12.153 41.6106
"137" 13.9537 11.3027 41.7381
"138" 14.7166538238525 10.7537975311279 41.7804260253906
"139" 10.5909614562988 17.4213600158691 40.335994720459
"140" 20.4098739624023 25.3563346862793 34.0911560058594
"141" 20.5018539428711 25.671199798584 33.8956336975098
"142" 20.6261577606201 25.8785438537598 33.7775192260742
"143" 20.8057422637939 26.0398178100586 33.7262573242188
"144" 21.0740947723389 26.2214527130127 33.7632713317871
"145" 20.7508201599121 25.1957168579102 34.1493186950684
"146" 20.8553085327148 25.4714756011963 33.9374923706055
"147" 20.9890842437744 25.712043762207 33.8593254089355
"148" 21.1602573394775 25.9288349151611 33.8276977539062
"149" 21.4925632476807 26.1471500396729 33.8613586425781
"150" 21.1236114501953 25.2007846832275 34.2475357055664
"151" 21.2700023651123 25.4881820678711 34.0951538085938
"152" 21.0524406433105 25.6187858581543 33.9292907714844
"153" 21.278881072998 26.0575313568115 33.8172492980957
"154" 21.5482215881348 26.1775493621826 33.8735466003418
"155" 21.4461307525635 25.2633438110352 34.3583641052246
"156" 21.3672962188721 25.4320602416992 34.1757774353027
"157" 22.4326839447021 25.4348201751709 33.9415817260742
"158" 22.545202255249 25.8056507110596 33.5829162597656
"159" 22.4412288665771 26.1833457946777 33.5835113525391
"160" 22.4958190917969 25.1329650878906 34.139591217041
"161" 22.0623645782471 25.5267219543457 34.1985282897949
"162" 22.1837768554688 25.713451385498 33.9874992370605
"163" 22.3426132202148 25.8779735565186 33.7506332397461
"164" 22.492374420166 26.0815887451172 33.5654296875
"165" 22.2743301391602 25.2633266448975 34.2781562805176
"166" 22.4199523925781 25.4129981994629 33.9694862365723
"167" 22.5134525299072 25.6072540283203 33.7398872375488
"168" 22.6753540039062 25.8583431243896 33.4481086730957
"169" 22.814582824707 26.1196403503418 33.2673225402832
"170" 22.6343479156494 25.0171051025391 34.0691871643066
"171" 22.7283802032471 25.2953605651855 33.6971435546875
"172" 22.8515758514404 25.6531925201416 33.3400421142578
"173" 23.0300750732422 26.0702629089355 33.0451431274414
"174" 22.9360256195068 24.8091068267822 33.8481674194336
"175" 22.9541721343994 25.0844573974609 33.5776863098145
"176" 23.0358600616455 25.3255004882812 33.2645797729492
"177" 23.1707668304443 25.8161678314209 32.8987312316895
"178" 23.2282772064209 24.5422477722168 33.6777725219727
"179" 23.2310123443604 24.9123516082764 33.2964096069336
"180" 23.3085479736328 25.2684841156006 32.9717216491699
"181" 23.4795188903809 25.712194442749 32.677318572998
"182" 23.4924030303955 24.5440540313721 33.3311195373535
"183" 23.5586833953857 24.8321723937988 33.0174827575684
"184" 23.5788021087646 25.1317100524902 32.7926330566406
"185" 23.690731048584 25.6141777038574 32.5535621643066
"186" 23.88942527771 24.6886100769043 32.9538993835449
"187" 23.8777446746826 24.9697914123535 32.7654418945312
"188" 23.9767055511475 25.3142490386963 32.5606880187988
"189" 23.3943386077881 11.964617729187 37.9554977416992
"190" 22.8989925384521 12.1083602905273 39.045654296875
"191" 21.777494430542 12.3971462249756 39.7938575744629
"192" 21.4171237945557 13.4889059066772 39.7394676208496
"193" 20.4549465179443 14.3664302825928 39.8979988098145
"194" 19.6095600128174 15.2816381454468 39.7637062072754
"195" 19.3013648986816 16.3703918457031 39.4825744628906
"196" 22.8284225463867 11.6202125549316 37.576099395752
"197" 22.4215240478516 12.1818752288818 38.9406509399414
"198" 21.7397117614746 11.8543386459351 40.1883354187012
"199" 20.6739959716797 13.1154470443726 39.978889465332
"200" 20.0345630645752 14.2868251800537 39.9333801269531
"201" 19.1109771728516 15.3515596389771 39.9069137573242
"202" 22.4491672515869 11.6353712081909 38.0314331054688
"203" 21.950891494751 11.2481927871704 38.8261032104492
"204" 21.1426334381104 11.8122034072876 39.7228660583496
"205" 20.6756324768066 12.1441450119019 39.9545669555664
"206" 19.9233360290527 13.5048513412476 40.0919456481934
"207" 19.322057723999 14.5348291397095 40.1774597167969
"208" 18.4460124969482 15.4599018096924 40.1239814758301
"209" 22.1147136688232 10.850043296814 37.9057083129883
"210" 21.4949932098389 10.7158012390137 39.1968307495117
"211" 20.7917976379395 11.2962999343872 39.7395133972168
"212" 20.0385246276855 12.0656232833862 40.2230606079102
"213" 19.6476955413818 13.2310285568237 40.2700386047363
"214" 18.4680995941162 14.7763996124268 40.4090003967285
"215" 21.6656265258789 10.0696926116943 37.7008666992188
"216" 20.8786640167236 10.8438415527344 39.6328239440918
"217" 20.4057121276855 10.8574476242065 39.9457740783691
"218" 20.0318965911865 11.1644668579102 40.2094688415527
"219" 19.4672374725342 12.2337970733643 40.4607963562012
"220" 18.062952041626 13.3847875595093 40.7855415344238
"221" 17.2680969238281 14.3398132324219 40.8055114746094
"222" 21.1900444030762 9.50839233398438 37.5988235473633
"223" 20.6517734527588 10.3636646270752 39.6998901367188
"224" 20.1141490936279 10.2028760910034 40.043285369873
"225" 19.6196842193604 10.4327793121338 40.311279296875
"226" 19.4259662628174 11.1528654098511 40.4726028442383
"227" 18.2013359069824 12.3393564224243 40.7845802307129
"228" 17.4979000091553 13.8510999679565 40.8004989624023
"229" 20.4653167724609 8.85483646392822 37.935115814209
"230" 20.1126747131348 9.90171909332275 39.988956451416
"231" 19.6611289978027 9.94329166412354 40.2290191650391
"232" 19.3490505218506 10.2719783782959 40.4086875915527
"233" 18.8267707824707 11.0374689102173 40.636661529541
"234" 17.9305324554443 12.2235593795776 40.8405342102051
"235" 17.0274562835693 13.0985403060913 41.0391502380371
"236" 19.9777221679688 8.47063446044922 38.0154647827148
"237" 19.3633499145508 9.38236999511719 40.0919036865234
"238" 19.1137752532959 9.69059467315674 40.3336868286133
"239" 18.8684825897217 9.91941833496094 40.454647064209
"240" 18.0249862670898 11.18528175354 40.8025131225586
"241" 16.835765838623 12.2207117080688 40.9369697570801
"242" 19.107177734375 7.92517852783203 37.7641677856445
"243" 18.761474609375 8.7050838470459 40.0671043395996
"244" 18.5184421539307 9.29162406921387 40.3786277770996
"245" 18.7865886688232 9.28137588500977 40.3078575134277
"246" 18.090518951416 9.9481725692749 40.6063995361328
"247" 17.1504173278809 10.9220294952393 40.8721656799316
"248" 16.4447002410889 11.964599609375 40.92919921875
"249" 18.5380058288574 7.52794456481934 38.0100021362305
"250" 18.0897884368896 8.74067687988281 40.2878150939941
"251" 18.3641033172607 8.59848117828369 40.2431030273438
"252" 17.6955165863037 9.30178642272949 40.4825592041016
"253" 17.0475654602051 9.94238662719727 40.754264831543
"254" 16.6336669921875 11.0780353546143 40.9447441101074
"255" 16.2287998199463 11.8368997573853 40.9956016540527
"256" 17.9807243347168 7.07078218460083 38.8287353515625
"257" 17.5948181152344 8.31435871124268 40.3972244262695
"258" 17.7987689971924 8.16778469085693 40.3008499145508
"259" 17.329439163208 8.79164123535156 40.532772064209
"260" 16.9395313262939 9.21396923065186 40.7547607421875
"261" 16.319637298584 10.4668245315552 41.0376129150391
"262" 15.8034000396729 10.7982997894287 41.2871017456055
"263" 17.5121669769287 6.57950258255005 38.9204902648926
"264" 17.6406517028809 7.42660331726074 40.8266181945801
"265" 17.1065368652344 7.81139469146729 40.7410583496094
"266" 16.39621925354 8.77896595001221 41.0284729003906
"267" 15.8463497161865 9.20202445983887 41.1646461486816
"268" 15.5999164581299 10.3927888870239 41.354248046875
"269" 16.9238796234131 5.8604621887207 39.4907493591309
"270" 17.084508895874 6.67806005477905 40.8440017700195
"271" 16.7256603240967 7.31774997711182 41.1452522277832
"272" 16.3148708343506 8.06069755554199 41.1604080200195
"273" 16.2053928375244 8.723388671875 41.1087112426758
"274" 15.7585000991821 9.83117961883545 41.2023010253906
"275" 16.4436149597168 5.5726637840271 40.8965759277344
"276" 16.6034851074219 6.4782862663269 41.3317947387695
"277" 16.0753192901611 7.52575206756592 41.5912399291992
"278" 15.8363552093506 8.70852279663086 41.3159294128418
"279" 14.7324028015137 9.85087585449219 41.876335144043
"280" 16.1859264373779 4.89412927627563 39.5976295471191
"281" 16.6094741821289 5.7815580368042 40.7923393249512
"282" 16.496114730835 6.38427829742432 41.3951988220215
"283" 15.8351068496704 7.61049032211304 41.7546081542969
"284" 14.9519233703613 9.09874725341797 41.973518371582
"285" 15.9816799163818 4.61159181594849 39.3952903747559
"286" 16.1835994720459 6.3887300491333 41.7304992675781
"287" 15.7521543502808 6.21259355545044 42.2233963012695
"288" 14.9890003204346 7.53960990905762 42.3998985290527
"289" 15.2712001800537 3.84087991714478 39.9518013000488
"290" 15.6190996170044 4.64803981781006 41.3231010437012
"291" 15.1846685409546 5.97169160842896 42.929271697998
"292" 14.8317203521729 6.5041675567627 42.9830360412598
"293" 14.4891548156738 3.42051935195923 40.453182220459
"294" 13.4187049865723 3.77905106544495 41.590950012207
"295" 13.3721046447754 3.88650608062744 42.0455551147461
"296" 14.8615350723267 5.93858242034912 43.1726913452148
"297" 14.3843154907227 3.4916934967041 40.827220916748
"298" 14.2276477813721 3.63918733596802 41.7495307922363
"299" 5.49984931945801 13.9252510070801 40.5269165039062
"300" 6.72480440139771 13.3400030136108 41.1360092163086
"301" 7.20944404602051 13.6413793563843 41.4787712097168
"302" 8.09145450592041 14.568660736084 41.8252258300781
"303" 8.62477016448975 15.2625293731689 41.4961395263672
"304" 9.87486362457275 16.5247669219971 40.6838455200195
"305" 5.57108020782471 13.4146003723145 40.2507019042969
"306" 6.90106916427612 13.4045581817627 41.2834434509277
"307" 7.61584854125977 13.0220785140991 41.6718826293945
"308" 8.60123443603516 14.080717086792 41.7032089233398
"309" 9.50255680084229 15.0900020599365 41.3046607971191
"310" 10.3911228179932 16.1220436096191 40.9052505493164
"311" 6.05865955352783 12.6066207885742 40.1485824584961
"312" 6.79354238510132 12.4709005355835 41.1825942993164
"313" 7.96229410171509 12.411280632019 41.7217597961426
"314" 8.49616432189941 13.1743183135986 41.795108795166
"315" 9.11492347717285 13.9513149261475 41.5942840576172
"316" 10.3592071533203 14.9125509262085 41.4397583007812
"317" 11.1387958526611 15.5470962524414 41.2169609069824
"318" 6.14226055145264 11.9613628387451 39.9407730102539
"319" 7.31890201568604 11.7281255722046 41.509033203125
"320" 8.23837184906006 11.9179944992065 41.7917098999023
"321" 8.54248142242432 12.1468019485474 41.7743988037109
"322" 9.3155517578125 13.128568649292 41.7643165588379
"323" 10.3206510543823 14.233302116394 41.6261253356934
"324" 11.7613077163696 14.4903545379639 41.4973907470703
"325" 6.60973072052002 11.0960159301758 40.050952911377
"326" 8.22181510925293 11.8001041412354 41.6405220031738
"327" 8.63734912872314 11.3369388580322 41.7557640075684
"328" 9.52517986297607 11.9298629760742 41.9208488464355
"329" 10.1057271957397 12.555248260498 41.912956237793
"330" 11.7495002746582 13.7731952667236 41.6285400390625
"331" 7.1768651008606 10.2729616165161 40.0301704406738
"332" 8.64932346343994 11.1578044891357 41.7442359924316
"333" 9.10233592987061 10.8016052246094 41.8473472595215
"334" 10.191162109375 11.3979473114014 41.9547996520996
"335" 10.9280605316162 12.1000576019287 41.8890533447266
"336" 12.1034002304077 13.3843002319336 41.6119995117188
"337" 7.89501094818115 9.48114490509033 39.9624900817871
"338" 9.58547306060791 10.5270519256592 41.8658676147461
"339" 9.76859283447266 10.3094549179077 41.8505706787109
"340" 10.4719285964966 10.9910449981689 41.8929824829102
"341" 11.3526678085327 11.3576030731201 41.7882652282715
"342" 12.4889307022095 12.6212816238403 41.624137878418
"343" 8.50295639038086 8.82531833648682 39.5552787780762
"344" 10.0711002349854 9.66841983795166 41.5666007995605
"345" 10.2863817214966 9.70761966705322 41.8158226013184
"346" 11.0938701629639 10.6929121017456 41.768497467041
"347" 11.8022222518921 11.048192024231 41.7109756469727
"348" 12.7564363479614 12.1051502227783 41.573314666748
"349" 9.11699295043945 8.37924289703369 39.808708190918
"350" 10.4219341278076 9.27352428436279 41.5026893615723
"351" 10.3972597122192 9.10993385314941 42.0976982116699
"352" 10.4955635070801 9.49770069122314 41.5705413818359
"353" 11.6775646209717 10.2804517745972 41.6568603515625
"354" 12.1393022537231 10.4557266235352 41.6361618041992
"355" 13.308611869812 10.8309879302979 41.6130485534668
"356" 9.8421049118042 7.63508033752441 39.8137321472168
"357" 10.2674579620361 8.13365268707275 41.2798652648926
"358" 10.6770935058594 8.4744987487793 41.9495468139648
"359" 10.8756923675537 8.60091972351074 41.7156715393066
"360" 12.182692527771 9.76332092285156 41.6692848205566
"361" 12.7291288375854 10.0866041183472 41.6338119506836
"362" 13.5680303573608 10.4547605514526 41.625560760498
"363" 10.7171688079834 7.22717761993408 40.948974609375
"364" 11.5244579315186 7.9344334602356 42.078498840332
"365" 11.1147308349609 7.92614030838013 41.9750671386719
"366" 11.7506704330444 8.33786964416504 41.8362808227539
"367" 12.5507431030273 9.16806411743164 41.7741737365723
"368" 13.3653030395508 9.98513698577881 41.6463317871094
"369" 11.1027841567993 6.25663948059082 40.785285949707
"370" 11.3238830566406 6.60978889465332 41.5928726196289
"371" 11.4214544296265 7.26630258560181 41.837287902832
"372" 12.6344919204712 8.17604064941406 42.0096855163574
"373" 12.6007556915283 8.64253997802734 41.8758735656738
"374" 13.5025453567505 9.70505237579346 41.7253837585449
"375" 11.8491497039795 5.53053665161133 41.4455261230469
"376" 11.8812875747681 5.93133544921875 41.8671340942383
"377" 11.9206056594849 6.52526617050171 42.138069152832
"378" 12.6348237991333 7.39043998718262 42.2059936523438
"379" 13.658712387085 8.04594326019287 42.4432830810547
"380" 14.849100112915 8.32672023773193 42.2106018066406
"381" 11.6549634933472 5.04473400115967 40.30859375
"382" 11.8709001541138 5.51989984512329 41.4669990539551
"383" 12.4815874099731 6.2293906211853 42.4379043579102
"384" 13.1531972885132 6.62732553482056 42.7858772277832
"385" 14.8606004714966 6.9717698097229 42.8055992126465
"386" 12.6169147491455 3.85630249977112 40.5311698913574
"387" 12.6098003387451 4.57732009887695 41.75
"388" 13.9016304016113 6.09922647476196 43.3307342529297
"389" 13.0098819732666 3.6470959186554 40.7331581115723
"390" 14.5726337432861 3.73026609420776 41.6253395080566
