"V1" "V2" "V3"
"1" 14.8907794952393 7.46792316436768 5.7972412109375
"2" 14.0823 7.899 5.3823
"3" 13.2392 8.3781 5.1165
"4" 12.3695 8.8604 4.9621
"5" 11.4908 9.3477 4.899
"6" 10.5842 9.7806 4.9257
"7" 9.6858 10.2328 4.9345
"8" 8.8019 10.703 5.0305
"9" 7.9223 11.1786 5.1521
"10" 7.0566 11.6874 5.1978
"11" 6.1765 12.1723 5.27
"12" 5.334 12.7182 5.3312
"13" 4.5191 13.3074 5.3574
"14" 3.7617 13.9554 5.2148
"15" 3.1683 14.714 4.9375
"16" 2.72897100448608 15.5792322158813 4.67400360107422
"17" 27.1798629760742 8.51172161102295 3.82240962982178
"18" 26.9079 7.9443 4.134
"19" 27.1464 7.2897 4.4217
"20" 27.3958 6.6247 4.6792
"21" 27.2671 5.9057 4.6929
"22" 27.3826 5.2688 4.3676
"23" 27.9594 4.9756 3.9828
"24" 28.668 5.0352 3.7407
"25" 28.9971 5.5236 3.843
"26" 29.0601 6.2552 4.0286
"27" 29.0116 6.9348 3.7522
"28" 28.7027 7.456 3.2992
"29" 28.3854 8.1325 3.25
"30" 27.8155 8.4994 3.4039
"31" 14.8907794952393 7.46792316436768 5.7972412109375
"32" 14.5557098388672 10.3709182739258 6.19368124008179
"33" 7.35446071624756 12.4035310745239 13.8766794204712
"34" 8.5295 12.122 14.5701
"35" 9.7922 11.7835 15.0885
"36" 11.0689 11.2846 15.3968
"37" 12.2741 10.582 15.5432
"38" 13.2336 9.5852 15.3205
"39" 14.3138 8.7927 14.9663
"40" 15.4329 8.1329 14.4875
"41" 16.1138 7.4116 13.4972
"42" 16.1955 7.0146 12.1687
"43" 15.9605 6.7581 10.8112
"44" 15.386 6.7879 9.5267
"45" 14.75 7.1786 8.3341
"46" 13.8813 7.6958 7.3835
"47" 12.7683 8.3947 6.9024
"48" 11.5088 8.9925 6.7297
"49" 10.2111 9.5416 6.7435
"50" 8.9779 10.0366 7.1629
"51" 7.9271 10.7257 7.7955
"52" 7.0497 11.3062 8.7004
"53" 6.5865 11.6559 9.9745
"54" 6.3703 11.9046 11.3321
"55" 6.6941 12.151 12.6576
"56" 16.5317287445068 9.82576084136963 6.68006229400635
"57" 15.2279 10.1278 6.2693
"58" 13.9389 10.3388 5.7771
"59" 12.756 11.0978 5.6319
"60" 11.6054 11.9237 5.5743
"61" 10.371 12.6096 5.4651
"62" 9.0238 12.9479 5.6611
"63" 7.8152 13.6041 5.9961
"64" 6.8745 14.4508 6.6129
"65" 6.53207683563232 15.6941213607788 7.17934608459473
"66" 16.5317287445068 9.82576084136963 6.68006229400635
"67" 2.74556541442871 16.2141990661621 12.0619173049927
"68" 6.53207683563232 15.6941213607788 7.17934608459473
"69" 2.74556541442871 16.2141990661621 12.0619173049927
"70" 3.6089 16.1911 13.3321
"71" 4.9015 16.1241 14.172
"72" 6.3341 16.1505 14.7683
"73" 7.8113 16.1233 15.2141
"74" 9.3356 16.2747 15.4482
"75" 10.855 16.2887 15.7634
"76" 12.3957 16.2885 15.8655
"77" 13.8569 16.3297 16.382
"78" 15.3649 16.2254 16.7407
"79" 16.8877 16.2582 17.0409
"80" 18.3733 16.2976 17.4523
"81" 19.8828 16.1943 17.7026
"82" 21.4306 16.2287 17.6497
"83" 22.9325 16.3867 17.294
"84" 24.4472 16.3972 16.9899
"85" 25.9754 16.3398 16.7891
"86" 27.522 16.3077 16.6926
"87" 29.0714454650879 16.38352394104 16.6603927612305
"88" 35.1866264343262 15.7258586883545 6.34444856643677
"89" 29.0714454650879 16.38352394104 16.6603927612305
"90" 2.72897100448608 15.5792322158813 4.67400360107422
"91" 14.339017868042 24.0718612670898 4.95863819122315
"92" 13.4692 23.5756 4.4312
"93" 12.4926 23.0137 4.2203
"94" 11.5034 22.4357 4.1725
"95" 10.5103 21.8618 4.155
"96" 9.519 21.2887 4.2142
"97" 8.5237 20.7288 4.3225
"98" 7.5659 20.1298 4.5163
"99" 6.6212 19.5232 4.7505
"100" 5.6567 18.9233 4.9077
"101" 4.7442 18.2377 4.9994
"102" 3.889 17.4815 4.9872
"103" 3.1683 16.6238 4.7954
"104" 2.72897100448608 15.5792322158813 4.67400360107422
"105" 14.339017868042 24.0718612670898 4.95863819122315
"106" 13.9949932098389 21.1304569244385 5.51776599884033
"107" 7.25988388061523 20.1555709838867 13.4018821716309
"108" 8.3964 20.4999 14.1513
"109" 9.6943 20.9305 14.5298
"110" 11.0011 21.4212 14.7626
"111" 12.1116 22.2662 14.5947
"112" 13.0167 23.2529 14.1309
"113" 14.1491 23.9592 13.6605
"114" 15.1233 24.5841 12.848
"115" 15.5565 25.0743 11.6151
"116" 15.484 25.2365 10.2152
"117" 15.0817 25.2108 8.8684
"118" 14.445 24.8671 7.644
"119" 13.6498 24.158 6.7045
"120" 12.5863 23.481 6.0854
"121" 11.3416 22.836 5.8968
"122" 10.106 22.1681 6.1183
"123" 8.8997 21.5066 6.4707
"124" 7.732 20.9806 7.0659
"125" 6.7657 20.5143 7.9876
"126" 6.4795 20.2776 9.3507
"127" 6.3265 20.3112 10.7573
"128" 6.606 20.2604 12.1464
"129" 15.7559289932251 21.7636108398438 5.69966554641724
"130" 14.4881 21.3448 5.4278
"131" 13.2375 20.9 5.1069
"132" 12.0795 20.1781 5.0091
"133" 11.0041 19.357 5.0594
"134" 9.844 18.7126 5.3002
"135" 8.618 18.1825 5.4562
"136" 7.4472 17.6589 5.9063
"137" 6.5962 16.8925 6.5569
"138" 6.53207683563232 15.6941213607788 7.17934608459473
"139" 15.7559289932251 21.7636108398438 5.69966554641724
"140" 27.2417907714844 8.15740299224854 3.66309332847595
"141" 27.5290660858154 8.09875679016113 3.49066996574402
"142" 27.800609588623 8.01944541931152 3.37904500961304
"143" 28.0784358978271 7.89254713058472 3.29651927947998
"144" 28.4474964141846 7.68366289138794 3.24839067459106
"145" 27.1928825378418 7.84553718566895 3.74903678894043
"146" 27.5039520263672 7.77669048309326 3.60192370414734
"147" 27.770450592041 7.68049907684326 3.49484753608704
"148" 28.0558452606201 7.54690074920654 3.39469861984253
"149" 28.3558940887451 7.27858638763428 3.37526369094849
"150" 27.2528629302979 7.51518201828003 3.85039353370667
"151" 27.5593395233154 7.39972448348999 3.7358021736145
"152" 27.8542327880859 7.32319974899292 3.59688520431519
"153" 28.1763343811035 7.12985229492188 3.48801398277283
"154" 28.5624523162842 6.9810471534729 3.63413453102112
"155" 27.3422927856445 7.26318979263306 4.0056676864624
"156" 27.6637058258057 7.12220335006714 3.90880560874939
"157" 27.9307918548584 6.9990234375 3.79927062988281
"158" 28.2721214294434 6.86291790008545 3.74189424514771
"159" 28.6477146148682 6.71297836303711 3.85234355926514
"160" 27.5340423583984 6.95028305053711 4.23496532440186
"161" 27.8248443603516 6.81850242614746 4.14793109893799
"162" 28.0685939788818 6.6921443939209 4.02122020721436
"163" 28.3494892120361 6.56800413131714 3.93541288375854
"164" 28.6949863433838 6.45456027984619 3.98705863952637
"165" 27.6740550994873 6.65567302703857 4.35638523101807
"166" 27.9547901153564 6.5067138671875 4.26099920272827
"167" 28.1739959716797 6.41914224624634 4.1498327255249
"168" 28.4321594238281 6.2867636680603 3.9815034866333
"169" 28.7288208007812 6.1917667388916 3.98395252227783
"170" 27.6510143280029 6.29362010955811 4.43188858032227
"171" 27.9709510803223 6.19404983520508 4.23368215560913
"172" 28.3085613250732 6.12431144714355 4.02311611175537
"173" 28.7269287109375 6.00410032272339 3.95870471000671
"174" 27.5759296417236 6.0144567489624 4.35777759552002
"175" 27.8488941192627 5.99680662155151 4.21886396408081
"176" 28.0996952056885 5.92455959320068 4.04202938079834
"177" 28.5680065155029 5.85337400436401 3.92343902587891
"178" 27.4571552276611 5.76339054107666 4.34690284729004
"179" 27.8005084991455 5.75337600708008 4.09814119338989
"180" 28.1408233642578 5.7072319984436 3.91133594512939
"181" 28.5724811553955 5.59655475616455 3.84933519363403
"182" 27.5590763092041 5.52944755554199 4.19376611709595
"183" 27.8490810394287 5.48498582839966 4.00034713745117
"184" 28.1374473571777 5.46173048019409 3.8795268535614
"185" 28.5623226165771 5.40753936767578 3.78253841400146
"186" 27.9347991943359 5.34878015518188 3.93268990516663
"187" 28.094913482666 5.23848485946655 3.87535452842712
"188" 28.3600368499756 5.08805799484253 3.76877927780151
"189" 14.9020729064941 7.96981716156006 6.23092842102051
"190" 15.175199508667 7.95901393890381 6.62661600112915
"191" 15.340220451355 8.11817932128906 6.71876859664917
"192" 15.4289045333862 8.09004211425781 6.87266254425049
"193" 15.5565347671509 8.53469181060791 6.882493019104
"194" 15.768892288208 8.96293544769287 6.76233816146851
"195" 15.7604999542236 9.14570999145508 6.6101598739624
"196" 14.3775024414062 8.10400485992432 5.74818229675293
"197" 14.6804056167603 8.2813720703125 6.23461484909058
"198" 14.8916330337524 8.30620193481445 6.44202947616577
"199" 15.016881942749 7.90869045257568 6.19160318374634
"200" 15.0999269485474 8.84650611877441 6.51337194442749
"201" 15.4541006088257 9.28072929382324 6.36487054824829
"202" 13.9051094055176 8.28759288787842 5.55649423599243
"203" 14.1033563613892 8.5360689163208 5.93207263946533
"204" 14.3685178756714 8.79675483703613 6.31815671920776
"205" 14.3444137573242 7.9165153503418 6.06081628799438
"206" 14.8198003768921 8.00778961181641 5.54790019989014
"207" 14.8198003768921 8.00778961181641 5.54790019989014
"208" 15.2032804489136 9.28880310058594 6.27600431442261
"209" 13.4597434997559 8.49328899383545 5.48499011993408
"210" 13.6254072189331 8.79666709899902 5.87101650238037
"211" 13.8477334976196 8.79705333709717 6.04414844512939
"212" 13.7807998657227 7.94411993026733 5.69222021102905
"213" 14.2774314880371 8.02901554107666 5.58797693252563
"214" 14.8198003768921 8.00778961181641 5.54790019989014
"215" 13.0513877868652 8.69750213623047 5.35388851165771
"216" 13.1375522613525 8.95456409454346 5.7113037109375
"217" 13.2952108383179 9.20586585998535 6.06530046463013
"218" 13.1558485031128 8.34989643096924 5.8042197227478
"219" 13.760199546814 8.37876033782959 5.32011985778809
"220" 13.7728004455566 8.38986015319824 5.34409999847412
"221" 14.3791999816895 9.86874008178711 5.89695978164673
"222" 12.9734001159668 9.19952964782715 5.12813997268677
"223" 12.6036462783813 9.11227130889893 5.54944896697998
"224" 12.6365032196045 9.48386764526367 5.96151638031006
"225" 12.6260166168213 8.95814609527588 6.16252040863037
"226" 13.0896606445312 8.76831722259521 5.49760627746582
"227" 13.0465002059937 9.13245964050293 5.10572004318237
"228" 14.4622001647949 9.78059959411621 5.95117998123169
"229" 11.8930759429932 9.28153419494629 5.2222843170166
"230" 11.8922309875488 9.55998420715332 5.629638671875
"231" 11.6998424530029 9.6917085647583 6.12015676498413
"232" 11.9472637176514 8.93290042877197 5.67535543441772
"233" 12.8129405975342 8.87958335876465 5.41917181015015
"234" 13.0465002059937 9.13245964050293 5.10572004318237
"235" 14.3791999816895 9.86874008178711 5.89695978164673
"236" 11.7847995758057 10.6267004013062 5.5633602142334
"237" 11.1657094955444 10.0196485519409 5.73270225524902
"238" 10.9588193893433 9.93388366699219 6.20411491394043
"239" 11.6198844909668 9.69460010528564 6.05805158615112
"240" 12.9734001159668 9.19952964782715 5.12813997268677
"241" 13.7981004714966 10.2215003967285 5.74439001083374
"242" 10.9284000396729 10.8823003768921 5.38523006439209
"243" 10.56130027771 10.8848009109497 5.8226170539856
"244" 10.4915924072266 10.9914178848267 6.32355880737305
"245" 10.5866317749023 9.91140937805176 6.05797672271729
"246" 11.3759212493896 9.62935256958008 5.1595196723938
"247" 11.9576997756958 10.4196996688843 4.93411016464233
"248" 13.7735528945923 10.2726488113403 5.73847389221191
"249" 9.88148975372314 11.5032997131348 5.74953985214233
"250" 9.16466808319092 10.6905250549316 5.93422937393188
"251" 9.30998992919922 10.9984445571899 5.87174320220947
"252" 10.0394906997681 10.5599088668823 6.02270221710205
"253" 10.4617004394531 10.0746002197266 4.90444993972778
"254" 11.9231004714966 10.4359998703003 4.93393993377686
"255" 11.9575004577637 10.4886999130249 4.9365701675415
"256" 8.76617240905762 12.2316160202026 5.86834526062012
"257" 8.45636463165283 11.8184251785278 6.08991813659668
"258" 8.24698543548584 11.2374887466431 6.29697847366333
"259" 8.51001739501953 10.7403173446655 5.63048553466797
"260" 8.95321178436279 10.6915149688721 5.03413200378418
"261" 10.1852998733521 10.9680004119873 4.93779993057251
"262" 10.2552995681763 10.956600189209 4.93460988998413
"263" 7.99779462814331 12.6659259796143 6.00609827041626
"264" 7.82382202148438 12.4116582870483 6.40106821060181
"265" 7.15971422195435 11.536153793335 5.97436380386353
"266" 7.70515584945679 12.0369358062744 6.13197326660156
"267" 7.49590349197388 11.4791383743286 5.24311780929565
"268" 7.6709680557251 11.4023685455322 5.26127433776855
"269" 6.68290996551514 13.523699760437 5.17791986465454
"270" 6.82240915298462 13.0788879394531 6.38668727874756
"271" 6.45639324188232 12.5703630447388 6.28595781326294
"272" 6.80229330062866 12.6601715087891 6.63919305801392
"273" 6.87660217285156 13.0392265319824 6.37376976013184
"274" 6.81199979782104 13.4537000656128 5.13745021820068
"275" 5.31354284286499 13.123724937439 6.02634572982788
"276" 5.74075078964233 13.19788646698 6.55008220672607
"277" 5.72472667694092 12.9667892456055 6.33419179916382
"278" 5.51888227462769 13.8464832305908 5.3182430267334
"279" 6.25670003890991 14.5769996643066 5.30949020385742
"280" 4.54447555541992 13.5866899490356 5.71501111984253
"281" 5.00256776809692 13.6971139907837 6.45633983612061
"282" 4.95669507980347 13.5566453933716 6.22809839248657
"283" 4.71215438842773 13.8287172317505 6.27502870559692
"284" 6.25670003890991 14.5769996643066 5.30949020385742
"285" 5.4152398109436 13.9668998718262 5.24478006362915
"286" 4.51264810562134 14.1577367782593 6.43445634841919
"287" 4.75572967529297 14.4364900588989 7.03404903411865
"288" 4.01550579071045 14.9810848236084 6.79411554336548
"289" 3.73106002807617 15.6335000991821 4.80246019363403
"290" 3.98309564590454 14.6582689285278 6.35091495513916
"291" 4.3962140083313 15.0343503952026 7.30023097991943
"292" 4.76440095901489 15.5445194244385 7.74594116210938
"293" 3.41802358627319 14.8405818939209 5.48774337768555
"294" 3.60583209991455 15.2578201293945 6.36546659469604
"295" 4.02428388595581 15.5209302902222 7.0843563079834
"296" 4.24162340164185 15.7360334396362 7.48918437957764
"297" 3.36461353302002 15.4028444290161 5.71818971633911
"298" 3.78185272216797 15.6949453353882 6.73308706283569
"299" 14.3540410995483 23.7301864624023 5.32979583740234
"300" 14.6580038070679 23.4378414154053 5.58735990524292
"301" 14.8519554138184 23.6293563842773 5.77154874801636
"302" 14.994556427002 23.4834403991699 5.83720064163208
"303" 15.0639190673828 23.055025100708 5.70199155807495
"304" 15.2278995513916 22.4561996459961 5.59557008743286
"305" 13.9862823486328 23.5055065155029 4.88508749008179
"306" 14.26535987854 23.2674808502197 5.41142463684082
"307" 14.3911685943604 23.4120597839355 5.41637563705444
"308" 14.3747806549072 23.1515121459961 5.51394844055176
"309" 14.5733890533447 22.6874008178711 5.48164129257202
"310" 14.8725481033325 22.2383880615234 5.42052316665649
"311" 13.5270729064941 23.3306770324707 4.74911594390869
"312" 13.6772737503052 23.035228729248 5.14428424835205
"313" 13.8567419052124 22.9696884155273 5.32822132110596
"314" 13.8667621612549 23.6338787078857 5.01407957077026
"315" 14.1688003540039 23.5013008117676 4.7342700958252
"316" 14.2080001831055 23.1214008331299 4.83186006546021
"317" 14.3943004608154 21.9727993011475 5.20205020904541
"318" 13.0786066055298 23.1136283874512 4.62022733688354
"319" 13.2052822113037 22.6525993347168 5.10768938064575
"320" 13.2705793380737 22.5594234466553 5.25721406936646
"321" 13.0074272155762 23.3928337097168 5.05932950973511
"322" 13.5885000228882 23.3292007446289 4.3568902015686
"323" 14.165599822998 23.1170997619629 4.83767986297607
"324" 13.9759998321533 21.8187999725342 5.13168001174927
"325" 12.6223764419556 22.9272193908691 4.51730537414551
"326" 12.6109199523926 22.6307830810547 4.81253910064697
"327" 12.550311088562 22.0963611602783 5.20994853973389
"328" 12.6074151992798 22.9143772125244 4.51328992843628
"329" 12.8826084136963 22.8827590942383 4.20588493347168
"330" 13.8184995651245 21.6100997924805 5.07371997833252
"331" 12.2728996276855 21.4598007202148 4.91652011871338
"332" 11.8989591598511 22.1245269775391 4.8814525604248
"333" 11.9639005661011 21.6889305114746 5.13868284225464
"334" 12.6888952255249 21.9169960021973 4.9703369140625
"335" 12.5340995788574 22.2070999145508 4.56762981414795
"336" 13.8629999160767 21.733699798584 5.09720993041992
"337" 11.0714273452759 22.0053405761719 4.45435857772827
"338" 11.276686668396 21.6000213623047 4.9611439704895
"339" 10.8268194198608 22.262903213501 4.71957015991211
"340" 11.8363094329834 21.6574325561523 5.05843639373779
"341" 12.5340995788574 22.2070999145508 4.56762981414795
"342" 13.1816473007202 21.0986709594727 4.96234464645386
"343" 10.7615995407104 20.8134994506836 4.94364023208618
"344" 10.6983461380005 20.8028564453125 4.98994445800781
"345" 10.5238208770752 20.7334995269775 5.23405456542969
"346" 10.7432308197021 21.7009677886963 4.11522769927979
"347" 11.3844995498657 21.3553009033203 4.42387008666992
"348" 12.5740003585815 20.6124000549316 4.89721012115479
"349" 9.47427558898926 20.9707279205322 4.54445266723633
"350" 9.52829933166504 20.5580596923828 5.14331007003784
"351" 9.26934719085693 20.8514060974121 5.65635824203491
"352" 9.45077323913574 21.4432163238525 4.71927833557129
"353" 10.2982702255249 20.7766532897949 4.93729305267334
"354" 10.5960359573364 21.2171230316162 3.90511012077332
"355" 11.1038999557495 21.1606998443604 4.39632987976074
"356" 8.50661659240723 20.2789688110352 4.67786693572998
"357" 8.62826824188232 19.6791210174561 5.48786306381226
"358" 8.03643989562988 20.2947845458984 6.0084400177002
"359" 7.97014570236206 20.6436328887939 5.17932033538818
"360" 8.5867748260498 20.4927825927734 4.54291772842407
"361" 8.83390998840332 19.9887008666992 4.49518013000488
"362" 8.68852043151855 19.9022998809814 4.49589014053345
"363" 7.60669374465942 18.829984664917 5.68083477020264
"364" 7.33831644058228 18.9262676239014 6.18179702758789
"365" 7.05119943618774 19.3084754943848 5.69870567321777
"366" 6.88840866088867 19.835563659668 5.42819976806641
"367" 7.31241750717163 19.5380210876465 5.61502933502197
"368" 7.0853099822998 18.6991004943848 4.80270004272461
"369" 6.04195785522461 19.0353660583496 5.22417831420898
"370" 6.09554958343506 18.7713069915771 5.89641189575195
"371" 6.21818733215332 18.7459850311279 5.94808006286621
"372" 6.30094194412231 18.5015258789062 6.01996326446533
"373" 6.09660005569458 18.1173000335693 4.97411012649536
"374" 6.30149459838867 16.9445285797119 5.09401845932007
"375" 5.06148386001587 18.2047958374023 5.59580516815186
"376" 5.23550891876221 18.0576667785645 6.18713665008545
"377" 5.37399959564209 18.2254543304443 6.05568981170654
"378" 4.78569030761719 17.9060611724854 5.72579479217529
"379" 5.17271995544434 16.7917003631592 5.07674980163574
"380" 5.07472991943359 16.0326995849609 5.00862979888916
"381" 5.17271995544434 16.7917003631592 5.07674980163574
"382" 4.37451553344727 17.4317245483398 5.99195337295532
"383" 4.56669759750366 17.2810039520264 6.5940637588501
"384" 4.77954864501953 16.9935722351074 7.00486612319946
"385" 3.96081900596619 16.2096214294434 6.92723655700684
"386" 5.0747709274292 16.0469093322754 4.99497985839844
"387" 3.95036458969116 16.8712959289551 6.16006994247437
"388" 4.30579471588135 16.474048614502 7.2566499710083
"389" 3.35203266143799 16.4764957427979 5.46132469177246
"390" 3.78887557983398 16.0944728851318 6.74993562698364
