"V1" "V2" "V3"
"1" 44.5498695373535 32.3517150878906 20.8039894104004
"2" 44.4374 32.4326 19.6568
"3" 44.2602 32.3629 18.5188
"4" 43.9798 32.2898 17.4013
"5" 43.7056 32.0056 16.3307
"6" 43.4055 31.6467 15.2764
"7" 43.0222 31.3294 14.2363
"8" 42.6533 30.951 13.2152
"9" 42.2689 30.5025 12.2267
"10" 41.8066 30.0444 11.272
"11" 41.4081 29.6223 10.2737
"12" 40.9203 29.4245 9.2627
"13" 40.417 29.2964 8.2315
"14" 39.7139 29.0585 7.3662
"15" 38.9672 28.3828 6.7997
"16" 38.009651184082 27.9870567321777 6.28824996948242
"17" 37.9485893249512 40.3773422241211 30.566011428833
"18" 38.7013 39.7284 30.5721
"19" 39.4796 39.5305 31.1338
"20" 40.3284 39.376 31.6005
"21" 41.3107 39.4595 31.761
"22" 42.1992 39.8126 32.0769
"23" 42.6707 40.271 32.7454
"24" 42.3103 40.8689 33.4438
"25" 41.5666 41.3154 33.8408
"26" 40.8136 41.4287 33.2538
"27" 39.9993 41.1239 32.8037
"28" 39.2138 41.4876 32.533
"29" 38.4733 41.6252 31.9054
"30" 38.0001 41.1874 31.1259
"31" 44.5498695373535 32.3517150878906 20.8039894104004
"32" 37.6682281494141 30.7913818359375 15.7719879150391
"33" 36.1108741760254 19.8573150634766 18.13525390625
"34" 36.5533 19.8063 19.6321
"35" 37.1572 19.9823 21.0607
"36" 37.8383 20.4277 22.4062
"37" 38.6042 21.1008 23.6041
"38" 39.5745 21.883 24.4752
"39" 40.814 22.8091 24.6266
"40" 41.7523 23.9341 24.0462
"41" 42.5365 25.051 23.2651
"42" 42.9759 26.1066 22.1909
"43" 43.1318 26.8225 20.794
"44" 43.2063 27.3724 19.3286
"45" 43.068 27.642 17.7831
"46" 42.774 27.5034 16.2448
"47" 42.4638 27.0626 14.7709
"48" 42.0701 26.2799 13.4753
"49" 41.5014 25.1833 12.4974
"50" 40.7071 23.8769 12.2392
"51" 39.8157 22.5883 12.3497
"52" 38.8569 21.4925 12.9313
"53" 37.9295 20.7317 13.9312
"54" 37.2047 20.2063 15.2242
"55" 36.5939 19.9208 16.6339
"56" 38.801342010498 32.7474136352539 21.0137996673584
"57" 38.432 32.2707 19.7135
"58" 38.0654 31.6675 18.4528
"59" 37.6954 31.1245 17.1642
"60" 37.6779 30.7613 15.7637
"61" 37.7113 30.3998 14.3531
"62" 37.5825 29.9887 12.9652
"63" 37.7715 29.3396 11.6771
"64" 37.5598 28.6143 10.4698
"65" 36.7761573791504 27.8280296325684 9.54441928863525
"66" 38.801342010498 32.7474136352539 21.0137996673584
"67" 36.1890144348145 20.0004997253418 8.65248107910156
"68" 36.7761573791504 27.8280296325684 9.54441928863525
"69" 36.1890144348145 20.0004997253418 8.65248107910156
"70" 35.4101 19.6189 10.2913
"71" 34.5677 19.8322 11.9664
"72" 33.7796 20.0097 13.6682
"73" 32.9665 19.9487 15.3713
"74" 32.2522 19.9782 17.1154
"75" 31.6283 20.0667 18.8954
"76" 30.9972 20.1563 20.669
"77" 30.2645 20.4062 22.3885
"78" 29.6162 20.8042 24.1161
"79" 28.929 21.1256 25.8457
"80" 28.207 21.4412 27.5619
"81" 27.4227 21.8632 29.2259
"82" 26.8154 22.3684 30.9411
"83" 26.0766 22.8023 32.6239
"84" 25.3659 23.2783 34.3075
"85" 24.6449 23.8442 35.9579
"86" 23.9338 24.4514 37.5988
"87" 23.2396755218506 24.9810256958008 39.2726364135742
"88" 22.8280487060547 38.2170524597168 41.3844604492188
"89" 23.2396755218506 24.9810256958008 39.2726364135742
"90" 38.009651184082 27.9870567321777 6.28824996948242
"91" 23.0980701446533 33.0255508422852 11.4320850372315
"92" 24.2804 33.1725 10.8537
"93" 25.4313 33.0417 10.201
"94" 26.5221 32.6657 9.5388
"95" 27.6181 32.0212 9.1749
"96" 28.7596 31.7248 8.5705
"97" 29.8857 31.2547 8.0581
"98" 31.0114 30.6954 7.6232
"99" 32.0864 30.0363 7.208
"100" 33.201 29.4525 6.7969
"101" 34.425 29.1979 6.3832
"102" 35.7017 29.1057 6.0256
"103" 36.8517 28.5469 5.986
"104" 38.009651184082 27.9870567321777 6.28824996948242
"105" 23.0980701446533 33.0255508422852 11.4320850372315
"106" 31.7865600585938 31.1347312927246 13.6112651824951
"107" 29.6923847198486 20.0175762176514 15.0654096603394
"108" 28.2816 20.204 15.8489
"109" 26.9126 20.5182 16.6597
"110" 25.5535 20.998 17.3919
"111" 24.2646 21.6562 18.1315
"112" 22.9764 22.4864 17.6173
"113" 22.1841 23.5719 16.8101
"114" 21.8845 24.6668 15.6519
"115" 22.0318 25.8055 14.5125
"116" 22.5681 26.9039 13.4453
"117" 23.5564 27.629 12.4043
"118" 24.6775 28.2351 11.4129
"119" 26.0125 28.2666 10.4973
"120" 27.3154 28.0863 9.5497
"121" 28.6761 27.4925 8.9073
"122" 29.845 26.5939 8.3058
"123" 30.8204 25.3094 8.2933
"124" 31.4521 23.9397 8.8675
"125" 31.5925 22.5305 9.624
"126" 31.3779 21.4688 10.8115
"127" 30.8967 20.6747 12.135
"128" 30.3916 20.3298 13.6318
"129" 26.2542533874512 33.1936416625977 15.7600317001343
"130" 27.7064 32.782 15.3682
"131" 29.0553 32.1744 14.8824
"132" 30.2858 31.3608 14.3717
"133" 31.622 31.1033 13.7221
"134" 32.7421 30.7566 12.693
"135" 33.6337 30.1251 11.6105
"136" 34.4475 29.433 10.4844
"137" 35.4488 28.6343 9.6243
"138" 36.7761573791504 27.8280296325684 9.54441928863525
"139" 26.2542533874512 33.1936416625977 15.7600317001343
"140" 38.5227088928223 40.3171768188477 30.7402095794678
"141" 38.6030120849609 40.5871086120605 31.0228443145752
"142" 38.5389442443848 40.8632659912109 31.2423992156982
"143" 38.1867980957031 41.5824012756348 31.4997005462646
"144" 38.4698066711426 41.7347373962402 31.9788208007812
"145" 38.7876663208008 40.2533493041992 30.8283367156982
"146" 38.790210723877 40.5985870361328 31.1290550231934
"147" 38.9060363769531 40.6160278320312 31.2300910949707
"148" 38.8008232116699 41.0303192138672 31.6394462585449
"149" 39.0153007507324 41.457332611084 32.2672882080078
"150" 39.1618118286133 40.159912109375 31.043888092041
"151" 39.2181015014648 40.2853507995605 31.1858081817627
"152" 39.113899230957 40.530200958252 31.3477001190186
"153" 39.2269134521484 40.9469985961914 31.9991664886475
"154" 40.3422241210938 41.2068786621094 32.6707954406738
"155" 39.4786491394043 40.0571517944336 31.2558975219727
"156" 39.5161285400391 40.1867523193359 31.4443187713623
"157" 40.6141662597656 40.4503974914551 32.061164855957
"158" 40.520076751709 40.9154014587402 32.3817863464355
"159" 40.3813095092773 41.2156066894531 32.6717414855957
"160" 39.8390884399414 39.9162521362305 31.6291389465332
"161" 40.6667137145996 40.2651672363281 31.9640350341797
"162" 40.7435989379883 40.5834999084473 32.101001739502
"163" 40.68603515625 40.9138259887695 32.3544273376465
"164" 40.307071685791 41.138542175293 32.620662689209
"165" 40.2669792175293 39.9116401672363 31.8421535491943
"166" 40.4623527526855 40.306022644043 32.0322875976562
"167" 40.5575942993164 40.6259956359863 32.1912956237793
"168" 40.6792869567871 41.0196113586426 32.4450569152832
"169" 40.7367057800293 41.307487487793 32.7548217773438
"170" 40.8576278686523 39.996337890625 31.8051452636719
"171" 40.9444313049316 40.5039215087891 32.0374641418457
"172" 40.9689445495605 40.9655303955078 32.4036903381348
"173" 41.0069541931152 41.3866729736328 32.9435920715332
"174" 41.2779083251953 40.0996398925781 31.8636894226074
"175" 41.2493667602539 40.4810791015625 32.0506858825684
"176" 41.3197326660156 40.8323669433594 32.327278137207
"177" 41.2621726989746 41.308277130127 32.8908271789551
"178" 41.6858673095703 40.0419769287109 31.9336853027344
"179" 41.6397171020508 40.549015045166 32.2035102844238
"180" 41.599666595459 40.9486846923828 32.568000793457
"181" 41.563232421875 41.2967376708984 33.118766784668
"182" 41.9978218078613 40.249870300293 32.1697082519531
"183" 41.9918937683105 40.6067047119141 32.4592247009277
"184" 41.9273452758789 40.8949317932129 32.7541923522949
"185" 41.8001289367676 41.238525390625 33.2382011413574
"186" 42.3497734069824 40.4919319152832 32.611759185791
"187" 42.2556037902832 40.769214630127 32.8717727661133
"188" 42.2144889831543 40.9756164550781 33.2611427307129
"189" 43.7377433776855 31.4782104492188 20.223108291626
"190" 43.1875381469727 30.7162170410156 20.3912487030029
"191" 42.2930793762207 30.451000213623 20.0600433349609
"192" 41.8392944335938 30.7748317718506 20.2904987335205
"193" 41.2349472045898 31.4109058380127 20.4206771850586
"194" 40.5003700256348 32.0344505310059 20.4888248443604
"195" 39.5698509216309 32.3269996643066 20.5725879669189
"196" 43.6737442016602 31.5269966125488 18.9389705657959
"197" 43.1068382263184 30.7308158874512 19.0740261077881
"198" 42.3128395080566 30.42041015625 19.1110591888428
"199" 41.6288108825684 30.9819355010986 19.2583789825439
"200" 40.7928237915039 31.8312377929688 19.3750991821289
"201" 39.6949272155762 31.8218269348145 19.5457725524902
"202" 43.5476608276367 31.4926490783691 17.8048515319824
"203" 41.5287971496582 30.9606990814209 18.2097225189209
"204" 41.9583168029785 30.3771476745605 18.0502986907959
"205" 41.8085403442383 30.5259761810303 18.2098426818848
"206" 40.8746910095215 31.6589870452881 18.3611850738525
"207" 39.7652473449707 31.4706497192383 18.759090423584
"208" 39.2015800476074 31.735481262207 18.7987155914307
"209" 43.2244758605957 31.1178817749023 16.9421062469482
"210" 42.7106781005859 30.391487121582 16.9147052764893
"211" 41.8247299194336 30.0639209747314 17.1435432434082
"212" 41.3903846740723 30.5719585418701 17.2791957855225
"213" 40.1610107421875 31.0398960113525 17.8342132568359
"214" 39.1600723266602 31.5115146636963 18.2669811248779
"215" 42.4878997802734 31.75950050354 14.9890003204346
"216" 41.1414070129395 30.4854507446289 16.2173690795898
"217" 41.7716026306152 29.5695953369141 16.1882724761963
"218" 41.395149230957 29.9784889221191 16.3071613311768
"219" 40.4590072631836 30.8239116668701 16.8515014648438
"220" 39.4053039550781 31.031005859375 17.4726161956787
"221" 38.7336006164551 31.5436992645264 17.9783992767334
"222" 42.4344177246094 31.7275047302246 14.9263734817505
"223" 40.9628677368164 30.3483276367188 15.5810680389404
"224" 41.0992088317871 29.676362991333 15.038402557373
"225" 41.1119689941406 29.6566734313965 15.0392055511475
"226" 40.9344062805176 30.4551734924316 15.6329851150513
"227" 40.6372756958008 30.9676685333252 16.239860534668
"228" 38.850399017334 31.3176002502441 17.7413005828857
"229" 42.3545570373535 30.245548248291 13.9773988723755
"230" 41.9782104492188 29.585750579834 14.0106716156006
"231" 40.8604278564453 29.0625038146973 13.8519611358643
"232" 41.1503944396973 29.1924095153809 14.4269275665283
"233" 40.6181106567383 30.3883533477783 15.1309537887573
"234" 39.6207008361816 30.6954002380371 15.2312002182007
"235" 38.5672378540039 30.8578395843506 17.0662689208984
"236" 40.4268646240234 29.7699756622314 13.7441568374634
"237" 40.5633964538574 29.3812637329102 13.4940309524536
"238" 41.1717147827148 28.0159072875977 13.1780300140381
"239" 40.9010353088379 28.9663143157959 13.7101335525513
"240" 40.3109169006348 31.3056964874268 14.2849702835083
"241" 39.5471000671387 30.6942005157471 15.2311000823975
"242" 40.8437004089355 29.7772998809814 12.167799949646
"243" 40.5840492248535 29.3208389282227 12.4568309783936
"244" 40.3165969848633 28.1490631103516 12.4055604934692
"245" 40.9817504882812 28.4288921356201 12.8057518005371
"246" 40.3827934265137 29.6484451293945 13.4922962188721
"247" 40.3095016479492 31.2791004180908 14.2508001327515
"248" 39.5471000671387 30.6942005157471 15.2311000823975
"249" 40.7139053344727 29.6101970672607 11.9978771209717
"250" 40.1630325317383 28.3741264343262 11.8954935073853
"251" 40.4817543029785 27.7300720214844 11.6379528045654
"252" 40.2733039855957 28.6425228118896 12.3426122665405
"253" 40.0722503662109 29.5397262573242 12.9750308990479
"254" 38.7756004333496 30.0662002563477 13.5960998535156
"255" 38.0567436218262 30.5628890991211 14.2266302108765
"256" 39.2862014770508 28.8950996398926 11.4695997238159
"257" 40.6326103210449 28.0454597473145 10.7909288406372
"258" 40.3314666748047 27.5310764312744 10.9557819366455
"259" 40.0055503845215 28.1470432281494 11.4990148544312
"260" 40.5208930969238 29.4293975830078 11.9319009780884
"261" 38.4776992797852 31.332799911499 12.1479005813599
"262" 38.4034996032715 31.3237991333008 12.2236003875732
"263" 38.9790992736816 28.7047004699707 10.709400177002
"264" 39.5602684020996 27.5312614440918 10.6355667114258
"265" 40.0150260925293 27.3812026977539 10.3417539596558
"266" 39.2719268798828 28.104513168335 10.7077865600586
"267" 38.8707008361816 28.8139991760254 10.7483997344971
"268" 37.9107437133789 29.1336345672607 11.3019342422485
"269" 40.4234924316406 28.6791725158691 9.24318790435791
"270" 39.4728317260742 27.2627735137939 9.993332862854
"271" 39.4356803894043 27.097785949707 9.60568618774414
"272" 39.4636421203613 27.4445114135742 9.706374168396
"273" 38.7745666503906 28.0979709625244 10.0754890441895
"274" 38.0164260864258 28.4401321411133 10.2042999267578
"275" 39.763786315918 28.0121307373047 8.74629878997803
"276" 39.0201072692871 27.1983222961426 9.57577705383301
"277" 39.3458137512207 27.1250553131104 9.52423572540283
"278" 38.3754692077637 27.7855834960938 9.50225257873535
"279" 37.7372665405273 28.0862255096436 9.62567615509033
"280" 39.7946853637695 28.406436920166 8.35003852844238
"281" 38.9736480712891 27.2404022216797 9.14102172851562
"282" 38.7265472412109 26.7260150909424 8.92561340332031
"283" 38.1676216125488 27.2190284729004 8.9709005355835
"284" 37.5413131713867 27.5519771575928 9.12984752655029
"285" 39.6093635559082 28.7417621612549 7.63896036148071
"286" 38.0841941833496 27.3943634033203 9.13228702545166
"287" 37.7802543640137 26.419490814209 8.21144866943359
"288" 37.4240188598633 26.4226455688477 8.38688468933105
"289" 37.3661994934082 28.0506992340088 7.10851001739502
"290" 37.25 27.2938003540039 8.31482028961182
"291" 36.9781646728516 26.1290168762207 8.38875961303711
"292" 37.0785179138184 26.0294914245605 8.02175617218018
"293" 37.3540534973145 28.0202522277832 7.13541698455811
"294" 36.9288864135742 26.4091491699219 7.68519878387451
"295" 36.9797439575195 26.0991859436035 8.21283054351807
"296" 36.8521270751953 26.1947231292725 8.53537750244141
"297" 38.0319175720215 27.0292587280273 6.96754837036133
"298" 37.1805076599121 25.9845714569092 7.90054893493652
"299" 24.0014877319336 32.1733932495117 11.8537664413452
"300" 24.2618179321289 31.3987426757812 12.3194780349731
"301" 24.6080703735352 31.0542411804199 12.7991418838501
"302" 25.1106758117676 31.1993103027344 13.514687538147
"303" 25.5605068206787 31.9283771514893 13.8891296386719
"304" 26.2862110137939 32.6538124084473 14.7770338058472
"305" 24.5155067443848 32.3474731445312 11.3448476791382
"306" 25.0725002288818 31.3500442504883 11.8221111297607
"307" 25.5255470275879 31.0289306640625 12.2099390029907
"308" 26.0906944274902 31.5313949584961 12.7736148834229
"309" 26.6474723815918 32.3178520202637 13.4143381118774
"310" 26.9896392822266 32.2884941101074 14.1143970489502
"311" 25.5930442810059 32.0218963623047 10.731424331665
"312" 25.8962554931641 31.3371524810791 11.0958652496338
"313" 26.445032119751 30.746789932251 11.7066764831543
"314" 26.6363925933838 31.0813961029053 12.054557800293
"315" 27.1851654052734 32.0114517211914 12.6091213226318
"316" 27.4542808532715 31.9859180450439 13.0310134887695
"317" 28.4761085510254 32.0611114501953 14.140308380127
"318" 26.4764003753662 32.0312995910645 10.0025997161865
"319" 26.9533653259277 30.7857761383057 10.6434345245361
"320" 27.4203701019287 30.5158519744873 11.0697402954102
"321" 27.5406036376953 30.6081256866455 11.271632194519
"322" 28.0452938079834 31.733226776123 11.8929052352905
"323" 28.5046844482422 31.5234642028809 13.2189674377441
"324" 29.1580028533936 31.6800785064697 13.8432741165161
"325" 27.2340698242188 31.5699558258057 9.75378227233887
"326" 28.411018371582 30.9962310791016 11.2988681793213
"327" 28.4909934997559 29.966682434082 10.4796628952026
"328" 28.7959213256836 30.6206092834473 11.0169496536255
"329" 28.8896980285645 31.4012756347656 11.6332092285156
"330" 29.5235462188721 31.3792552947998 13.4565582275391
"331" 28.5818004608154 30.9426002502441 9.94857978820801
"332" 29.527645111084 30.392765045166 10.6311016082764
"333" 29.4292240142822 29.5322818756104 10.110294342041
"334" 29.7637939453125 30.4329490661621 11.4938621520996
"335" 29.6136169433594 30.9984340667725 11.2087917327881
"336" 30.3353996276855 31.2049999237061 13.8109998703003
"337" 30.491678237915 30.2889232635498 10.3797559738159
"338" 30.5003204345703 29.8296031951904 10.0971250534058
"339" 30.2598857879639 29.041654586792 9.91604042053223
"340" 30.5111637115479 30.2230567932129 10.3207664489746
"341" 30.1922760009766 30.0407829284668 11.5394067764282
"342" 31.4501247406006 30.7557983398438 12.8569793701172
"343" 31.2693004608154 29.7208995819092 8.75049018859863
"344" 31.3532962799072 29.6362724304199 9.76262760162354
"345" 31.0565319061279 28.721794128418 9.20891952514648
"346" 30.9381999969482 29.9927997589111 10.1597003936768
"347" 31.9888458251953 30.2160949707031 11.5338201522827
"348" 31.9750003814697 30.8145008087158 12.529899597168
"349" 31.3257999420166 29.6905002593994 8.75084972381592
"350" 31.9058742523193 28.9762115478516 9.30544376373291
"351" 32.0453491210938 28.3374710083008 8.86398506164551
"352" 31.6709403991699 28.7758293151855 9.28091049194336
"353" 32.0723838806152 29.4405555725098 10.331280708313
"354" 32.6304168701172 30.0997772216797 11.0483551025391
"355" 32.9282989501953 30.403299331665 11.5353002548218
"356" 32.3965225219727 29.3908996582031 9.37481498718262
"357" 32.2363357543945 28.4435787200928 7.90927982330322
"358" 32.5947113037109 27.6888771057129 8.12437057495117
"359" 32.3993492126465 28.0917778015137 8.03049373626709
"360" 32.6340065002441 29.2742328643799 9.38943386077881
"361" 32.4749565124512 29.5016384124756 9.52326488494873
"362" 33.8346519470215 29.7889194488525 10.7208423614502
"363" 34.1183013916016 28.6689262390137 8.82998943328857
"364" 33.5405616760254 27.6806259155273 8.35686302185059
"365" 33.434513092041 27.6179180145264 7.86750650405884
"366" 33.4137649536133 27.7678279876709 8.19165325164795
"367" 33.7871627807617 28.4731273651123 8.91656017303467
"368" 34.2644004821777 28.8642997741699 8.91983985900879
"369" 33.9766731262207 28.6444835662842 6.99046421051025
"370" 34.0682945251465 27.5890502929688 7.5784854888916
"371" 33.9550285339355 27.4728412628174 7.71097993850708
"372" 34.4309501647949 27.6414451599121 8.28139591217041
"373" 34.920280456543 27.996618270874 8.58793449401855
"374" 35.833984375 28.1996612548828 8.97032737731934
"375" 34.8682899475098 28.1072807312012 6.93429136276245
"376" 34.7675285339355 27.1330547332764 7.6584939956665
"377" 34.4636421203613 27.2027416229248 7.48444128036499
"378" 35.4537239074707 27.3374805450439 7.86980104446411
"379" 36.0628204345703 27.2949752807617 8.10804748535156
"380" 36.4854888916016 27.3290615081787 8.41250514984131
"381" 35.3064002990723 28.2252006530762 7.92733001708984
"382" 35.6664543151855 27.2979183197021 7.1118540763855
"383" 36.010669708252 26.9022159576416 8.09015655517578
"384" 36.5933990478516 26.2286357879639 7.64250135421753
"385" 37.0081253051758 26.0869827270508 8.23968315124512
"386" 37.2779998779297 28.0562992095947 7.11673021316528
"387" 36.2921676635742 26.9141426086426 7.26892995834351
"388" 36.9547004699707 26.1232318878174 8.30944538116455
"389" 36.8861846923828 27.5535984039307 6.6274790763855
"390" 37.0143508911133 26.0295848846436 7.91815280914307
