"V1" "V2" "V3"
"1" 175.445785522461 88.5943145751953 22.9148559570312
"2" 172.7403 81.1733 18.9093
"3" 168.1345 74.56 15.0514
"4" 164.1936 67.7237 10.9538
"5" 158.6311 61.5347 8.9718
"6" 152.0434 55.6955 9.8979
"7" 145.101 50.1437 9.8044
"8" 138.7579 43.8435 10.2893
"9" 132.1423 38.0597 11.4884
"10" 126.7797 31.1341 13.3386
"11" 121.0873 24.6571 15.5506
"12" 115.292 19.7959 20.1561
"13" 109.5004 15.0939 24.9225
"14" 103.8794 10.1492 29.6692
"15" 97.4089 6.5192 34.6044
"16" 89.3412857055664 4.53475952148438 37.7624816894531
"17" 153.252716064453 135.333786010742 21.7623901367188
"18" 158.4766 133.3501 21.6092
"19" 163.7383 133.7417 20.0033
"20" 168.3076 136.2042 18.8318
"21" 173.2611 135.9532 16.0591
"22" 178.1134 137.3337 13.6298
"23" 181.5394 139.9732 10.6654
"24" 180.8922 144.8615 12.4446
"25" 176.4235 146.2468 15.7196
"26" 171.2368 148.4401 16.1487
"27" 165.8968 150.6124 15.9016
"28" 160.7065 149.0448 15.6512
"29" 157.6076 144.3804 16.9908
"30" 154.7953 139.6589 18.2684
"31" 175.445785522461 88.5943145751953 22.9148559570312
"32" 128.012771606445 65.1437683105469 50.3116455078125
"33" 135.050659179688 54.8898391723633 79.3037719726562
"34" 134.2632 57.9869 84.9156
"35" 133.1125 61.3099 90.3444
"36" 132.617 64.755 95.8229
"37" 132.4042 70.3043 99.0541
"38" 133.0891 76.4371 100.9242
"39" 134.4047 82.7858 100.9757
"40" 135.637 89.0953 100.4734
"41" 139.4233 93.586 98.4803
"42" 144.7461 96.3857 96.2552
"43" 150.6853 96.8337 93.9262
"44" 155.5733 96.0214 89.7404
"45" 158.6234 94.3244 84.5287
"46" 159.1148 91.8551 78.5499
"47" 159.2338 87.8322 73.4832
"48" 159.0878 83.1794 69.0949
"49" 158.0354 77.6809 65.8275
"50" 156.9654 71.9419 63.0611
"51" 154.7336 66.096 61.7624
"52" 150.7897 61.0789 62.2
"53" 146.2844 56.9807 63.74
"54" 142.6763 55.5145 68.8893
"55" 139.0856 54.798 74.22
"56" 146.433395385742 85.0227813720703 48.6608428955078
"57" 144.5668 76.261 44.5685
"58" 140.8984 67.1431 43.0787
"59" 134.7392 59.2686 42.724
"60" 127.4198 53.0035 45.3746
"61" 119.592 46.9617 46.0534
"62" 111.819 40.828 45.2968
"63" 105.8527 32.9527 44.3029
"64" 100.2307 24.8242 42.9439
"65" 91.5742568969727 20.0621337890625 43.7195892333984
"66" 146.433395385742 85.0227813720703 48.6608428955078
"67" 91.3413772583008 35.50830078125 83.9413146972656
"68" 91.5742568969727 20.0621337890625 43.7195892333984
"69" 91.3413772583008 35.50830078125 83.9413146972656
"70" 91.2577 39.9864 90.6506
"71" 91.8995 44.7548 97.2425
"72" 92.169 48.5567 104.387
"73" 92.176 48.3139 112.0082
"74" 91.7234 55.0493 116.4367
"75" 91.1921 63.0572 117.837
"76" 91.5723 71.065 116.401
"77" 91.9084 78.8475 114.0313
"78" 92.7641 86.7856 112.3966
"79" 94.377 94.6677 112.0249
"80" 95.3315 102.7812 112.2098
"81" 96.6031 110.8537 112.0143
"82" 98.3571 118.7945 112.3266
"83" 98.4991 126.8523 113.4139
"84" 99.2965 134.9242 114.4011
"85" 99.8874 143.0537 114.3574
"86" 101.2425 151.0831 114.0949
"87" 102.028907775879 159.204635620117 113.638603210449
"88" 99.4518585205078 197.566223144531 69.587890625
"89" 102.028907775879 159.204635620117 113.638603210449
"90" 89.3412857055664 4.53475952148438 37.7624816894531
"91" 17.3015747070312 96.3794403076172 26.5695838928223
"92" 21.3908 90.6461 19.4407
"93" 25.3943 82.4608 14.7997
"94" 29.2557 73.8967 10.8307
"95" 36.3663 67.745 7.1409
"96" 44.1013 61.2376 7.7873
"97" 51.1072 53.9401 8.9504
"98" 57.1278 45.8333 10.5349
"99" 61.9895 37.4613 13.6732
"100" 66.6823 29.543 17.5493
"101" 70.3397 22.043 23.3371
"102" 75.4104 14.6759 28.2231
"103" 81.1163 7.8649 33.2275
"104" 89.3412857055664 4.53475952148438 37.7624816894531
"105" 17.3015747070312 96.3794403076172 26.5695838928223
"106" 65.0732879638672 62.1976852416992 51.1151428222656
"107" 52.1066932678223 61.7235336303711 84.1287612915039
"108" 56.0507 63.0188 89.4085
"109" 60.3739 64.2267 94.5027
"110" 61.3127 65.9838 100.8339
"111" 60.683 70.2113 105.8412
"112" 59.8 76.7484 106.3647
"113" 59.324 83.4806 105.225
"114" 58.0792 90.2082 105.3429
"115" 53.9246 94.9085 102.8192
"116" 48.3023 97.9064 100.2362
"117" 43.193 97.3491 95.7918
"118" 38.5776 97.0752 90.6998
"119" 35.1894 95.6023 85.1796
"120" 32.8885 91.7727 80.0478
"121" 33.1136 86.2625 75.9844
"122" 33.8433 79.8485 73.7045
"123" 33.9115 74.7919 69.3993
"124" 35.2648 69.9292 64.8166
"125" 38.1946 64.5434 63.5563
"126" 41.3234 60.1557 67.4693
"127" 43.9576 58.7856 73.6152
"128" 47.849 59.635 79.1323
"129" 37.2065620422363 86.3091583251953 45.4197006225586
"130" 44.2531 80.0229 46.3502
"131" 48.4092 71.107 44.8407
"132" 53.3743 62.6483 44.2615
"133" 59.2718 54.7848 45.126
"134" 65.3456 47.1887 47.252
"135" 72.1222 39.8066 47.1912
"136" 78.2879 31.9626 46.3789
"137" 83.0885 23.5611 44.0978
"138" 91.5742568969727 20.0621337890625 43.7195892333984
"139" 37.2065620422363 86.3091583251953 45.4197006225586
"140" 157.155899047852 135.784042358398 19.2505168914795
"141" 157.54296875 138.189163208008 18.2397651672363
"142" 157.902938842773 140.236663818359 17.0940971374512
"143" 158.988845825195 142.386993408203 15.921591758728
"144" 160.093841552734 145.768859863281 15.4098777770996
"145" 158.815002441406 135.389999389648 19.4962997436523
"146" 160.595199584961 138.774063110352 18.5393180847168
"147" 160.629531860352 140.830123901367 17.068229675293
"148" 161.057006835938 142.738998413086 15.6978998184204
"149" 162.56477355957 145.492126464844 15.2167701721191
"150" 162.998001098633 135.630004882812 19.514799118042
"151" 161.371002197266 138.781005859375 18.652099609375
"152" 161.679489135742 140.839462280273 17.6567821502686
"153" 163.029998779297 144.440002441406 15.8175001144409
"154" 164.867858886719 146.816650390625 15.8262186050415
"155" 163.574996948242 135.677993774414 19.328800201416
"156" 165.298004150391 137.761001586914 18.9151992797852
"157" 167.22688293457 139.393157958984 18.5615901947021
"158" 164.886032104492 146.152908325195 16.0627326965332
"159" 165.365081787109 146.898345947266 16.4666595458984
"160" 166.565673828125 138.040512084961 18.5854759216309
"161" 167.382995605469 139.348007202148 18.4423999786377
"162" 167.382995605469 139.348007202148 18.4423999786377
"163" 172.173202514648 142.437469482422 15.7710647583008
"164" 169.235992431641 148.208999633789 18.020299911499
"165" 167.782943725586 138.03434753418 18.764705657959
"166" 170.458465576172 139.561325073242 17.0824565887451
"167" 171.325210571289 140.996795654297 16.4688892364502
"168" 172.462692260742 143.003372192383 15.4168081283569
"169" 173.566192626953 145.748718261719 16.3706951141357
"170" 170.741790771484 138.417724609375 16.7033081054688
"171" 171.33317565918 140.627792358398 15.8587369918823
"172" 172.296508789062 142.722946166992 15.4058084487915
"173" 173.600143432617 145.30436706543 15.9437274932861
"174" 172.870498657227 138.252853393555 15.3012619018555
"175" 172.65690612793 139.595397949219 14.6867637634277
"176" 173.44352722168 141.224487304688 13.9608669281006
"177" 174.410568237305 144.134841918945 14.8810606002808
"178" 174.867172241211 138.18896484375 14.1827478408813
"179" 175.002655029297 139.730850219727 13.3929538726807
"180" 175.490203857422 141.531478881836 13.0149564743042
"181" 176.715347290039 143.677215576172 13.9211301803589
"182" 177.009902954102 138.544296264648 13.3726243972778
"183" 177.098159790039 139.881469726562 12.9749355316162
"184" 177.485412597656 141.337890625 12.6963758468628
"185" 177.891036987305 142.904861450195 12.9692821502686
"186" 179.972702026367 139.520843505859 11.9121036529541
"187" 179.963684082031 141.049087524414 11.7753744125366
"188" 180.586334228516 142.975982666016 11.9565954208374
"189" 171.297714233398 83.9755783081055 31.6137523651123
"190" 168.210739135742 83.7793350219727 41.7268714904785
"191" 160.319564819336 83.7232818603516 50.2288703918457
"192" 157.633514404297 82.9478378295898 50.1824493408203
"193" 155.758316040039 82.5425033569336 48.0903701782227
"194" 153.293319702148 82.7521438598633 46.5628433227539
"195" 150.691207885742 83.8977890014648 45.2220420837402
"196" 167.432189941406 79.2845993041992 24.9566135406494
"197" 163.760635375977 80.4775314331055 36.4551048278809
"198" 160.167007446289 78.2911987304688 47.4034996032715
"199" 158.381301879883 77.9817352294922 45.5422325134277
"200" 153.386856079102 78.5185546875 42.4872550964355
"201" 150.533889770508 77.4486999511719 43.0892524719238
"202" 164.120361328125 74.368408203125 22.2194137573242
"203" 160.864059448242 75.4741973876953 32.3716659545898
"204" 157.505004882812 74.4047012329102 45.9819984436035
"205" 155.908081054688 73.825813293457 45.8526000976562
"206" 152.721054077148 73.5675811767578 40.2936019897461
"207" 150.877975463867 73.1960296630859 41.0122451782227
"208" 148.88671875 72.5176467895508 41.670482635498
"209" 161.24446105957 70.0477294921875 21.9593734741211
"210" 159.596405029297 70.3377990722656 35.2788772583008
"211" 154.693862915039 70.5472183227539 45.5964279174805
"212" 153.917007446289 68.6251983642578 43.2384986877441
"213" 151.23796081543 70.24365234375 38.7111892700195
"214" 147.98567199707 69.3841094970703 40.0489845275879
"215" 159.00471496582 65.8646926879883 19.7112407684326
"216" 155.229797363281 67.3467254638672 30.5694065093994
"217" 153.445907592773 66.5028457641602 43.2680358886719
"218" 151.543212890625 66.6569137573242 44.6602973937988
"219" 150.858871459961 66.2489624023438 39.7954978942871
"220" 148.209884643555 66.2639465332031 37.2353782653809
"221" 145.314346313477 65.3050384521484 38.672004699707
"222" 155.330688476562 62.1417350769043 18.6005210876465
"223" 152.104354858398 63.2016563415527 27.7914943695068
"224" 152.454620361328 60.8720550537109 41.0425987243652
"225" 148.136215209961 63.2178001403809 47.3706474304199
"226" 148.498001098633 63.2484016418457 42.8171997070312
"227" 145.61799621582 62.7606010437012 36.9552001953125
"228" 143.856842041016 63.6211013793945 38.5899772644043
"229" 150.683197021484 57.6413192749023 19.4001731872559
"230" 151.063003540039 56.1477584838867 32.1604614257812
"231" 148.587387084961 57.8222808837891 46.8596496582031
"232" 145.395599365234 59.2634887695312 46.3940963745117
"233" 145.074645996094 59.6894035339355 41.365062713623
"234" 144.464004516602 60.2699012756348 40.1293983459473
"235" 140.965026855469 62.4701919555664 40.2264785766602
"236" 144.87841796875 52.9593086242676 19.6825275421143
"237" 146.412078857422 51.9114151000977 33.0248031616211
"238" 145.520065307617 53.4697418212891 46.8935546875
"239" 141.981674194336 56.141716003418 46.0189781188965
"240" 140.998291015625 56.2615356445312 38.9792251586914
"241" 138.973968505859 60.2682037353516 40.1042518615723
"242" 139.740814208984 48.1534118652344 17.9761447906494
"243" 139.490005493164 49.0789985656738 29.3612003326416
"244" 140.792739868164 48.0552787780762 45.0677757263184
"245" 138.061004638672 51.5129547119141 46.9953956604004
"246" 136.813995361328 53.0035018920898 42.7738990783691
"247" 136.813995361328 53.0035018920898 42.7738990783691
"248" 134.801376342773 59.3850784301758 42.8327598571777
"249" 133.137283325195 42.7193374633789 19.5184745788574
"250" 134.093002319336 44.0968017578125 33.3978996276855
"251" 136.731826782227 43.470588684082 46.8284797668457
"252" 132.160446166992 47.0330848693848 43.284122467041
"253" 130.436325073242 47.287281036377 38.2210464477539
"254" 129.822494506836 50.3640823364258 42.5546340942383
"255" 127.247406005859 54.5224761962891 46.9315071105957
"256" 126.9208984375 35.4226341247559 19.8435039520264
"257" 126.721054077148 39.556339263916 32.6061515808105
"258" 130.065994262695 40.2994003295898 48.6613006591797
"259" 126.932998657227 40.8893013000488 42.9003982543945
"260" 125.234634399414 39.5937767028809 36.473705291748
"261" 125.36799621582 42.8916015625 41.5200996398926
"262" 119.819999694824 46.4525985717773 45.3644981384277
"263" 122.532684326172 30.1973876953125 20.5323753356934
"264" 125.569038391113 36.6006774902344 40.6445503234863
"265" 122.920997619629 35.5 44.9748001098633
"266" 118.180854797363 34.6215934753418 42.7657012939453
"267" 118.368713378906 31.6315956115723 38.1847190856934
"268" 112.132591247559 35.0464820861816 44.8888511657715
"269" 117.142700195312 23.7483978271484 22.7051029205322
"270" 119.866310119629 29.9258632659912 38.5696067810059
"271" 118.069458007812 31.5890102386475 47.7430648803711
"272" 115.316032409668 29.67360496521 47.4618148803711
"273" 110.93970489502 26.9935073852539 41.6358184814453
"274" 108.016998291016 25.8451995849609 42.2650985717773
"275" 112.843437194824 22.0891628265381 32.0507392883301
"276" 114.498390197754 27.5624713897705 46.6967315673828
"277" 110.665802001953 25.7137718200684 46.4420433044434
"278" 104.826759338379 22.331485748291 41.3903617858887
"279" 100.226203918457 22.7764358520508 42.4714126586914
"280" 108.347450256348 17.2750263214111 30.0586166381836
"281" 109.366500854492 21.2161922454834 41.5576515197754
"282" 107.080291748047 23.4623279571533 46.8817481994629
"283" 103.034385681152 20.2087135314941 45.0506362915039
"284" 96.9758071899414 20.6046962738037 42.7658386230469
"285" 105.484252929688 13.6873378753662 30.4047336578369
"286" 104.31591796875 18.1377639770508 42.3733139038086
"287" 101.395141601562 22.3076229095459 49.578727722168
"288" 96.9506454467773 21.3847389221191 49.9945487976074
"289" 101.374465942383 11.8093090057373 34.5858459472656
"290" 98.6003494262695 17.6305885314941 41.583381652832
"291" 96.8959655761719 23.552755355835 53.2515716552734
"292" 92.47509765625 25.2768993377686 56.7288017272949
"293" 96.9411315917969 10.7347249984741 38.0934867858887
"294" 96.2541351318359 14.7255725860596 45.9853858947754
"295" 94.8453216552734 20.8506832122803 55.050048828125
"296" 90.2883758544922 24.7142581939697 57.6301193237305
"297" 91.1923370361328 11.1449747085571 42.6172752380371
"298" 90.1695022583008 18.3812007904053 51.8133010864258
"299" 21.5572452545166 91.8898696899414 34.9245986938477
"300" 24.7211055755615 91.0308685302734 45.697093963623
"301" 28.8929996490479 88.8840026855469 53.1825981140137
"302" 31.577600479126 88.1781997680664 51.826000213623
"303" 32.295295715332 87.2240829467773 47.5180625915527
"304" 35.7089157104492 85.5250701904297 44.4032974243164
"305" 24.57666015625 89.3199005126953 27.5497951507568
"306" 27.8987998962402 86.9113998413086 41.9342002868652
"307" 32.486198425293 85.0990982055664 53.5857009887695
"308" 32.8733558654785 80.9475479125977 47.2686080932617
"309" 34.7387008666992 81.0388031005859 44.6431007385254
"310" 39.7956657409668 80.2741851806641 43.4355812072754
"311" 27.1757736206055 83.778694152832 25.5102252960205
"312" 28.5594997406006 81.8759002685547 37.5814018249512
"313" 33.4968338012695 79.3901824951172 52.7736473083496
"314" 33.9959106445312 78.7063980102539 49.7915496826172
"315" 35.5363655090332 77.3488540649414 45.3275413513184
"316" 39.4888191223145 76.5992279052734 41.3732528686523
"317" 42.2970504760742 74.8057861328125 42.0474090576172
"318" 29.1819801330566 78.2402038574219 24.1469612121582
"319" 33.0428047180176 75.4599304199219 40.8082618713379
"320" 36.8968925476074 74.2255859375 52.5005035400391
"321" 36.5037994384766 73.2098999023438 50.0368995666504
"322" 37.4338989257812 72.2758026123047 45.9341011047363
"323" 39.4931106567383 72.2403411865234 41.2681884765625
"324" 43.6913986206055 69.8139038085938 43.2731018066406
"325" 31.7566509246826 73.7291946411133 21.5656127929688
"326" 34.7484474182129 71.306396484375 34.3871688842773
"327" 38.899299621582 68.3386993408203 51.3331985473633
"328" 40.1727867126465 67.9896621704102 47.4462699890137
"329" 40.6056785583496 66.8071136474609 41.0301704406738
"330" 45.2076759338379 67.571907043457 39.4396171569824
"331" 37.9290199279785 66.9246520996094 19.0563983917236
"332" 39.3226356506348 66.4389877319336 37.2953567504883
"333" 40.067985534668 61.8557395935059 50.215015411377
"334" 42.5211219787598 63.4925308227539 43.0350494384766
"335" 43.8541412353516 63.1684226989746 40.9910163879395
"336" 47.9966697692871 64.1413269042969 39.9605102539062
"337" 43.1823120117188 62.4405517578125 20.6020755767822
"338" 42.9094047546387 62.034969329834 37.8236618041992
"339" 41.6756057739258 59.9168472290039 49.3358612060547
"340" 45.1119003295898 61.3941993713379 45.5466003417969
"341" 47.3445014953613 60.0783996582031 42.3669013977051
"342" 48.0098762512207 58.3842620849609 41.6853485107422
"343" 47.8381576538086 57.2547645568848 17.7215385437012
"344" 48.3818092346191 59.0679550170898 31.6686763763428
"345" 43.7222366333008 57.3513793945312 47.2183494567871
"346" 47.3205986022949 56.5074996948242 45.0461006164551
"347" 50.6541748046875 52.5497932434082 40.1318740844727
"348" 55.3004837036133 56.2895469665527 41.8956108093262
"349" 52.628490447998 51.8022994995117 20.1777496337891
"350" 50.6485023498535 52.0152778625488 33.744743347168
"351" 48.187198638916 54.9269981384277 46.886100769043
"352" 51.0114440917969 51.8740882873535 46.4338035583496
"353" 54.0082473754883 49.6678848266602 42.8462142944336
"354" 55.0508003234863 47.9654998779297 41.4723014831543
"355" 61.1847877502441 48.6622924804688 44.8692588806152
"356" 57.8115653991699 44.7456092834473 19.2923069000244
"357" 54.5565986633301 45.9230995178223 33.3814010620117
"358" 52.8002014160156 48.575740814209 49.3290252685547
"359" 55.842399597168 45.1726989746094 47.7919006347656
"360" 60.3359985351562 42.7709007263184 44.1386985778809
"361" 63.2669334411621 40.6364402770996 41.9949150085449
"362" 67.4739837646484 39.4091377258301 45.5593948364258
"363" 63.7970123291016 35.9767074584961 25.5567150115967
"364" 59.4151763916016 39.6874465942383 41.2515487670898
"365" 57.7127990722656 41.4039001464844 50.0112991333008
"366" 61.450798034668 38.28125 48.9761810302734
"367" 65.222297668457 35.4127998352051 43.2799987792969
"368" 69.2364273071289 31.2849655151367 42.0798416137695
"369" 67.5255355834961 29.7202587127686 26.4581928253174
"370" 64.8481979370117 32.3689994812012 38.2064018249512
"371" 63.1948623657227 36.7158813476562 49.4615325927734
"372" 70.7341690063477 30.8224716186523 43.7583847045898
"373" 73.071044921875 26.9822406768799 42.8445014953613
"374" 79.4019241333008 23.395170211792 43.7896614074707
"375" 71.5978851318359 24.6863403320312 33.3354110717773
"376" 67.2108001708984 25.6595287322998 43.7271003723145
"377" 68.7605819702148 30.0021476745605 48.715274810791
"378" 75.3005752563477 24.362190246582 45.5547103881836
"379" 79.4539031982422 21.8278999328613 47.0691986083984
"380" 86.0791244506836 21.6061992645264 46.5862655639648
"381" 75.73388671875 17.8210430145264 31.9925804138184
"382" 75.6342926025391 20.192850112915 41.4298553466797
"383" 76.3710861206055 23.7126789093018 49.6020889282227
"384" 80.3359680175781 23.8960742950439 52.3357620239258
"385" 85.3056030273438 24.7238330841064 55.0425834655762
"386" 79.0895080566406 14.5911464691162 34.823616027832
"387" 80.5772018432617 17.3502006530762 45.5140991210938
"388" 84.2156143188477 24.7983360290527 54.4731216430664
"389" 83.4473571777344 12.4676723480225 38.8594932556152
"390" 83.788703918457 18.7759552001953 50.5319900512695
