"V1" "V2" "V3"
"1" 21.855842590332 24.1735954284668 35.4700813293457
"2" 22.0239 24.2446 36.5383
"3" 22.0917 24.3959 37.6095
"4" 22.1514 24.6001 38.6726
"5" 22.1658 24.912 39.7102
"6" 22.2395 25.1483 40.7657
"7" 22.2625 25.4883 41.7926
"8" 22.2795 25.8446 42.8159
"9" 22.3009 26.256 43.8195
"10" 22.3378 26.6981 44.8098
"11" 22.339 27.0839 45.8222
"12" 22.363 27.4676 46.8358
"13" 22.3602485656738 27.9500732421875 47.8076019287109
"14" 25.9622573852539 31.6665954589844 58.1867408752441
"15" 25.3984394073486 27.775842666626 48.5710830688477
"16" 25.3200302124023 21.2499885559082 38.1696929931641
"17" 40.1859741210938 24.8317775726318 47.5516395568848
"18" 39.7139 26.706 47.3856
"19" 39.6947 28.4597 46.577
"20" 39.8355 29.7048 45.1689
"21" 39.8951 29.3093 43.3587
"22" 39.8767 27.9915 41.9212
"23" 39.8093 26.5713 40.5968
"24" 39.7609 24.9676 39.5238
"25" 39.768 23.1764 38.8244
"26" 40.2186 21.3395 38.9621
"27" 40.88 20.1773 40.2501
"28" 41.3658 19.681 42.0282
"29" 41.6973 19.7899 43.9445
"30" 41.9409 20.4074 45.7646
"31" 42.0171 21.802 47.1083
"32" 41.5004 23.4467 47.8604
"33" 40.2123260498047 24.7505054473877 47.5436973571777
"34" 40.2123260498047 24.7505054473877 47.5436973571777
"35" 40.1859741210938 24.8317775726318 47.5516395568848
"36" 33.1852264404297 22.3240051269531 22.7312183380127
"37" 33.4852 21.8667 21.0972
"38" 34.4472 20.7461 21.9782
"39" 35.4354 20.486 23.5818
"40" 36.3191 20.3466 25.2567
"41" 37.1654 20.6302 26.9336
"42" 37.8884 20.8535 28.6691
"43" 38.5071 20.9744 30.453
"44" 39.2677 21.2289 32.1749
"45" 39.927 21.5655 33.9255
"46" 40.2519 22.2684 35.6483
"47" 40.1963 23.627 36.9291
"48" 40.3315 25.0987 38.1174
"49" 40.4199 26.5218 39.3754
"50" 40.4399 27.9359 40.6487
"51" 40.3564 29.1835 42.0824
"52" 40.1272964477539 30.570032119751 43.2709732055664
"53" 23.7156658172607 19.9612140655518 58.4129257202148
"54" 21.0596122741699 17.2096996307373 4.66038703918457
"55" 22.3428 16.8275 5.9082
"56" 23.6259 16.4453 7.156
"57" 25.2416 16.9264 7.6649
"58" 26.4547 17.6003 7.2206
"59" 26.499 18.8667 5.9687
"60" 26.2131 19.8899 4.4809
"61" 25.9632 21.0262 3.0773
"62" 25.4036 22.4097 2.0643
"63" 24.2449 23.3581 1.0557
"64" 22.6358 23.5968 0.2672
"65" 20.8306503295898 23.503080368042 0.43276834487915
"66" 30.3092727661133 26.8808860778809 48.057373046875
"67" 24.3939056396484 11.6392583847046 15.3778390884399
"68" 26.7788276672363 11.1251726150513 20.9540462493896
"69" 27.6099033355713 10.9789962768555 24.3371753692627
"70" 22.12038230896 18.5300598144531 57.862548828125
"71" 23.1173 18.9111 57.9563
"72" 23.5468 19.7973 58.5772
"73" 24.2242 20.7103 58.2724
"74" 24.8364 21.6572 57.9491
"75" 25.3173 22.7016 58.0752
"76" 25.6202 23.7105 58.3674
"77" 25.5965 24.7078 57.7839
"78" 24.9353 25.6835 57.7366
"79" 24.209 26.5576 58.0386
"80" 23.328 27.2533 58.4005
"81" 22.2733268737793 27.7161560058594 58.5901412963867
"82" 32.7589492797852 13.5795364379883 26.6403503417969
"83" 33.1852264404297 22.3240051269531 22.7312183380127
"84" 33.3678 23.4465 21.3255
"85" 33.0317 24.1873 19.7196
"86" 32.5336 24.6315 18.029
"87" 31.9597 24.9608 16.3364
"88" 31.3163 25.1754 14.6565
"89" 30.6479 25.4422 13.0044
"90" 29.9337 25.8284 11.3765
"91" 29.1329 26.0388 9.7681
"92" 28.4067 26.1139 8.1251
"93" 27.6408 26.0081 6.496
"94" 26.7708 26.0118 4.9087
"95" 25.6473 26.0082 3.5077
"96" 24.3963 26.175 2.3043
"97" 22.7136 26.0817 1.6868
"98" 20.9439182281494 26.2948665618896 1.4247682094574
"99" 33.5225715637207 30.2845039367676 44.5158576965332
"100" 34.3216 29.3435 43.7172
"101" 35.7123 28.8384 43.5139
"102" 36.7863 29.6383 43.1544
"103" 37.5917 30.6014 42.4791
"104" 39.019 30.825 42.3291
"105" 39.9476 31.5121 43.1539
"106" 40.3077 32.1244 44.3811
"107" 39.8278 32.4588 45.7468
"108" 38.6646 32.5485 46.4825
"109" 37.3473 32.0057 46.31
"110" 36.6273 30.7396 46.223
"111" 35.2154 30.6235 46.4705
"112" 33.9501 30.5078 45.9177
"113" 33.1852264404297 22.3240051269531 22.7312183380127
"114" 27.0830249786377 14.7600746154785 12.1545181274414
"115" 32.9282150268555 18.3160400390625 18.7837963104248
"116" 26.8871173858643 23.6529045104981 18.9932804107666
"117" 37.2935523986816 21.0573406219482 62.9595146179199
"118" 26.410982131958 14.0054521560669 12.4759874343872
"119" 25.4012 12.8953 13.0941
"120" 24.7507 12.057 14.2852
"121" 24.4088 11.5481 15.7958
"122" 24.4366 11.1905 17.359
"123" 25.0291 10.9774 18.8563
"124" 26.0079 10.9971 20.1604
"125" 27.1798 11.2102 21.2792
"126" 28.4512 11.5215 22.2486
"127" 29.7437 11.9526 23.1389
"128" 30.9935 12.933 23.4622
"129" 32.1334 14.0387 23.1375
"130" 33.0905 15.2256 22.5475
"131" 33.5699 16.5066 21.681
"132" 33.4599 17.5412 20.4286
"133" 33.1283 18.2849 19.0176
"134" 32.7583 18.8654 17.5356
"135" 32.1148 19.0471 16.063
"136" 31.34 18.8315 14.6426
"137" 30.4807 18.4174 13.3167
"138" 29.4251 17.6652 12.3594
"139" 28.4119 16.486 11.9064
"140" 27.3931 15.2399 12.0462
"141" 22.7195816040039 9.96621513366699 59.2123794555664
"142" 28.1543235778809 15.4016532897949 45.6380996704102
"143" 22.3073310852051 20.6553993225098 21.4557266235352
"144" 21.9834270477295 24.1403198242188 34.3403778076172
"145" 26.4534397125244 20.1775703430176 25.353796005249
"146" 26.9778175354004 11.1618251800537 21.0892887115479
"147" 32.6192665100098 14.6751184463501 22.8183097839356
"148" 31.8473434448242 21.9820671081543 40.7773818969727
"149" 32.9438934326172 19.8955459594727 48.2129707336426
"150" 32.8456 19.0498 45.6019
"151" 34.1739 19.6344 43.7213
"152" 36.1092 19.4032 42.0135
"153" 37.7837 17.9596 40.4254
"154" 38.724 17.033 38.2667
"155" 37.7168 18.8372 36.6419
"156" 35.8498 20.3643 37.6763
"157" 34.0907 21.5118 39.336
"158" 31.8473434448242 21.9820671081543 40.7773818969727
"159" 40.1272964477539 30.570032119751 43.2709732055664
"160" 32.9438934326172 19.8955459594727 48.2129707336426
"161" 40.012580871582 17.9602241516113 39.5737800598145
"162" 26.5733013153076 20.3351402282715 54.9861602783203
"163" 29.1049900054932 17.272705078125 47.9832801818848
"164" 36.2441444396973 18.6373195648193 67.5388107299805
"165" 22.7195816040039 9.96621513366699 59.2123794555664
"166" 22.6814 9.6519 55.9552
"167" 22.6778 9.7923 52.6852
"168" 22.9254 10.0398 49.4264
"169" 23.7476 10.2371 46.2659
"170" 25.0887 10.4117 43.2893
"171" 26.7957 10.5416 40.4971
"172" 28.4884 10.9508 37.7259
"173" 29.7959 11.3287 34.751
"174" 30.4281 11.6754 31.5576
"175" 31.155 12.31 28.4518
"176" 33.0203 13.9957 26.5965
"177" 35.0183 16.4962 26.1535
"178" 36.9717 18.2371 27.988
"179" 38.4283 19.2437 30.7247
"180" 39.6066 19.8894 33.6942
"181" 40.1244 19.1163 36.6056
"182" 40.012580871582 17.9602241516113 39.5737800598145
"183" 32.2731590270996 22.4773616790771 26.3568515777588
"184" 30.3415 24.1353 25.2461
"185" 28.8935 24.3905 22.5718
"186" 28.1096 24.3095 19.6101
"187" 27.3347 24.3355 16.6291
"188" 26.4524 24.4008 13.6801
"189" 25.5783 23.9684 10.7604
"190" 24.4383 23.4861 7.9393
"191" 23.431 23.8229 5.0678
"192" 21.2985343933106 23.8592414855957 3.16515731811523
"193" 32.2731590270996 22.4773616790771 26.3568515777588
"194" 21.0596122741699 17.2096996307373 4.66038703918457
"195" 21.2985343933106 23.8592414855957 3.16515731811523
"196" 22.3602485656738 27.9500732421875 47.8076019287109
"197" 21.8065795898438 22.3532829284668 32.6882781982422
"198" 21.855842590332 24.1735954284668 35.4700813293457
"199" 25.3200302124023 21.2499885559082 38.1696929931641
"200" 24.6255 21.5185 39.5378
"201" 23.7053 21.9106 40.7188
"202" 22.2605 22.2265 41.1673
"203" 20.8333 21.9012 40.6395
"204" 19.6941 21.6284 39.6281
"205" 18.8245525360107 21.5162677764893 38.3581008911133
"206" 22.12038230896 18.5300598144531 57.862548828125
"207" 21.8803901672363 10.7313709259033 17.2211380004883
"208" 21.0596122741699 17.2096996307373 4.66038703918457
"209" 21.0857 16.3163 7.5194
"210" 21.1902 14.2513 9.734
"211" 21.287 12.7149 12.3409
"212" 21.5492 11.3032 14.9857
"213" 21.6889 10.5848 17.9141
"214" 21.7733 10.1543 20.9106
"215" 21.8756 9.9002 23.931
"216" 22.0516 10.0382 26.95
"217" 22.0365 10.1173 29.9794
"218" 22.1335 10.0003 33.0074
"219" 22.3047 10.0214 36.032
"220" 22.162 10.1566 39.0577
"221" 22.3666 10.336 42.0714
"222" 22.4803 10.2212 45.1004
"223" 22.3613 10.0601 48.125
"224" 22.3526 9.9039 51.1519
"225" 22.3812 9.7071 54.1789
"226" 22.3988285064697 9.70040225982666 57.2094955444336
"227" 22.0892772674561 30.3976268768311 62.6195907592773
"228" 21.3467826843262 10.0876407623291 27.669563293457
"229" 22.3988285064697 9.70040225982666 57.2094955444336
"230" 20.8306503295898 23.503080368042 0.43276834487915
"231" 20.9439182281494 26.2948665618896 1.4247682094574
"232" 21.803337097168 18.8241310119629 77.9281463623047
"233" 22.2733268737793 27.7161560058594 58.5901412963867
"234" 18.3821697235107 31.7655544281006 58.3025436401367
"235" 19.5258655548096 27.6031837463379 48.2125015258789
"236" 18.8245525360107 21.5162677764893 38.3581008911133
"237" 3.98683929443359 25.2540130615234 48.5836906433105
"238" 4.6069 27.3039 48.068
"239" 4.5345 29.2279 46.9351
"240" 4.3924 30.2685 45.1251
"241" 4.2453 29.0822 43.2748
"242" 4.3382 27.4408 41.7593
"243" 4.3311 25.668 40.395
"244" 4.2974 23.6374 39.5093
"245" 3.828 21.587 39.8163
"246" 2.9987 20.3843 41.4582
"247" 2.4793 20.0882 43.5943
"248" 2.0455 20.5776 45.7273
"249" 1.9536 21.822 47.5496
"250" 2.3327 23.667 48.6787
"251" 3.93667888641357 25.1863670349121 48.6037902832031
"252" 3.93667888641357 25.1863670349121 48.6037902832031
"253" 3.98683929443359 25.2540130615234 48.5836906433105
"254" 10.7049236297607 22.1802482604981 23.2146682739258
"255" 9.1559 20.5657 22.903
"256" 7.1823 20.3646 26.9268
"257" 5.3951 20.8726 31.0342
"258" 3.9669 21.7965 35.1141
"259" 3.7748 24.7685 38.3595
"260" 3.7291 28.2368 41.2812
"261" 3.79449462890625 31.3670120239258 44.5626068115234
"262" 20.6081695556641 19.8111057281494 58.2342147827148
"263" 21.0596122741699 17.2096996307373 4.66038703918457
"264" 19.6679 16.8349 5.5073
"265" 18.4821 16.5822 6.6603
"266" 17.1798 16.7696 7.6096
"267" 16.2182 17.9987 7.1361
"268" 16.0415 19.2235 6.0352
"269" 16.1993 20.1358 4.6184
"270" 16.3694 21.1866 3.3119
"271" 16.7794 22.4797 2.3301
"272" 17.8289 23.37 1.3549
"273" 19.1822 23.7413 0.4688
"274" 20.8306503295898 23.503080368042 0.43276834487915
"275" 14.9281024932861 27.4754600524902 47.6910705566406
"276" 19.2966899871826 11.3538103103638 15.9600334167481
"277" 16.1366500854492 10.9838638305664 22.4371910095215
"278" 16.7562503814697 10.5380754470825 24.7678642272949
"279" 22.12038230896 18.5300598144531 57.862548828125
"280" 21.1609 18.9741 57.7398
"281" 20.6578 19.8577 58.2728
"282" 20.0009 20.734 58.0474
"283" 19.4491 21.7076 57.8121
"284" 18.9967 22.7265 58.0599
"285" 18.71 23.809 58.1763
"286" 18.9953 24.8326 57.7668
"287" 19.6633 25.7493 57.7831
"288" 20.3942 26.5931 58.0791
"289" 21.202 27.3271 58.4596
"290" 22.2733268737793 27.7161560058594 58.5901412963867
"291" 11.5775127410889 13.4779567718506 27.6655788421631
"292" 10.7049236297607 22.1802482604981 23.2146682739258
"293" 10.6096 23.5551 21.7179
"294" 10.9739 24.399 19.901
"295" 11.4174 24.903 17.9709
"296" 12.0328 25.1415 16.037
"297" 12.5232 25.5452 14.0955
"298" 13.152 25.9113 12.1882
"299" 13.9128 26.1045 10.2968
"300" 14.5657 26.1752 8.4126
"301" 15.2606 26.181 6.5133
"302" 16.1963 26.2908 4.7168
"303" 17.2616 26.4171 3.0164
"304" 18.9909 26.1614 1.9996
"305" 20.9439182281494 26.2948665618896 1.4247682094574
"306" 10.6061515808106 30.2861595153809 44.6085586547852
"307" 9.4768 29.4196 44.077
"308" 7.9854 29.2417 43.9717
"309" 7.0094 30.3122 43.4399
"310" 5.6823 30.8515 42.9783
"311" 4.4609 31.4853 43.5886
"312" 4.0172 32.2606 44.7997
"313" 4.5631 32.8389 46.1245
"314" 5.553 32.7229 47.2481
"315" 6.8895 32.1547 47.1946
"316" 7.7066 30.9435 46.8915
"317" 9.1837 30.6194 46.8512
"318" 10.364 30.7386 46.0441
"319" 10.7049236297607 22.1802482604981 23.2146682739258
"320" 17.1782112121582 13.3961210250854 12.9215927124023
"321" 11.9016084671021 19.2189025878906 18.6621055603027
"322" 16.6815452575684 23.4395980834961 20.0453948974609
"323" 6.70144653320312 21.3762474060059 63.0360717773438
"324" 17.838981628418 12.8753108978272 13.1825065612793
"325" 18.7591 12.0449 14.3851
"326" 19.1658 11.4307 15.9906
"327" 19.5093 11.0042 17.6644
"328" 18.9218 10.7289 19.3004
"329" 17.9323 10.7712 20.7551
"330" 16.7077 10.8297 22.0268
"331" 15.3367 11.0592 23.1299
"332" 13.9783 11.7295 24.0069
"333" 12.6707 12.891 24.1401
"334" 11.6733 14.2319 23.5664
"335" 10.9432 15.6201 22.7646
"336" 10.8256 17.0079 21.6933
"337" 11.1094 18.2963 20.514
"338" 11.6179 19.1014 19.0253
"339" 11.996 19.7195 17.4103
"340" 12.2132 19.2282 15.7882
"341" 12.619 18.576 14.2014
"342" 13.4512 17.834 12.8591
"343" 14.5159 16.6225 12.1426
"344" 15.6018 15.305 12.0264
"345" 16.6611 13.9769 12.4387
"346" 21.9930915832519 10.0363864898682 59.3485107421875
"347" 16.628755569458 15.1597118377686 45.72021484375
"348" 21.0982761383057 20.4064235687256 21.8850708007812
"349" 21.9687061309814 24.1146755218506 34.2776985168457
"350" 17.5724010467529 20.2687873840332 25.6809539794922
"351" 16.3326435089111 10.8500699996948 22.3508052825928
"352" 11.7885265350342 14.1296920776367 23.6288509368896
"353" 11.9931640625 22.0810012817383 41.0856170654297
"354" 12.0084323883057 19.5889072418213 47.9484710693359
"355" 11.3432 19.1385 45.5081
"356" 10.1218 19.6292 43.8894
"357" 8.5031 19.5603 42.2745
"358" 7.0462 18.0241 40.8198
"359" 5.9056 16.9679 38.9396
"360" 6.9157 18.5191 37.1924
"361" 8.463 20.1362 38.1126
"362" 9.83 21.582 39.6729
"363" 11.9931640625 22.0810012817383 41.0856170654297
"364" 3.79449462890625 31.3670120239258 44.5626068115234
"365" 12.0084323883057 19.5889072418213 47.9484710693359
"366" 4.05586576461792 18.2427539825439 40.3065757751465
"367" 18.0035572052002 19.4975452423096 54.48193359375
"368" 15.5528583526611 17.1607990264893 48.0003128051758
"369" 7.67628192901611 18.6247406005859 67.3483657836914
"370" 21.9930915832519 10.0363864898682 59.3485107421875
"371" 22.1612 9.6773 56.1177
"372" 22.1443 9.8076 52.8553
"373" 21.8047 9.9814 49.6179
"374" 21.107 10.0409 46.4332
"375" 19.7615 10.1005 43.478
"376" 17.8675 10.3073 40.8518
"377" 15.9086 10.7524 38.284
"378" 14.3413 11.0914 35.4431
"379" 13.6191 11.5355 32.3153
"380" 12.9652 12.3244 29.2443
"381" 11.0524 14.0285 27.3402
"382" 9.1377 16.5242 26.8655
"383" 7.1171 18.2353 28.6699
"384" 5.8385 19.1926 31.501
"385" 4.4102 19.9589 34.3099
"386" 3.8666 19.1115 37.2544
"387" 4.05586576461792 18.2427539825439 40.3065757751465
"388" 11.9177846908569 23.1166000366211 26.4821529388428
"389" 14.0312 24.2414 25.2302
"390" 15.2387 24.2545 22.4661
"391" 15.8983 24.1665 19.5335
"392" 16.352 24.3355 16.5615
"393" 16.8802 24.3523 13.6019
"394" 17.7513 23.7199 10.7793
"395" 18.4394 23.4307 7.8586
"396" 19.1936 23.8717 4.9931
"397" 21.2985343933106 23.8592414855957 3.16515731811523
"398" 11.9177846908569 23.1166000366211 26.4821529388428
"399" 33.8315773010254 30.5193881988525 44.6249618530273
"400" 34.0564193725586 30.6810855865479 45.5308494567871
"401" 34.3389625549316 30.4970149993896 43.8906059265137
"402" 34.5193634033203 30.3164615631104 44.8794441223145
"403" 34.6330528259277 30.7378368377686 45.4396934509277
"404" 35.0413665771484 30.845760345459 45.9491310119629
"405" 34.8437690734863 29.7282428741455 43.8884124755859
"406" 34.9712142944336 30.5992527008057 44.1994857788086
"407" 35.0657958984375 30.7176876068115 45.0620422363281
"408" 35.3423042297363 30.7299137115479 45.5869750976562
"409" 35.8207168579102 30.6810989379883 46.0405578613281
"410" 35.4266319274902 29.9398574829102 43.6172752380371
"411" 35.3817138671875 30.939245223999 44.0316696166992
"412" 35.423656463623 31.2166309356689 44.8271751403809
"413" 35.8400840759277 31.3071365356445 45.3949813842773
"414" 35.8612403869629 29.3891143798828 43.6175994873047
"415" 35.7885894775391 30.5442924499512 43.7112007141113
"416" 35.8274688720703 31.3268032073975 44.3623161315918
"417" 36.1307792663574 31.5540962219238 45.2530975341797
"418" 36.2123222351074 30.4284992218018 43.6175575256348
"419" 36.195182800293 31.5326957702637 44.286792755127
"420" 36.7014465332031 31.7104549407959 45.4151153564453
"421" 36.5494804382324 30.5108871459961 43.5009651184082
"422" 36.6185989379883 31.8176212310791 44.3657035827637
"423" 37.2981452941895 32.4792366027832 45.3887901306152
"424" 36.9871063232422 31.3814239501953 43.5138931274414
"425" 37.3258590698242 32.2218589782715 44.3662223815918
"426" 37.7342987060547 32.6776466369629 45.1061820983887
"427" 37.4340896606445 31.2994956970215 42.8152732849121
"428" 37.7080154418945 32.1314353942871 43.509464263916
"429" 38.2810440063477 32.7866058349609 44.304443359375
"430" 39.0494995117188 32.8614501953125 45.3551292419434
"431" 38.241039276123 31.7477989196777 42.7327919006348
"432" 38.9887351989746 32.4972686767578 43.4291114807129
"433" 39.2091445922852 32.5726203918457 44.2378730773926
"434" 39.756893157959 32.627124786377 44.9186630249023
"435" 39.2996520996094 31.8185443878174 42.8076057434082
"436" 39.8468437194824 32.2820854187012 43.8204116821289
"437" 39.9911346435547 31.8848037719727 43.2262535095215
"438" 9.96236991882324 30.2934169769287 44.56005859375
"439" 9.98446464538574 30.6595859527588 45.1596527099609
"440" 9.74726009368896 31.0104160308838 45.8811492919922
"441" 9.52351188659668 30.1600875854492 44.6098937988281
"442" 9.4746618270874 30.4178791046143 45.2042579650879
"443" 9.36766052246094 30.9240779876709 45.8491134643555
"444" 9.23286724090576 31.0173473358154 46.2156372070312
"445" 9.13478374481201 30.0342311859131 44.1787719726562
"446" 8.99069309234619 30.2431831359863 45.0216407775879
"447" 8.91297340393066 30.5696067810059 45.576042175293
"448" 8.88065910339355 30.9162673950195 46.0197906494141
"449" 8.63721370697021 30.9302940368652 46.5565567016602
"450" 8.61596012115479 30.2639465332031 44.1785278320312
"451" 8.63996887207031 31.0615921020508 44.8551483154297
"452" 8.400710105896 30.8055210113525 45.7776260375977
"453" 8.20136165618896 30.9338798522949 46.3929672241211
"454" 8.18852424621582 30.2780704498291 43.9745674133301
"455" 8.27731418609619 31.0628356933594 44.4391593933105
"456" 8.42862224578857 31.3718147277832 44.9912948608398
"457" 8.05382347106934 31.6651344299316 45.575511932373
"458" 7.77771329879761 30.1369953155518 43.7112007141113
"459" 7.97851514816284 31.051815032959 44.2947120666504
"460" 7.99370002746582 31.8318004608154 44.834400177002
"461" 7.70155906677246 31.4406127929688 46.1423683166504
"462" 7.57474327087402 30.7871284484863 43.8475608825684
"463" 7.61924695968628 31.4940643310547 44.4598731994629
"464" 7.71047592163086 31.9192485809326 45.6767997741699
"465" 7.40288019180298 31.9731407165527 46.4976997375488
"466" 7.4249439239502 31.2597522735596 43.9048309326172
"467" 7.41042995452881 31.6746978759766 44.4336357116699
"468" 7.33894205093384 32.3384857177734 45.1063499450684
"469" 7.01705646514893 32.5949630737305 46.0935592651367
"470" 7.08066654205322 31.7086696624756 43.760684967041
"471" 6.85041809082031 32.1640129089355 44.6699256896973
"472" 6.50681400299072 32.7757987976074 46.002872467041
"473" 6.02854537963867 31.8663997650146 43.3892669677734
"474" 6.30475187301636 32.5625495910645 44.3642730712891
"475" 6.03702926635742 32.9906997680664 45.6611175537109
"476" 5.28834199905396 32.2751045227051 43.6909866333008
"477" 5.46203374862671 32.7670059204102 44.8025054931641
"478" 5.46017503738403 33.1194839477539 46.1548118591309
"479" 4.60906028747559 32.4158821105957 44.2046661376953
"480" 4.82707691192627 32.8353118896484 44.9651985168457
"481" 4.9355034828186 33.0771522521973 46.102237701416
"482" 4.21810579299927 32.5411987304688 44.8767547607422
"483" 4.52389430999756 32.9124794006348 45.5896415710449
"484" 33.3164367675781 21.5783195495605 21.8519477844238
"485" 33.0632667541504 21.4331684112549 22.54856300354
"486" 33.2033615112305 21.6583385467529 22.2845973968506
"487" 32.8597373962402 21.471773147583 23.3857498168945
"488" 32.6555938720703 21.8081378936768 24.4060916900635
"489" 32.5612449645996 22.1577758789062 25.3893489837646
"490" 32.1449775695801 22.5271129608154 21.2538604736328
"491" 32.4305000305176 21.6464004516602 20.7810001373291
"492" 33.3370513916016 21.7474040985107 21.4442863464355
"493" 32.8630409240723 22.6511993408203 22.6511993408203
"494" 32.1708450317383 22.9629249572754 23.73681640625
"495" 31.6529693603516 23.4869594573975 25.0521583557129
"496" 32.3527526855469 23.0470752716064 20.3965320587158
"497" 31.6704998016357 21.6541996002197 20.1240005493164
"498" 32.4697494506836 21.7305355072021 20.4048004150391
"499" 32.2840919494629 22.5674915313721 21.2111434936523
"500" 32.1405487060547 23.1638984680176 22.1669025421143
"501" 30.9803028106689 23.9271450042725 23.2942714691162
"502" 31.6264991760254 23.7665996551514 19.3770999908447
"503" 31.4279613494873 22.781005859375 18.966438293457
"504" 32.9043006896973 22.3080005645752 19.0007991790771
"505" 32.2393989562988 23.0158004760742 20.2175998687744
"506" 31.0879001617432 23.743408203125 20.8046722412109
"507" 30.2928924560547 24.1098003387451 21.8820629119873
"508" 31.1025009155273 23.9811000823975 18.0804004669189
"509" 31.2999992370605 22.9920024871826 18.1618881225586
"510" 32.474983215332 22.6103496551514 18.251293182373
"511" 31.1898612976074 23.7279281616211 19.3528442382812
"512" 30.3936653137207 23.939079284668 20.1081924438477
"513" 29.8730430603027 24.135835647583 21.1489639282227
"514" 30.7700138092041 24.1969699859619 16.8851890563965
"515" 30.7093925476074 22.8656997680664 16.8427906036377
"516" 32.1370086669922 23.1222534179688 16.9536514282227
"517" 30.6135387420654 23.8957939147949 18.0474987030029
"518" 29.660041809082 24.1098003387451 19.3372364044189
"519" 30.2842998504639 24.4529991149902 15.4440002441406
"520" 30.2516765594482 23.0295314788818 15.7445287704468
"521" 31.7141990661621 23.5275001525879 15.7755002975464
"522" 30.0206775665283 24.0241622924805 16.8868770599365
"523" 29.0373802185059 24.1595935821533 17.7650108337402
"524" 29.8155002593994 24.5387992858887 14.414400100708
"525" 30.1142501831055 23.244930267334 14.4759120941162
"526" 30.2017993927002 23.236499786377 14.6935997009277
"527" 29.7142333984375 24.2385005950928 15.4654912948608
"528" 28.2589111328125 24.352144241333 16.1942462921143
"529" 29.1693687438965 24.5816993713379 13.0006313323975
"530" 29.2557601928711 23.1590881347656 13.1427211761475
"531" 29.7248992919922 23.1660003662109 13.4784002304077
"532" 29.4324111938477 24.2746429443359 14.0650682449341
"533" 28.5122947692871 24.2875938415527 15.1911764144897
"534" 28.7048721313477 24.9228839874268 11.4213418960571
"535" 28.5643711090088 23.4131107330322 11.7884321212769
"536" 28.6556415557861 23.4658641815186 12.044563293457
"537" 28.3230113983154 24.324068069458 13.0885753631592
"538" 28.0629138946533 24.8055248260498 10.1214542388916
"539" 28.6345138549805 23.2066459655762 10.4558887481689
"540" 28.7817993164062 24.175199508667 11.0440998077393
"541" 27.2456912994385 24.5320835113525 11.7523775100708
"542" 27.5681972503662 24.9941654205322 8.89590835571289
"543" 27.0270004272461 24.3243007659912 8.98560047149658
"544" 27.321496963501 24.5214462280273 9.56838703155518
"545" 26.7269134521484 24.4099140167236 9.98307991027832
"546" 26.879467010498 24.9643173217773 7.58407211303711
"547" 26.6977214813232 24.4958992004395 8.15122032165527
"548" 26.4976482391357 24.3676700592041 8.31948757171631
"549" 26.3136253356934 24.9847202301025 6.16884231567383
"550" 25.9379463195801 24.422908782959 6.63632202148438
"551" 25.9876194000244 24.4529991149902 6.54135179519653
"552" 25.7691345214844 25.2454509735107 4.95099830627441
"553" 25.4350566864014 24.6485271453857 5.36643314361572
"554" 25.190258026123 24.4706039428711 5.36256456375122
"555" 25.1634140014648 25.1721229553223 4.0068621635437
"556" 24.7745227813721 24.7457714080811 4.22346448898315
"557" 23.2692584991455 23.6378993988037 3.88971519470215
"558" 24.1904773712158 25.4654293060303 2.71440005302429
"559" 24.0555896759033 25.0564937591553 3.00080037117004
"560" 23.3667106628418 24.6722717285156 3.16067671775818
"561" 22.4591236114502 24.4838848114014 2.98592734336853
"562" 23.2806491851807 25.6246395111084 2.18663787841797
"563" 22.7789649963379 25.0540523529053 2.53713154792786
"564" 22.2978229522705 24.7994422912598 2.59310984611511
"565" 21.4328289031982 24.4382286071777 2.77305960655212
"566" 22.0555286407471 25.3493919372559 2.1526517868042
"567" 21.2924098968506 24.9221973419189 2.3399441242218
"568" 11.796293258667 22.0284271240234 22.9615669250488
"569" 11.7228002548218 22.0727005004883 22.6506996154785
"570" 11.4590034484863 22.0352725982666 22.8388690948486
"571" 11.1664094924927 22.4961071014404 23.9839191436768
"572" 11.6203746795654 22.9552440643311 25.0747947692871
"573" 11.9603815078735 22.6863269805908 21.9969005584717
"574" 12.2226877212524 21.9402465820312 21.5838890075684
"575" 11.9294281005859 22.233943939209 21.5020713806152
"576" 11.7960996627808 22.5231990814209 21.7166996002197
"577" 12.1082220077515 23.4350395202637 23.3858795166016
"578" 12.8523178100586 23.9895515441895 24.386079788208
"579" 11.9430999755859 23.5053005218506 21.074800491333
"580" 12.2264995574951 22.4253044128418 20.8728008270264
"581" 12.1353998184204 22.4013004302979 20.8738994598389
"582" 11.8758964538574 22.6571369171143 21.5612869262695
"583" 12.5397186279297 23.7366790771484 22.4867515563965
"584" 13.4443073272705 24.152681350708 23.467399597168
"585" 12.0879402160645 23.7087574005127 20.0271167755127
"586" 12.6154003143311 22.8390007019043 19.0072002410889
"587" 11.7117004394531 23.0186996459961 20.1352005004883
"588" 12.1490468978882 23.6158027648926 20.6418418884277
"589" 13.2813730239868 23.9332847595215 21.3189010620117
"590" 14.1615419387817 24.2385005950928 22.0495471954346
"591" 12.2794713973999 24.210693359375 18.4602241516113
"592" 12.6279678344727 22.9071407318115 18.8368282318115
"593" 12.140700340271 23.0301990509033 18.7199993133545
"594" 12.2685651779175 23.8764190673828 19.5616607666016
"595" 13.5646390914917 24.0239162445068 20.1500549316406
"596" 14.3074712753296 24.1676177978516 20.6016654968262
"597" 12.83411693573 24.058479309082 17.5958347320557
"598" 13.1367998123169 22.6968002319336 17.2255001068115
"599" 12.2474002838135 22.8546009063721 17.316499710083
"600" 13.251482963562 23.9659271240234 18.0736808776855
"601" 14.5390529632568 24.1517772674561 18.6298027038574
"602" 13.1322927474976 24.2850513458252 16.3080539703369
"603" 13.2210760116577 22.9105243682861 16.2312660217285
"604" 12.4870004653931 22.8964004516602 16.9402008056641
"605" 13.5664329528809 24.018762588501 16.7822189331055
"606" 14.6378564834595 24.1525650024414 17.3063373565674
"607" 13.7108373641968 24.3231620788574 15.0211668014526
"608" 13.6297197341919 22.9955043792725 15.1234521865845
"609" 13.5723886489868 24.3761863708496 15.1669731140137
"610" 14.0965394973755 24.2372226715088 15.4420461654663
"611" 15.0708446502686 24.3785076141357 15.838623046875
"612" 14.3024454116821 24.4080982208252 13.3212356567383
"613" 13.963264465332 23.4121646881104 13.3398590087891
"614" 13.9992799758911 24.4240283966064 13.7137250900269
"615" 15.3505840301514 24.4533805847168 13.9440050125122
"616" 14.4731225967407 24.3116588592529 11.8261699676514
"617" 14.6427001953125 23.7381000518799 11.8872003555298
"618" 14.7253351211548 24.2728805541992 11.751410484314
"619" 15.9523963928223 24.5112552642822 11.8594512939453
"620" 15.1086435317993 24.6952686309814 10.3947467803955
"621" 15.4776039123535 24.4780864715576 9.97115707397461
"622" 15.4860229492188 24.5816993713379 9.56618881225586
"623" 16.2685127258301 24.3910274505615 9.18273735046387
"624" 15.6399278640747 25.0449676513672 8.16358470916748
"625" 16.3362998962402 24.4998149871826 7.60907983779907
"626" 16.6803874969482 24.4101009368896 6.94959926605225
"627" 16.5996875762939 25.2601718902588 6.32348012924194
"628" 16.8422908782959 24.6866893768311 6.04000425338745
"629" 18.0852088928223 24.2436599731445 5.21485996246338
"630" 18.9877243041992 24.263614654541 4.17135715484619
"631" 17.5827541351318 25.2342376708984 4.67999982833862
"632" 17.7681922912598 25.0882415771484 3.94767141342163
"633" 18.7605991363525 24.7569770812988 3.68843460083008
"634" 20.1282730102539 24.4036655426025 3.06873822212219
"635" 17.8470973968506 25.6207695007324 3.18239998817444
"636" 18.9318809509277 25.2380962371826 2.9670717716217
"637" 19.7569961547852 24.962890625 2.82154083251953
"638" 20.5793495178223 24.7046089172363 2.59675717353821
