"V1" "V2" "V3"
"1" 39.0468826293945 20.5733795166016 62.6520919799805
"2" 38.9325 20.0338 63.9196
"3" 38.9066 19.451 65.1719
"4" 38.8649 18.7449 66.3563
"5" 38.8446 18.3334 67.6753
"6" 38.7774 17.9275 68.9919
"7" 38.729 17.5103 70.3074
"8" 38.7289 17.0896 71.6237
"9" 38.6768 16.6984 72.9483
"10" 38.6996 16.3573 74.2859
"11" 38.6411 16.1499 75.6486
"12" 38.6135 16.5824 76.8465
"13" 38.5766792297363 17.6736030578613 77.6943511962891
"14" 30.7409973144531 13.9070014953613 88.3427886962891
"15" 32.7493095397949 14.5325164794922 81.5840301513672
"16" 34.100528717041 29.336784362793 60.6361541748047
"17" 5.78475952148438 17.3174018859863 78.2336883544922
"18" 6.7679 17.4711 74.6671
"19" 7.5576 17.753 71.0759
"20" 7.7796 18.7416 67.5327
"21" 8.2208 20.847 64.5731
"22" 8.4519 24.0417 62.8236
"23" 8.2992 27.5905 62.2005
"24" 8.4756 31.2247 62.8105
"25" 8.2982 34.3447 64.6566
"26" 9.0742 35.993 67.8442
"27" 9.988 37.2567 71.2011
"28" 10.1562 37.9305 74.8246
"29" 10.0597 37.7892 78.5024
"30" 9.1089 35.7112 81.2288
"31" 7.09 33.2156 83.0078
"32" 5.6999 30.0859 83.5177
"33" 5.59504699707031 26.7151641845703 82.3116302490234
"34" 5.59504699707031 26.7151641845703 82.3116302490234
"35" 5.78475952148438 17.3174018859863 78.2336883544922
"36" 13.5000801086426 21.5258712768555 38.0968780517578
"37" 13.9732 22.9166 37.1298
"38" 13.9538 25.255 37.2934
"39" 13.3416 27.471 38.189
"40" 12.9486 29.2345 39.8505
"41" 11.9629 29.9701 41.8992
"42" 10.7939 30.2313 44.0666
"43" 9.6097 30.5096 46.2242
"44" 8.5434 30.6396 48.4388
"45" 7.8266 29.9975 50.6408
"46" 7.3955 28.753 52.738
"47" 7.1989 27.2664 54.6486
"48" 7.0857 25.1737 55.9602
"49" 6.8599 23.2187 57.4654
"50" 6.8086 21.0726 58.6963
"51" 6.8443 19.2283 60.2421
"52" 6.94858741760254 17.8747215270996 62.3162002563477
"53" 34.0513343811035 31.0996608734131 94.3419418334961
"54" 41.0911827087402 40.6988639831543 7.65122604370117
"55" 38.9434 40.4935 7.7425
"56" 37.0369 39.8079 7.0367
"57" 35.1878 38.4913 6.23
"58" 33.9578 36.5869 6.2412
"59" 33.3735 34.2865 6.7067
"60" 33.3067 32.1545 5.6594
"61" 34.4826 30.2565 4.6327
"62" 35.5912 28.2479 3.7798
"63" 37.0076 26.3039 3.2406
"64" 39.1986 25.6596 2.6102
"65" 41.591926574707 25.1493835449219 2.69617080688477
"66" 24.7068061828613 17.3537616729736 77.7374725341797
"67" 27.08203125 39.855396270752 28.4816150665283
"68" 27.0807666778564 39.8815460205078 28.5806751251221
"69" 28.6319961547852 44.1870040893555 44.7846450805664
"70" 38.3810272216797 32.8216094970703 95.3376693725586
"71" 36.4483 32.5999 95.3232
"72" 34.8278 31.5874 95.1106
"73" 33.8105 30.4693 93.8821
"74" 32.971 29.5573 92.3607
"75" 31.9604 28.4385 91.1256
"76" 31.5182 26.7565 90.3351
"77" 32.1135 24.927 90.1817
"78" 33.5239 23.605 90.3203
"79" 34.997 22.3331 90.2699
"80" 36.5192 21.1722 90.3342
"81" 38.266487121582 20.6976127624512 89.7289962768555
"82" 10.346565246582 37.2718963623047 50.0700988769531
"83" 13.5000801086426 21.5258712768555 38.0968780517578
"84" 14.4573 19.4069 36.4601
"85" 15.4145 17.288 34.8234
"86" 16.7894 15.4666 33.1396
"87" 18.3293 14.2062 31.1266
"88" 20.0431 13.3137 29.0406
"89" 21.7933 12.9849 26.8254
"90" 23.5505 12.7805 24.6048
"91" 25.3616 13.0944 22.4612
"92" 27.3271 13.3087 20.43
"93" 29.081 13.5541 18.206
"94" 31.197 13.3867 16.3226
"95" 33.1327 13.9738 14.3448
"96" 35.5095 13.2871 13.1684
"97" 37.9147 13.438 12.0111
"98" 40.0890617370605 14.9658546447754 11.0825023651123
"99" 16.0025253295898 9.21786022186279 74.3901443481445
"100" 15.2799 10.1897 72.854
"101" 13.9049 10.9937 72.0876
"102" 12.1335 11.8077 72.1009
"103" 10.3757 12.3421 72.2885
"104" 8.5717 11.7831 71.8058
"105" 6.8354 11.0215 71.3317
"106" 5.8765 9.7914 72.1588
"107" 6.7636 8.9288 73.6443
"108" 8.2511 9.2845 74.7875
"109" 9.853 10.0146 75.5766
"110" 11.5247 9.8259 76.399
"111" 13.2402 9.2369 76.7699
"112" 14.7977 9.0378 75.9206
"113" 13.5000801086426 21.5258712768555 38.0968780517578
"114" 28.0660896301269 32.5794486999512 16.3929691314697
"115" 18.3105144500732 25.1925582885742 30.4510631561279
"116" 33.3510513305664 18.925313949585 44.1913528442383
"117" 16.764892578125 25.2378749847412 101.257385253906
"118" 24.1543521881104 38.6584625244141 29.1655254364014
"119" 23.0111 38.8255 31.7625
"120" 21.6098 38.6852 34.2336
"121" 19.9388 38.0574 36.3787
"122" 18.0133 36.4716 37.6927
"123" 16.7599 34.0535 37.4128
"124" 15.8822 31.5283 36.6123
"125" 15.8437 29.1425 35.08
"126" 16.4469 27.0839 33.2525
"127" 17.5927 25.5528 31.1658
"128" 19.2032 24.307 29.1743
"129" 20.8374 23.3049 27.0719
"130" 22.3832 22.98 24.7207
"131" 24.0264 23.4545 22.4545
"132" 25.4396 24.624 20.2931
"133" 26.5518 26.5199 18.5291
"134" 27.376 28.8458 17.1161
"135" 27.9429 31.4992 16.4477
"136" 28.0948 34.1387 17.1211
"137" 27.801 36.2025 18.9967
"138" 27.1388 37.3138 21.5033
"139" 26.6813 38.2759 24.1276
"140" 25.6495 38.5734 26.7429
"141" 38.0699806213379 47.5560646057129 100.142105102539
"142" 32.5214614868164 37.672004699707 80.71533203125
"143" 34.3232269287109 26.4539623260498 35.3808059692383
"144" 36.5395736694336 22.9849967956543 54.4419364929199
"145" 34.791862487793 28.1288032531738 43.7567749023438
"146" 25.7200679779053 38.5996856689453 27.2856960296631
"147" 16.3778762817383 33.1500625610352 37.2651748657227
"148" 19.85080909729 29.76806640625 66.7876663208008
"149" 26.8315086364746 33.0295906066895 80.8764801025391
"150" 25.5161 33.3407 79.068
"151" 24.036 33.4112 77.3775
"152" 23.0549 33.8551 75.3971
"153" 22.1395 34.3774 73.4018
"154" 21.0971 34.1675 71.4622
"155" 20.103 33.7831 69.4714
"156" 19.3741 33.3829 67.3706
"157" 19.2629 31.755 65.9091
"158" 19.85080909729 29.76806640625 66.7876663208008
"159" 6.94858741760254 17.8747215270996 62.3162002563477
"160" 26.8315086364746 33.0295906066895 80.8764801025391
"161" 9.33387851715088 41.0122985839844 75.0091018676758
"162" 32.3419723510742 30.6140918731689 92.923095703125
"163" 29.4309864044189 34.7330932617188 79.4283218383789
"164" 12.4489860534668 29.412727355957 105.121719360352
"165" 38.0699806213379 47.5560646057129 100.142105102539
"166" 36.6729 47.6125 95.4133
"167" 36.0671 47.8543 90.4341
"168" 36.2964 48.3527 85.4498
"169" 36.5542 49.1481 80.5327
"170" 35.8507 49.5255 75.5796
"171" 34.3898 49.1437 70.8314
"172" 33.083 48.7711 66.0032
"173" 30.7103 48.655 61.5795
"174" 28.2174 47.9258 57.3133
"175" 24.6966 46.5831 54.1308
"176" 20.2063 44.9315 52.8235
"177" 15.6234 42.9973 53.3738
"178" 11.6207 41.551 55.7455
"179" 9.2763 41.0082 60.0796
"180" 8.6809 40.7452 65.0489
"181" 8.5937 40.6336 70.0638
"182" 9.33387851715088 41.0122985839844 75.0091018676758
"183" 26.0712909698486 18.9661712646484 49.181755065918
"184" 28.3118 18.522 48.4297
"185" 30.3766 18.594 47.1309
"186" 31.9777 18.5425 45.3547
"187" 33.2311 18.3129 43.261
"188" 34.3427 18.3893 41.0796
"189" 35.7203 18.6054 39.0695
"190" 37.4224 18.5161 37.3259
"191" 38.9986 18.2346 35.5653
"192" 39.8149719238281 17.7567710876465 33.3042755126953
"193" 26.0712909698486 18.9661712646484 49.181755065918
"194" 41.0911827087402 40.6988639831543 7.65122604370117
"195" 39.8149719238281 17.7567710876465 33.3042755126953
"196" 38.5766792297363 17.6736030578613 77.6943511962891
"197" 39.7853775024414 25.9765338897705 50.9992218017578
"198" 39.0468826293945 20.5733795166016 62.6520919799805
"199" 34.100528717041 29.336784362793 60.6361541748047
"200" 35.502 28.0727 62.4899
"201" 37.1681 26.2102 63.3057
"202" 39.5126 25.265 63.7717
"203" 41.7606 26.1572 62.9018
"204" 43.5559 27.7544 62.0077
"205" 45.2379837036133 29.2422103881836 60.6021728515625
"206" 38.3810272216797 32.8216094970703 95.3376693725586
"207" 41.5377311706543 41.2619438171387 18.5881175994873
"208" 41.0911827087402 40.6988639831543 7.65122604370117
"209" 42.2346 41.9416 12.0118
"210" 42.0889 41.3336 16.9609
"211" 41.5079 41.1365 21.9163
"212" 41.2204 41.4508 26.8652
"213" 41.0787 42.558 31.7185
"214" 41.3521 43.9968 36.4832
"215" 41.155 45.1975 41.3185
"216" 41.0739 46.272 46.1688
"217" 40.6466 47.2542 51.0368
"218" 40.4124 48.1764 55.9292
"219" 40.1461 48.9492 60.8399
"220" 39.7869 49.5082 65.7822
"221" 39.6693 49.8126 70.7625
"222" 39.4657 49.877 75.7492
"223" 39.1232 49.5055 80.7128
"224" 38.9034 49.0008 85.6731
"225" 38.8 48.324 90.6182
"226" 38.9821319580078 47.8621215820312 95.5718765258789
"227" 38.2843551635742 16.0289268493652 92.9022827148438
"228" 41.3225326538086 45.3032684326172 41.9404678344727
"229" 38.9821319580078 47.8621215820312 95.5718765258789
"230" 41.591926574707 25.1493835449219 2.69617080688477
"231" 40.0890617370605 14.9658546447754 11.0825023651123
"232" 37.75537109375 35.2106285095215 124.339042663574
"233" 38.266487121582 20.6976127624512 89.7289962768555
"234" 42.7266464233398 13.6963386535644 88.7992172241211
"235" 44.622932434082 13.8639411926269 82.4857940673828
"236" 45.2379837036133 29.2422103881836 60.6021728515625
"237" 70.5593032836914 14.470588684082 77.9419479370117
"238" 70.0833 14.8845 73.9682
"239" 69.7217 15.8243 70.0823
"240" 69.5917 18.0362 66.7833
"241" 70.2876 20.9908 64.2315
"242" 70.5001 24.9491 63.8225
"243" 70.8134 28.8081 64.8417
"244" 70.9749 31.9759 67.1215
"245" 70.0585 34.1039 70.401
"246" 69.4701 35.4841 74.1022
"247" 69.185 35.7914 78.0951
"248" 69.4108 34.669 81.855
"249" 70.5841 31.7042 84.1169
"250" 71.0874 27.9778 84.9088
"251" 71.815673828125 24.8250026702881 83.888801574707
"252" 71.815673828125 24.8250026702881 83.888801574707
"253" 70.5593032836914 14.470588684082 77.9419479370117
"254" 66.3839874267578 18.8128871917725 39.7824401855469
"255" 66 22.9107 38.0226
"256" 67.3962 26.9009 41.6425
"257" 69.5825 27.5343 46.7091
"258" 71.2663 27.2972 52.0389
"259" 71.4367 24.3062 56.6396
"260" 71.2143 19.7156 59.9133
"261" 70.4271469116211 15.4399518966675 63.505729675293
"262" 43.5315856933594 30.8975276947021 93.7999725341797
"263" 41.0911827087402 40.6988639831543 7.65122604370117
"264" 43.2714 40.8225 6.7425
"265" 45.3935 40.3443 6.3182
"266" 47.0626 38.7307 6.023
"267" 48.3129 36.7677 6.1535
"268" 48.6131 34.5138 6.8048
"269" 48.6477 32.4602 5.8525
"270" 47.8163 30.3904 5.0656
"271" 46.9571 28.3863 4.1524
"272" 45.806 26.4882 3.3361
"273" 43.8936 25.5754 2.6842
"274" 41.591926574707 25.1493835449219 2.69617080688477
"275" 51.2614479064941 15.6402969360352 79.7537078857422
"276" 55.0500106811523 38.3159370422363 28.9762058258057
"277" 54.8178977966309 39.0036201477051 29.0193614959717
"278" 51.8834533691406 42.5837097167969 43.816837310791
"279" 38.3810272216797 32.8216094970703 95.3376693725586
"280" 40.2673 32.4316 95.3855
"281" 41.9936 31.7603 94.8354
"282" 43.2211 30.7733 93.8295
"283" 43.9302 29.5656 92.5057
"284" 44.8747 28.3368 91.3576
"285" 45.0331 26.8202 90.2258
"286" 44.2501 25.1175 89.9096
"287" 43.105 23.5727 90.1119
"288" 41.6111 22.3315 90.0889
"289" 40.1349 21.2093 89.9179
"290" 38.266487121582 20.6976127624512 89.7289962768555
"291" 69.9326400756836 34.2832221984863 51.8074226379395
"292" 66.3839874267578 18.8128871917725 39.7824401855469
"293" 65.021 16.3918 37.9322
"294" 63.598 14.2225 35.8933
"295" 61.9221 12.6553 33.4748
"296" 60.1489 11.6346 30.911
"297" 58.1527 11.1891 28.2801
"298" 56.1515 11.0332 25.6205
"299" 54.1889 11.4255 22.952
"300" 52.2608 11.9267 20.2769
"301" 50.1073 12.6547 17.8576
"302" 47.9736 12.7659 15.3034
"303" 45.5551 13.0763 13.0332
"304" 42.7077 13.19 12.0542
"305" 40.0890617370605 14.9658546447754 11.0825023651123
"306" 60.6504325866699 7.97085285186768 74.3356018066406
"307" 62.4896 8.7513 73.7993
"308" 64.4175 9.6039 74.109
"309" 66.4512 10.0205 74.2655
"310" 68.197 9.0843 73.6457
"311" 69.8092 8.2368 73.1768
"312" 70.0385 7.0252 74.5228
"313" 68.8291 6.5322 76.137
"314" 67.2832 7.4673 77.0398
"315" 65.5026 7.8709 77.5187
"316" 63.6175 7.0833 77.986
"317" 61.5553 6.9654 77.8603
"318" 60.3461 7.2847 76.3024
"319" 66.3839874267578 18.8128871917725 39.7824401855469
"320" 53.9327545166016 31.1498756408691 16.8287048339844
"321" 62.716121673584 23.0858726501465 31.8108634948731
"322" 46.3003120422363 18.1299629211426 44.9465713500977
"323" 59.9136276245117 24.8764801025391 103.57234954834
"324" 57.080322265625 37.6485061645508 28.3591842651367
"325" 58.455 37.6958 31.0632
"326" 59.6988 37.5381 33.8121
"327" 61.1495 36.9031 36.3963
"328" 62.7989 35.4095 38.3314
"329" 64.3349 33.0285 38.9235
"330" 65.0007 30.1769 38.1039
"331" 65.2012 27.4528 36.8844
"332" 64.5034 25.3836 34.8373
"333" 63.5085 23.2279 32.9993
"334" 61.8838 21.9692 30.7582
"335" 60.353 20.8521 28.3986
"336" 58.6379 20.5519 25.9355
"337" 56.9151 21.0998 23.5047
"338" 55.4626 22.3906 21.1821
"339" 54.5663 24.4821 19.2503
"340" 54.0512 27.1311 17.9174
"341" 53.9126 30.1315 17.5286
"342" 54.0131 33.088 17.8244
"343" 54.6622 34.872 20.1589
"344" 55.075 36.3233 22.7877
"345" 55.9756 37.0857 25.5826
"346" 40.3814697265625 47.3534507751465 99.3548965454102
"347" 45.1907730102539 37.5074920654297 81.4366912841797
"348" 46.0535430908203 26.1575164794922 34.9412841796875
"349" 41.6427268981934 22.508113861084 55.145881652832
"350" 44.9590187072754 27.8252334594727 44.0076293945312
"351" 56.9818420410156 37.5367851257324 27.6977958679199
"352" 65.2669830322266 29.5757789611816 37.8357315063477
"353" 55.2746620178223 26.7668800354004 69.0292663574219
"354" 51.4418869018555 31.8266372680664 81.5704040527344
"355" 52.7933 32.3244 79.316
"356" 54.3366 32.5749 77.0832
"357" 55.8922 32.9303 74.8838
"358" 57.6127 32.3655 72.8825
"359" 59.2421 31.6079 70.8264
"360" 60.5591 30.6178 68.7
"361" 59.7093 28.6426 67.8255
"362" 57.8448 27.068 68.9749
"363" 55.2746620178223 26.7668800354004 69.0292663574219
"364" 70.4271469116211 15.4399518966675 63.505729675293
"365" 51.4418869018555 31.8266372680664 81.5704040527344
"366" 70.1484146118164 38.7079467773438 76.852653503418
"367" 44.4048843383789 30.4143905639648 92.8848266601562
"368" 48.2002105712891 34.4103469848633 80.6455841064453
"369" 63.6905136108398 27.2822494506836 106.44953918457
"370" 40.3814697265625 47.3534507751465 99.3548965454102
"371" 41.0563 47.4268 94.5027
"372" 41.8139 47.4943 89.6678
"373" 41.9804 47.967 84.7922
"374" 42.1623 48.8156 79.9768
"375" 43.1133 49.0945 75.1815
"376" 44.2406 49.0481 70.4198
"377" 46.4058 48.4472 66.1301
"378" 49.4842 47.6987 62.3908
"379" 51.9663 46.9376 58.2332
"380" 55.8934 45.3241 55.9371
"381" 60.1886 43.0418 55.4679
"382" 64.4646 40.6627 55.7238
"383" 68.255 38.6771 57.9108
"384" 70.1983 38.0143 62.269
"385" 70.6886 37.8613 67.1449
"386" 70.4836 37.9403 72.0389
"387" 70.1484146118164 38.7079467773438 76.852653503418
"388" 51.8795547485352 17.7075424194336 50.380012512207
"389" 50.08 17.918 48.8295
"390" 48.2327 18.067 47.3586
"391" 46.7937 18.2749 45.5244
"392" 45.7101 17.7715 43.4488
"393" 44.9909 18.1075 41.2242
"394" 43.5509 18.23 39.3382
"395" 42.1261 18.3556 37.4234
"396" 40.7696 18.0361 35.4829
"397" 39.8149719238281 17.7567710876465 33.3042755126953
"398" 51.8795547485352 17.7075424194336 50.380012512207
"399" 15.2313547134399 9.24051380157471 73.3014221191406
"400" 15.1076622009277 8.64779472351074 74.6976089477539
"401" 14.4126358032227 9.83193683624268 72.6086959838867
"402" 14.208158493042 9.42311382293701 73.8660659790039
"403" 14.1843595504761 8.8477725982666 74.8321228027344
"404" 13.9452257156372 8.39404392242432 75.7032623291016
"405" 13.5715570449829 10.4546766281128 72.2256088256836
"406" 13.4577884674072 10.1446399688721 73.4248504638672
"407" 13.3748378753662 9.56092262268066 74.5325546264648
"408" 13.2074174880981 9.10956287384033 75.1963577270508
"409" 12.9779300689697 8.77159404754639 75.9095916748047
"410" 12.6492929458618 10.9022150039673 72.4023361206055
"411" 12.5139207839966 10.5361518859863 73.5984420776367
"412" 12.372727394104 10.0423097610474 74.4924621582031
"413" 12.2053728103638 9.57590198516846 75.4049072265625
"414" 11.873085975647 11.4899749755859 72.1162338256836
"415" 11.7784996032715 11.1181344985962 73.1772766113281
"416" 11.5647287368774 10.6802444458008 74.0907363891602
"417" 11.3096857070923 10.1894540786743 75.2150802612305
"418" 10.9962482452393 11.4961996078491 73.0578918457031
"419" 10.8462171554565 10.9836397171021 74.0255966186523
"420" 10.7082796096802 10.4753313064575 74.9245986938477
"421" 10.3602046966553 11.6446571350098 72.845458984375
"422" 10.2819004058838 10.9259014129639 74.1000442504883
"423" 9.82856178283691 10.5101470947266 74.9309921264648
"424" 9.71673965454102 11.3670997619629 73.2047882080078
"425" 9.39967441558838 10.697901725769 74.0372467041016
"426" 8.96728420257568 10.0167293548584 74.5259780883789
"427" 9.34250450134277 11.4944038391113 72.5841751098633
"428" 8.9197473526001 10.7229537963867 73.3555145263672
"429" 8.48224925994873 9.85482025146484 73.7942657470703
"430" 8.01408004760742 9.12709140777588 74.2948303222656
"431" 8.61185169219971 10.8695755004883 72.4529418945312
"432" 8.14153385162354 10.073525428772 72.9383087158203
"433" 7.75585079193115 9.33900928497314 73.3742828369141
"434" 6.99935960769653 8.82034397125244 73.557746887207
"435" 7.79340982437134 10.2744913101196 72.1015548706055
"436" 6.90399360656738 9.48160743713379 72.578971862793
"437" 6.83812427520752 10.0902967453003 71.8414154052734
"438" 60.7090911865234 6.19793891906738 74.2451934814453
"439" 60.9861907958984 7.48726892471313 75.3101425170898
"440" 61.0750694274902 7.16381788253784 76.2303009033203
"441" 61.7516937255859 7.75027799606323 74.8112716674805
"442" 61.7571792602539 7.51981830596924 75.4901885986328
"443" 61.7051849365234 7.11227798461914 76.3539123535156
"444" 61.6929168701172 6.92554044723511 76.7983856201172
"445" 62.4806785583496 8.13567447662354 74.4367065429688
"446" 62.5205154418945 7.87944984436035 75.3578109741211
"447" 62.4225196838379 7.57779407501221 76.1851577758789
"448" 62.3308906555176 7.13839435577393 76.7034149169922
"449" 62.3338584899902 6.59469985961914 77.26904296875
"450" 63.1883010864258 8.37735843658447 74.8700180053711
"451" 64.2904968261719 7.10442018508911 74.8781967163086
"452" 62.8916435241699 7.30623006820679 76.7793579101562
"453" 63.1073455810547 7.04394626617432 77.1878051757812
"454" 63.9663314819336 8.76122188568115 74.8999557495117
"455" 64.484001159668 7.29711246490479 75.0007247924805
"456" 64.484001159668 7.2335901260376 75.0717010498047
"457" 63.8885269165039 7.58249282836914 76.9847640991211
"458" 64.7617721557617 9.18078708648682 74.75732421875
"459" 64.6104431152344 8.67611598968506 75.6387329101562
"460" 64.5190887451172 8.25130081176758 76.3285522460938
"461" 64.3487548828125 7.81972599029541 76.9496154785156
"462" 65.3455810546875 9.19861507415771 75.0767059326172
"463" 65.177131652832 8.64821147918701 75.8953857421875
"464" 65.1028671264648 8.28897857666016 76.5397109985352
"465" 65.0271530151367 7.89514255523682 77.1664505004883
"466" 65.6709899902344 9.30032825469971 75.0182723999023
"467" 65.6241607666016 8.83868789672852 75.7906265258789
"468" 65.6391372680664 8.42309951782227 76.4809036254883
"469" 65.9156646728516 8.13670444488525 76.8896331787109
"470" 66.1169815063477 9.15997505187988 75.2604141235352
"471" 66.2251205444336 8.65735816955566 76.0114593505859
"472" 66.1737823486328 7.75803089141846 75.4364166259766
"473" 66.7239761352539 9.16828155517578 74.8933258056641
"474" 66.1783599853516 7.82454347610474 75.194953918457
"475" 66.2249984741211 7.60124015808105 75.3295974731445
"476" 67.1802749633789 8.94661521911621 74.5302658081055
"477" 66.4185028076172 7.75027990341187 75.3295974731445
"478" 67.6905288696289 7.24759340286255 76.2216491699219
"479" 67.6823348999023 8.65804576873779 74.0640716552734
"480" 68.0233383178711 7.72260093688965 74.7984085083008
"481" 68.3531799316406 6.83463048934937 75.6877899169922
"482" 68.5804290771484 8.03287696838379 73.5752410888672
"483" 68.8722152709961 7.05306816101074 74.6123504638672
"484" 15.0481767654419 21.5522041320801 37.3001556396484
"485" 16.6758003234863 22.2542991638184 37.0750999450684
"486" 17.9632530212402 20.2331295013428 40.6758995056152
"487" 22.0534992218018 21.3885345458984 42.7980346679688
"488" 22.0803833007812 21.1844291687012 44.090461730957
"489" 23.2593765258789 20.9256992340088 47.3592109680176
"490" 16.2272090911865 19.3381862640381 35.164852142334
"491" 20.3768997192383 21.4423999786377 35.2140007019043
"492" 22.1029796600342 20.3463077545166 38.1843566894531
"493" 22.523853302002 20.031867980957 40.9875297546387
"494" 25.423900604248 19.8405990600586 44.4067001342773
"495" 24.0079002380371 17.5027008056641 47.4679985046387
"496" 17.3820133209229 16.9639797210693 33.0484848022461
"497" 18.6415882110596 19.2021598815918 32.5525245666504
"498" 22.8724994659424 19.5916996002197 34.597599029541
"499" 23.0678730010986 18.8287792205811 38.2909965515137
"500" 23.1623401641846 19.0328159332275 40.7377624511719
"501" 25.8838005065918 19.8019008636475 44.3207015991211
"502" 18.5713996887207 15.5436000823975 31.3444004058838
"503" 22.5048999786377 16.6630992889404 30.7395000457764
"504" 23.866512298584 18.9871101379395 32.797191619873
"505" 24.3104991912842 17.8057994842529 36.2458992004395
"506" 27.4015998840332 19.214599609375 42.1898002624512
"507" 27.3353996276855 19.2348003387451 42.3763999938965
"508" 22.0534992218018 15.1775999069214 30.5058994293213
"509" 22.7402992248535 16.5984992980957 30.5058994293213
"510" 24.8087005615234 18.4647998809814 32.6341018676758
"511" 25.1437244415283 17.7365550994873 35.1262969970703
"512" 30.2679386138916 18.5409183502197 39.0878753662109
"513" 27.4015998840332 19.214599609375 42.1898002624512
"514" 22.2644996643066 13.6921997070312 26.9118003845215
"515" 22.8521118164062 16.4690227508545 26.6524181365967
"516" 26.1112995147705 17.9092998504639 30.4587993621826
"517" 26.3186817169189 17.6406841278076 33.7762641906738
"518" 30.3355464935303 18.5514221191406 39.1571502685547
"519" 23.4722003936768 13.7904872894287 25.2819004058838
"520" 24.117000579834 16.2756004333496 25.1529006958008
"521" 28.5099582672119 17.3975048065186 30.3895874023438
"522" 27.4701995849609 17.4381008148193 32.3763008117676
"523" 30.9517669677734 17.83131980896 37.9627418518066
"524" 24.7455730438232 14.9965295791626 24.0000667572021
"525" 25.2777004241943 16.5539836883545 23.6798114776611
"526" 28.800199508667 18.0758991241455 26.9022998809814
"527" 28.7668399810791 17.2127571105957 30.8208293914795
"528" 31.9421806335449 17.8667488098145 36.4467697143555
"529" 25.8610916137695 15.5604543685913 22.8475894927979
"530" 28.6707992553711 19.1187000274658 24.5025997161865
"531" 29.4757919311523 18.4282245635986 26.1729507446289
"532" 29.6625995635986 17.782600402832 29.7964992523193
"533" 32.4089050292969 17.6830711364746 36.195987701416
"534" 26.8253002166748 15.7240400314331 21.8666954040527
"535" 29.9603004455566 19.2476997375488 23.2241992950439
"536" 31.4051303863525 17.7438125610352 27.0331745147705
"537" 34.0929832458496 17.870397567749 33.0684471130371
"538" 29.5337009429932 13.8212995529175 23.4759998321533
"539" 31.4268455505371 18.4661540985107 24.1823558807373
"540" 32.1235618591309 17.8753128051758 27.2916126251221
"541" 34.578498840332 17.7040996551514 33.3521003723145
"542" 28.3729000091553 15.500599861145 20.1222991943359
"543" 31.6046009063721 18.9706001281738 23.114200592041
"544" 33.4014167785645 18.0843658447266 25.9267997741699
"545" 35.595100402832 17.9547996520996 31.7313003540039
"546" 29.7915992736816 15.8450002670288 18.5743999481201
"547" 33.8763046264648 18.6492347717285 23.160493850708
"548" 36.877498626709 19.2411994934082 28.8230991363525
"549" 30.6944007873535 15.9310998916626 17.6714992523193
"550" 34.842155456543 18.4426002502441 22.1964340209961
"551" 34.8213005065918 18.4715003967285 24.5079002380371
"552" 31.1760997772217 15.2753000259399 17.1170997619629
"553" 35.7780990600586 18.5681991577148 20.904899597168
"554" 35.660400390625 18.4410991668701 23.7066993713379
"555" 35.4662017822266 15.1775999069214 16.0144996643066
"556" 36.9775428771973 18.0001907348633 19.8529148101807
"557" 39.2272109985352 18.8833198547363 23.6712684631348
"558" 35.4662017822266 15.0752592086792 15.9358816146851
"559" 37.3288841247559 17.9171371459961 18.538516998291
"560" 39.5847015380859 18.1928997039795 21.5837001800537
"561" 39.6739616394043 18.3202781677246 25.1142921447754
"562" 37.6585998535156 14.9839000701904 14.9626998901367
"563" 37.5297012329102 18.7297992706299 17.0265998840332
"564" 39.025562286377 19.1943397521973 17.6247005462646
"565" 40.5994148254395 19.6748142242432 19.9834060668945
"566" 37.8074989318848 15.1775999069214 14.9626998901367
"567" 41.831974029541 19.9750900268555 15.6043014526367
"568" 63.6459159851074 18.3722705841064 37.2136154174805
"569" 58.7213401794434 19.1818046569824 37.5414009094238
"570" 57.3951988220215 18.3700008392334 40.2131004333496
"571" 57.043098449707 18.5650005340576 44.2039985656738
"572" 54.8120002746582 19.0863990783691 46.4930000305176
"573" 63.3806114196777 16.6027336120605 36.1753234863281
"574" 61.904598236084 17.3089008331299 34.8270988464355
"575" 58.0729827880859 18.4560165405273 35.9135665893555
"576" 57.37451171875 17.899959564209 37.9081993103027
"577" 56.4878997802734 17.8257007598877 42.5665016174316
"578" 53.1992988586426 18.5786991119385 44.7612991333008
"579" 61.5439987182617 14.9130001068115 33.4668998718262
"580" 59.970100402832 16.1140995025635 31.6023006439209
"581" 56.0688018798828 17.1798000335693 34.3218994140625
"582" 55.4661026000977 16.5529842376709 37.3644218444824
"583" 51.9439010620117 18.3255004882812 43.3484001159668
"584" 49.2042007446289 15.2400999069214 44.6584014892578
"585" 59.970100402832 12.4254655838013 30.8889636993408
"586" 58.3082809448242 14.1944179534912 28.9091968536377
"587" 54.3129997253418 16.7765998840332 30.7812995910645
"588" 54.6278038024902 16.3970680236816 36.393871307373
"589" 50.2896003723145 17.8687000274658 40.8353996276855
"590" 50.2896003723145 17.8579006195068 41.2450981140137
"591" 57.9066009521484 12.4004001617432 28.1196002960205
"592" 53.6528015136719 16.7798004150391 30.1110000610352
"593" 52.0299987792969 16.2467002868652 32.0941009521484
"594" 53.1001014709473 16.1084003448486 33.9570999145508
"595" 49.3676986694336 17.4265003204346 38.6907997131348
"596" 50.1416015625 17.9726009368896 41.0877990722656
"597" 56.5387496948242 11.9894676208496 26.2384147644043
"598" 55.4856986999512 14.5187997817993 25.1037998199463
"599" 51.4581985473633 16.6630992889404 29.1515007019043
"600" 51.8391990661621 16.2541999816895 32.3230018615723
"601" 48.1830253601074 17.0506000518799 37.5181312561035
"602" 55.0693016052246 12.9170999526978 24.25
"603" 51.2337989807129 17.505500793457 25.8393001556396
"604" 50.6495018005371 16.713399887085 27.1226005554199
"605" 50.8082389831543 16.2516002655029 31.0871696472168
"606" 47.510799407959 16.7942447662354 36.8894157409668
"607" 53.2444076538086 13.9985494613647 22.0568466186523
"608" 51.2125015258789 18.0729999542236 24.5874996185303
"609" 49.592399597168 17.0691394805908 27.4836845397949
"610" 46.4472885131836 17.9926204681396 33.1234474182129
"611" 46.6673698425293 17.177734375 35.7064323425293
"612" 52.1873016357422 15.5516996383667 20.8768005371094
"613" 49.0839996337891 17.5177001953125 24.4736995697021
"614" 48.4464569091797 16.6974315643311 27.9095020294189
"615" 45.3957366943359 17.0453681945801 33.4343566894531
"616" 51.4366989135742 15.7767000198364 19.9524002075195
"617" 48.5431480407715 18.3385391235352 23.1926555633545
"618" 47.1105422973633 17.383731842041 26.3644161224365
"619" 44.3650016784668 17.6965007781982 31.8603000640869
"620" 50.4676094055176 15.082052230835 18.7202854156494
"621" 47.5891990661621 18.600700378418 22.0571002960205
"622" 45.8967552185059 17.4506607055664 23.7383460998535
"623" 43.1316986083984 18.9801006317139 28.1599006652832
"624" 49.5682983398438 15.6625947952271 17.716136932373
"625" 45.5206642150879 18.600700378418 20.6547031402588
"626" 44.2360000610352 17.6965007781982 22.9601001739502
"627" 48.4919013977051 15.2853002548218 16.5105991363525
"628" 43.978099822998 18.2131996154785 19.7353000640869
"629" 43.5208969116211 18.0906105041504 22.0102767944336
"630" 40.8814353942871 18.5430908203125 25.7561054229736
"631" 43.2042999267578 14.0150995254517 15.6478004455566
"632" 43.1082878112793 17.9510898590088 18.3952159881592
"633" 42.1601982116699 18.4853000640869 19.2761993408203
"634" 40.5856132507324 19.7129402160645 19.9837112426758
"635" 43.3828163146973 13.9703845977783 15.5307512283325
"636" 42.3014984130859 18.600700378418 17.1555995941162
"637" 41.9146003723145 19.2830142974854 16.65012550354
"638" 40.5574989318848 20.4013996124268 16.4162998199463
