"V1" "V2" "V3"
"1" 67.5656967163086 125.761787414551 60.7935638427734
"2" 66.9343 126.5966 60.0199
"3" 66.3164 127.4426 59.2508
"4" 66.0268 128.6155 58.8102
"5" 65.8016 129.7949 58.4132
"6" 66.0461 130.8285 58.5534
"7" 66.8092 131.2074 59.511
"8" 67.581 131.4175 60.5367
"9" 68.3369 131.7856 61.5216
"10" 69.038 131.8002 62.607
"11" 69.7988 131.7237 63.6517
"12" 70.5359 131.829 64.7192
"13" 71.2731018066406 131.934265136719 65.7868041992188
"14" 86.984619140625 156.655639648438 44.9692535400391
"15" 71.9127349853516 141.402587890625 51.8415985107422
"16" 89.187629699707 121.294410705566 77.6614379882812
"17" 111.335037231445 148.678527832031 13.1424560546875
"18" 113.8163 144.814 15.3079
"19" 116.8739 141.7133 17.8295
"20" 120.999 139.7466 19.8709
"21" 125.5952 139.3282 21.9314
"22" 129.9033 140.1734 24.4795
"23" 133.4701 142.9044 26.8823
"24" 136.9587 145.664 29.365
"25" 139.6066 149.3789 31.605
"26" 142.4006 153.4379 32.6893
"27" 144.2913 158.0106 33.0529
"28" 144.0639 162.9961 32.3589
"29" 141.9996 166.8442 29.898
"30" 138.37 169.1383 27.1574
"31" 133.7035 168.7514 25.1615
"32" 128.8259 168.4552 24.2216
"33" 123.772720336914 167.907836914062 24.5677337646484
"34" 123.772720336914 167.907836914062 24.5677337646484
"35" 111.335037231445 148.678527832031 13.1424560546875
"36" 94.3755264282227 73.0395660400391 22.8693237304688
"37" 98.2735 75.5626 20.4689
"38" 101.7807 79.095 18.9737
"39" 104.9277 82.6328 16.7778
"40" 108.6693 85.9403 15.4098
"41" 113.0288 88.7715 15.0568
"42" 115.6554 93.0931 13.8579
"43" 117.3984 97.8755 12.9296
"44" 118.2262 102.9471 11.9845
"45" 118.7142 107.9002 10.3877
"46" 118.6781 112.9884 9.2441
"47" 118.0698 118.0594 8.2414
"48" 116.7153 122.9975 7.2065
"49" 114.6721 127.7504 6.5327
"50" 112.3941 132.4085 5.9342
"51" 109.3395 136.4794 4.8624
"52" 106.631988525391 140.450546264648 2.81712341308594
"53" 95.2666702270508 163.879058837891 81.9576034545898
"54" 101.64266204834 34.7314605712891 100.135765075684
"55" 105.0948 33.6884 97.5373
"56" 107.4302 32.8621 93.8196
"57" 109.3763 33.0768 89.7881
"58" 110.257 33.1404 85.806
"59" 108.2089 31.2829 82.2665
"60" 106.5044 27.9822 79.7978
"61" 103.6355 24.9209 78.2034
"62" 100.4556 22.052 77.64
"63" 97.0752 20.838 79.8266
"64" 93.929 21.3671 82.9456
"65" 91.1854629516602 22.5477523803711 86.3023529052734
"66" 80.9193572998047 150.790939331055 44.1005554199219
"67" 136.085723876953 73.25927734375 92.6470718383789
"68" 136.196380615234 73.4110565185547 92.7048263549805
"69" 141.486312866211 90.2981262207031 95.3728332519531
"70" 93.3647079467773 169.132919311523 90.3385620117188
"71" 94.4384 167.6953 87.4719
"72" 94.5842 165.1022 85.2609
"73" 94.8762 163.6654 82.1869
"74" 94.8917 162.3743 79.1048
"75" 94.3205 162.0163 75.7651
"76" 93.4278 160.0367 73.2401
"77" 91.5895 158.0602 71.2614
"78" 88.2928 157.8938 71.2812
"79" 85.1293 158.9158 72.107
"80" 82.1909 158.3489 73.3393
"81" 79.4860483805339 156.737869262695 74.7030766805013
"82" 148.18017578125 118.132614135742 37.8253555297852
"83" 94.3755264282227 73.0395660400391 22.8693237304688
"84" 93.9112 68.1694 25.6682
"85" 93.5418 63.561 28.9281
"86" 92.7838 59.0181 32.2093
"87" 92.1854 54.3272 35.2641
"88" 91.4705 49.2372 37.6208
"89" 90.6534 44.1274 39.8997
"90" 89.8569 39.1586 42.4521
"91" 89.1456 34.2289 45.12
"92" 88.5473 29.4079 48.0102
"93" 88.833 24.9575 51.4693
"94" 88.3218 20.8541 55.2904
"95" 85.6395 17.0334 58.0533
"96" 81.4996 13.5701 59.4978
"97" 77.1466 10.9609 61.0427
"98" 73.671012878418 10.5532875061035 65.487548828125
"99" 80.5895462036133 144.570266723633 20.9434089660644
"100" 84.5382 141.3529 18.7929
"101" 88.9686 140.2286 15.7162
"102" 93.7375 140.2026 12.9352
"103" 96.7916 139.7621 8.3648
"104" 101.1993 139.594 5.163
"105" 104.3871 142.5492 2.9575
"106" 103.3916 147.7583 1.9619
"107" 99.2096 151.2057 1.8596
"108" 94.1225 151.6836 3.3469
"109" 90.3672 151.3349 7.2623
"110" 86.1544 152.0222 10.7794
"111" 82.2244 152.0909 14.5718
"112" 79.4753 149.3228 18.4434
"113" 94.3755264282227 73.0395660400391 22.8693237304688
"114" 119.803070068359 46.1863594055176 79.6852722167969
"115" 108.908599853516 64.8788528442383 41.0753479003906
"116" 94.7581024169922 67.5001983642578 47.9677047729492
"117" 108.657470703125 183.163345336914 41.262264251709
"118" 138.19841003418 70.3480911254883 83.3861618041992
"119" 142.445 73.1619 77.5661
"120" 146.0818 76.4829 71.5938
"121" 149.2284 81.7882 66.9459
"122" 149.5703 87.1402 61.7978
"123" 146.5932 89.7743 55.5828
"124" 142.2157 89.235 49.3216
"125" 136.9977 86.8584 44.1696
"126" 131.2663 83.9069 39.8398
"127" 125.213 79.9284 37.1187
"128" 119.1905 75.349 36.4511
"129" 113.4758 70.5881 38.6122
"130" 109.3053 64.9661 41.7908
"131" 106.4807 59.0323 45.8393
"132" 105.622 53.4664 51.1133
"133" 106.0261 48.4445 56.9966
"134" 107.8546 43.7948 62.7988
"135" 111.5006 42.6725 69.1468
"136" 116.2496 43.738 75.0699
"137" 120.726 47.1396 80.4341
"138" 125.8712 51.438 84.2123
"139" 130.3894 57.4386 85.6432
"140" 134.1295 64.1467 85.7036
"141" 122.65739440918 192.680114746094 112.273155212402
"142" 109.320648193359 132.092636108398 89.0828475952148
"143" 93.2692794799805 62.8362007141113 74.7138442993164
"144" 81.9812088012695 89.0665817260742 67.1641311645508
"145" 90.6350936889648 111.417915344238 71.4781646728516
"146" 135.2578125 68.3495178222656 85.404411315918
"147" 125.670043945312 80.2587509155273 37.3008613586426
"148" 108.784286499023 129.191848754883 53.4721565246582
"149" 116.01399230957 137.212951660156 66.2758407592773
"150" 117.9539 135.3526 64.4912
"151" 119.4013 133.2826 62.5509
"152" 120.4891 131.4007 60.178
"153" 121.2224 129.3809 57.7766
"154" 120.6038 127.3016 56.0441
"155" 117.6714 126.8581 54.8515
"156" 114.6984 126.807 53.7956
"157" 111.7443 127.9118 53.5394
"158" 108.784286499023 129.191848754883 53.4721565246582
"159" 106.631988525391 140.450546264648 2.81712341308594
"160" 116.01399230957 137.212951660156 66.2758407592773
"161" 150.358001708984 169.652557373047 81.0137786865234
"162" 102.897903442383 158.497283935547 74.8970184326172
"163" 110.757965087891 146.172546386719 75.9306716918945
"164" 131.047668457031 200.034423828125 35.081226348877
"165" 122.65739440918 192.680114746094 112.273155212402
"166" 125.3116 190.1178 113.3437
"167" 127.181 186.8255 113.6484
"168" 128.6241 183.3194 113.4941
"169" 129.8574 179.6877 113.5134
"170" 131.2445 176.1386 113.4176
"171" 133.1408 172.8746 112.9664
"172" 135.4192 170.3809 111.2351
"173" 136.9529 168.5757 108.5288
"174" 138.6028 165.8172 106.5047
"175" 140.8772 164.1875 103.9702
"176" 142.8206 163.1007 100.8872
"177" 144.0042 163.663 97.3663
"178" 145.7773 163.6933 94.0091
"179" 147.2205 164.8049 90.7785
"180" 148.6638 166.027 87.4427
"181" 149.2945 167.9176 84.1941
"182" 150.358001708984 169.652557373047 81.0137786865234
"183" 84.499870300293 87.0183563232422 55.536376953125
"184" 83.5763 84.1543 55.6502
"185" 82.6042 81.3948 56.2129
"186" 81.6167 79.0296 57.7192
"187" 80.7987 76.3885 58.8887
"188" 80.267 73.9141 60.5149
"189" 79.4598 71.6349 62.2864
"190" 78.6483 69.4261 64.1594
"191" 77.3024 67.4517 65.8619
"192" 75.313362121582 66.7030410766602 67.9953918457031
"193" 84.499870300293 87.0183563232422 55.536376953125
"194" 101.64266204834 34.7314605712891 100.135765075684
"195" 75.313362121582 66.7030410766602 67.9953918457031
"196" 71.2731018066406 131.934265136719 65.7868041992188
"197" 83.9131317138672 100.10213470459 79.0274353027344
"198" 67.5656967163086 125.761787414551 60.7935638427734
"199" 89.187629699707 121.294410705566 77.6614379882812
"200" 87.435 121.0358 78.3549
"201" 85.6255 121.221 78.2037
"202" 84.1557 120.9026 79.4196
"203" 82.8332 121.0949 80.7549
"204" 81.8263 121.1463 82.238
"205" 81.7232666015625 121.079376220703 84.1684417724609
"206" 93.3647079467773 169.132919311523 90.3385620117188
"207" 110.688743591309 51.6321105957031 108.499382019043
"208" 101.64266204834 34.7314605712891 100.135765075684
"209" 106.2641 40.4651 104.2557
"210" 109.468 47.9501 106.7518
"211" 112.0241 55.5856 109.6733
"212" 113.9119 63.4684 112.4577
"213" 115.9708 71.3264 115.1712
"214" 117.5963 79.4161 117.4883
"215" 118.8961 87.5306 119.9137
"216" 120.1707 95.6791 122.2363
"217" 122.1212 103.9315 123.4198
"218" 123.1885 112.3789 124.3471
"219" 123.102 120.9429 124.701
"220" 123.5413 129.4955 125.0958
"221" 123.5067 138.0691 125.2021
"222" 123.4147 146.6319 125.222
"223" 122.3174 155.0033 123.727
"224" 121.2201 163.3748 122.2321
"225" 120.1229 171.7462 120.7372
"226" 119.025596618652 180.117660522461 119.242212931315
"227" 72.3842010498047 154.474243164062 66.3867263793945
"228" 118.815444946289 86.4947204589844 119.488723754883
"229" 119.025596618652 180.117660522461 119.242212931315
"230" 91.1854629516602 22.5477523803711 86.3023529052734
"231" 73.671012878418 10.5532875061035 65.487548828125
"232" 106.855773925781 220.533569335938 104.07364654541
"233" 79.4860483805339 156.737869262695 74.7030766805013
"234" 47.7078170776367 158.400253295898 75.20263671875
"235" 59.4294090270996 141.279846191406 63.4455604553223
"236" 81.7232666015625 121.079376220703 84.1684417724609
"237" 16.5874099731445 153.076675415039 90.9281234741211
"238" 17.088 148.7203 95.1626
"239" 17.6452 144.3646 99.3813
"240" 19.5535 140.248 103.3691
"241" 21.8667 138.6829 108.7067
"242" 23.4228 138.5691 114.5995
"243" 25.1471 141.1247 119.7238
"244" 27.2013 144.5327 124.3165
"245" 29.2685 148.4833 128.468
"246" 30.6494 153.3903 131.5246
"247" 30.7446 159.2992 132.6237
"248" 29.2154 165.0809 132.3389
"249" 26.9652 169.1595 128.4133
"250" 24.534 171.0102 123.4106
"251" 22.7801895141602 171.991683959961 117.66431427002
"252" 22.7801895141602 171.991683959961 117.66431427002
"253" 16.5874099731445 153.076675415039 90.9281234741211
"254" 27.8389434814453 73.3620300292969 81.8519287109375
"255" 22.1659 79.6786 89.4207
"256" 17.9966 86.9469 96.8246
"257" 15.1024 96.3711 101.9767
"258" 12.2855 107.4108 103.3517
"259" 9.6632 118.4241 102.4904
"260" 9.2161 129.3844 99.1566
"261" 6.89573669433594 138.081298828125 92.6772155761719
"262" 87.0912780761719 165.371948242188 90.6224975585938
"263" 101.64266204834 34.7314605712891 100.135765075684
"264" 99.1055 33.8652 103.342
"265" 95.253 33.1625 104.6828
"266" 91.0725 32.9011 105.1754
"267" 87.147 32.4547 104.9671
"268" 84.4247 30.2442 102.7277
"269" 83.031 27.0845 100.3155
"270" 82.0993 24.0843 97.4963
"271" 82.238 21.9577 94.0327
"272" 84.7417 21.033 90.8559
"273" 87.4288 21.216 87.6927
"274" 91.1854629516602 22.5477523803711 86.3023529052734
"275" 49.0728988647461 149.81103515625 71.843017578125
"276" 88.8423538208008 73.8796310424805 132.785446166992
"277" 88.8293304443359 73.7335433959961 133.003677368164
"278" 91.9490432739258 91.4102783203125 138.053482055664
"279" 93.3647079467773 169.132919311523 90.3385620117188
"280" 90.2725 169.317 90.8004
"281" 88.3726 166.3148 90.7784
"282" 85.5087 164.299 90.6014
"283" 82.6085 162.3783 90.3785
"284" 79.1594 161.9416 89.5721
"285" 76.8227 159.7718 88.1542
"286" 75.2479 157.4557 85.9576
"287" 74.7154 157.0047 82.5815
"288" 75.4284 158.4499 79.3875
"289" 77.2844 158.5935 76.8689
"290" 79.4860483805339 156.737869262695 74.7030766805013
"291" 37.209114074707 118.86791229248 138.715530395508
"292" 27.8389434814453 73.3620300292969 81.8519287109375
"293" 31.7351 68.3015 80.871
"294" 35.3018 62.8863 80.8043
"295" 39.1955 57.7405 80.6706
"296" 42.0004 51.9145 80.0853
"297" 44.6872 46.0103 79.7378
"298" 47.4338 40.1668 79.1586
"299" 50.5651 34.5163 78.4758
"300" 53.7216 28.894 77.6822
"301" 56.3698 23.2066 76.1258
"302" 60.2329 18.046 75.3356
"303" 63.2567 13.2888 72.4041
"304" 68.5646 11.1759 69.4145
"305" 73.671012878418 10.5532875061035 65.487548828125
"306" 27.3286781311035 144.340682983398 67.0725631713867
"307" 24.5778 141.0114 71.3295
"308" 20.5377 139.616 75.3963
"309" 16.4918 139.6663 79.8089
"310" 11.5506 138.8385 83.2622
"311" 7.5462 139.0886 87.842
"312" 5.4201 144.3346 89.4119
"313" 5.1733 149.0504 86.0363
"314" 6.36 150.8859 80.523
"315" 10.6162 151.5155 76.3375
"316" 15.0493 151.5562 72.1456
"317" 19.4939 151.9471 67.9933
"318" 24.105 149.0951 65.7812
"319" 27.8389434814453 73.3620300292969 81.8519287109375
"320" 78.3636703491211 43.5913124084473 113.633987426758
"321" 41.600830078125 63.7862701416016 97.7180480957031
"322" 52.3731307983398 67.1564483642578 85.1258544921875
"323" 44.5128173828125 183.682693481445 98.8878173828125
"324" 80.7665252685547 69.9693374633789 132.931838989258
"325" 74.2427 73.4882 136.3117
"326" 67.9983 77.4469 139.6713
"327" 62.4831 83.1433 141.4408
"328" 57.5375 89.2568 141.0228
"329" 51.1806 90.6724 136.4797
"330" 46.2207 88.757 130.335
"331" 42.6237 85.6993 123.6863
"332" 39.5527 82.3849 116.888
"333" 38.3171 77.888 110.2126
"334" 38.9274 72.2847 104.39
"335" 41.2129 66.2559 99.5
"336" 45.6817 59.9802 96.7854
"337" 50.6967 53.694 95.9411
"338" 56.5444 48.0166 96.4603
"339" 62.9618 43.5598 98.5832
"340" 69.3906 41.9604 103.2763
"341" 74.8831 43.1192 109.0508
"342" 79.8593 46.3667 114.6008
"343" 83.6836 50.8815 120.0447
"344" 84.6924 56.8853 125.4133
"345" 84.8975 64.0539 129.1022
"346" 113.238258361816 192.505172729492 120.713790893555
"347" 92.2713394165039 131.556991577148 107.066970825195
"348" 79.9748077392578 62.4161033630371 88.103759765625
"349" 72.1020355224609 89.1409912109375 74.6339340209961
"350" 79.8251113891602 114.810958862305 86.3546600341797
"351" 82.3529663085938 68.8854293823242 130.906112670898
"352" 37.947509765625 79.6022262573242 112.383209228516
"353" 55.8658218383789 129.367004394531 100.903877258301
"354" 66.1431121826172 137.583251953125 109.749351501465
"355" 64.1587 135.6396 111.1882
"356" 61.8193 133.9012 112.2495
"357" 59.4985 131.9637 113.0441
"358" 57.3871 129.9187 113.7915
"359" 55.4568 128.1821 112.1875
"360" 54.5041 127.174 109.522
"361" 54.5754 126.8167 106.4257
"362" 55.1958 128.0221 103.6476
"363" 55.8658218383789 129.367004394531 100.903877258301
"364" 6.89573669433594 138.081298828125 92.6772155761719
"365" 66.1431121826172 137.583251953125 109.749351501465
"366" 75.8692169189453 172.800872802734 143.892639160156
"367" 76.9051513671875 160.359924316406 96.3294525146484
"368" 81.8078308105469 140.606048583984 104.40518951416
"369" 35.9953842163086 200.806564331055 116.016220092773
"370" 113.238258361816 192.505172729492 120.713790893555
"371" 113.0335 189.5213 123.0447
"372" 112.7159 186.6136 125.1897
"373" 112.1671 183.2631 126.816
"374" 111.9546 179.6859 128.0355
"375" 111.2962 176.2705 129.5271
"376" 110.1369 173.1987 131.3963
"377" 108.49 170.419 133.3621
"378" 106.1071 168.0837 135.1792
"379" 103.3098 166.3728 136.9695
"380" 100.056 165.8552 138.6733
"381" 96.4957 165.858 139.8935
"382" 92.854 166.559 140.6001
"383" 89.2548 167.1367 141.685
"384" 85.6558 167.9446 142.5937
"385" 82.0948 168.6895 143.6718
"386" 78.7073 170.3625 143.8938
"387" 75.8692169189453 172.800872802734 143.892639160156
"388" 61.8084945678711 85.8103942871094 76.4203796386719
"389" 62.7235 83.1838 75.4641
"390" 63.4282 80.4303 74.7309
"391" 65.0646 78.1186 74.4974
"392" 66.1761 75.6255 73.4021
"393" 67.443 73.0844 72.7622
"394" 69.4118 71.0632 72.1388
"395" 71.1497 69.0579 71.1729
"396" 73.3517 67.5205 70.0237
"397" 75.313362121582 66.7030410766602 67.9953918457031
"398" 61.8084945678711 85.8103942871094 76.4203796386719
"399" 81.4805374145508 145.708374023438 18.8602638244629
"400" 80.7519989013672 148.492492675781 18.1491165161133
"401" 83.3341903686523 143.843444824219 17.8733291625977
"402" 82.8194961547852 146.223892211914 16.829963684082
"403" 82.0083694458008 148.378662109375 16.2665214538574
"404" 82.2129058837891 150.314376831055 15.2281274795532
"405" 85.558952331543 142.464065551758 16.2492752075195
"406" 85.1011123657227 144.865219116211 15.4680156707764
"407" 84.2187347412109 147.384735107422 14.8939046859741
"408" 83.9829406738281 149.076629638672 14.0246181488037
"409" 84.3565216064453 150.884399414062 12.9828290939331
"410" 87.7821273803711 142.253814697266 14.5076713562012
"411" 87.3796310424805 144.994003295898 13.6147308349609
"412" 86.7638320922852 147.291458129883 12.9103116989136
"413" 86.1927871704102 149.658172607422 11.7179336547852
"414" 90.3306655883789 141.399856567383 13.9033012390137
"415" 89.7256927490234 143.703079223633 12.7001895904541
"416" 89.3565521240234 146.261962890625 11.6801919937134
"417" 88.6166915893555 149.363815307617 10.1369781494141
"418" 92.0446853637695 143.070922851562 11.311619758606
"419" 91.6040954589844 145.843078613281 10.0053129196167
"420" 90.7643280029297 148.509963989258 8.27586841583252
"421" 93.6424789428711 142.202346801758 9.73634624481201
"422" 92.8703079223633 145.919967651367 7.85256576538086
"423" 92.7087173461914 148.575973510742 5.53635883331299
"424" 94.8416442871094 142.888412475586 7.27699422836304
"425" 94.5803756713867 145.826416015625 5.66689777374268
"426" 94.5708389282227 148.028579711914 4.10472011566162
"427" 96.5153427124023 141.338012695312 6.81571817398071
"428" 96.2643508911133 143.751998901367 5.20789480209351
"429" 96.6442565917969 146.3515625 3.67837882041931
"430" 97.2834625244141 149.268692016602 2.3577618598938
"431" 98.2789688110352 141.671615600586 5.05155944824219
"432" 98.6154022216797 143.810806274414 3.64914798736572
"433" 98.7589797973633 146.273422241211 2.66161155700684
"434" 100.021034240723 148.265380859375 2.00536489486694
"435" 100.659446716309 142.057708740234 3.58008670806885
"436" 101.469734191895 145.084854125977 2.31797766685486
"437" 102.728500366211 143.21484375 2.71050572395325
"438" 24.3831062316895 143.996398925781 69.0773696899414
"439" 23.8888301849365 145.99723815918 68.1886367797852
"440" 22.6688232421875 148.323486328125 67.9549865722656
"441" 22.8651790618896 143.6494140625 70.1815185546875
"442" 22.1669368743896 145.826324462891 69.3540802001953
"443" 21.3857288360596 148.293243408203 68.5203094482422
"444" 20.7667922973633 149.702499389648 68.4324188232422
"445" 21.9564781188965 142.112197875977 71.7294387817383
"446" 20.6523017883301 144.904342651367 71.0192184448242
"447" 19.8932723999023 147.096069335938 70.3875198364258
"448" 19.2931022644043 148.80012512207 69.6962432861328
"449" 18.4706344604492 150.60693359375 69.5812225341797
"450" 19.7717876434326 142.36865234375 73.0793762207031
"451" 18.5203990936279 145.300003051758 72.4638977050781
"452" 17.6820278167725 147.744064331055 71.7414779663086
"453" 16.7640495300293 149.77555847168 71.2144012451172
"454" 18.3508415222168 141.86653137207 74.9897842407227
"455" 17.7051010131836 144.376281738281 74.1651000976562
"456" 16.9178657531738 146.252532958984 73.8790740966797
"457" 15.7445945739746 148.797912597656 72.9059524536133
"458" 17.374942779541 141.549667358398 77.0861053466797
"459" 16.3474159240723 143.965530395508 76.2964401245117
"460" 15.3906440734863 146.427886962891 75.7017211914062
"461" 14.3199977874756 148.943374633789 74.6049118041992
"462" 15.5062303543091 141.912628173828 78.2734375
"463" 14.4330320358276 144.675598144531 77.4130477905273
"464" 13.2929973602295 147.088562011719 76.6441421508789
"465" 12.3384122848511 149.757858276367 75.7166061401367
"466" 13.5483102798462 141.466018676758 79.4594955444336
"467" 12.8972940444946 143.908721923828 78.4290466308594
"468" 11.768967628479 146.566055297852 77.7832489013672
"469" 10.0312967300415 148.454360961914 77.6084213256836
"470" 11.8070154190063 141.905944824219 80.0050430297852
"471" 10.5505599975586 144.577667236328 79.3686218261719
"472" 8.52839660644531 147.875900268555 79.0784454345703
"473" 10.0651054382324 140.954162597656 82.1485748291016
"474" 9.00902462005615 143.731307983398 81.0359649658203
"475" 7.4967565536499 147.031204223633 80.7954864501953
"476" 8.23868179321289 141.308410644531 83.8714828491211
"477" 7.15519666671753 144.468399047852 82.7965774536133
"478" 6.23924732208252 148.211898803711 82.2027740478516
"479" 6.70730781555176 142.063995361328 85.6826477050781
"480" 6.10639572143555 144.588409423828 84.9283752441406
"481" 5.69635915756226 148.066665649414 84.2645950317383
"482" 5.77619600296021 143.59814453125 87.4402389526367
"483" 5.64809799194336 146.319122314453 86.4352111816406
"484" 94.90380859375 72.9017105102539 26.4230175018311
"485" 96.3513107299805 73.0574340820312 29.9132099151611
"486" 98.4966888427734 73.3003463745117 37.0219078063965
"487" 96.1228637695312 77.8248748779297 45.204662322998
"488" 92.7540969848633 80.918098449707 49.1652984619141
"489" 88.9060745239258 84.7042083740234 51.0637588500977
"490" 95.1802215576172 68.791389465332 30.4982433319092
"491" 96.9340972900391 69.7180557250977 37.1027030944824
"492" 96.9688415527344 72.1196746826172 42.6637496948242
"493" 94.5808029174805 75.7655029296875 46.3638000488281
"494" 89.8163146972656 80.0755615234375 51.0786514282227
"495" 86.1892395019531 83.0754013061523 52.9551544189453
"496" 95.0506210327148 65.3790054321289 33.4972534179688
"497" 96.1139221191406 66.1202087402344 37.798023223877
"498" 96.3367385864258 68.2660293579102 42.9665603637695
"499" 94.5341033935547 72.5656967163086 47.0196990966797
"500" 91.7198104858398 76.0821685791016 50.3526153564453
"501" 86.4723205566406 79.3444900512695 53.6293029785156
"502" 94.4089660644531 62.1854248046875 35.3248023986816
"503" 95.531852722168 62.6249465942383 40.8074836730957
"504" 95.5082473754883 64.5296859741211 45.3101081848145
"505" 94.2144012451172 68.7447967529297 48.8111991882324
"506" 91.2554016113281 73.0606994628906 51.8165016174316
"507" 85.0642929077148 76.9502639770508 55.1894454956055
"508" 94.1855087280273 59.0646324157715 38.6603355407715
"509" 95.2182540893555 60.1959228515625 43.7126502990723
"510" 95.0750961303711 62.9261245727539 47.1104621887207
"511" 92.8087463378906 68.2999114990234 51.5248107910156
"512" 89.8480987548828 72.3910293579102 54.521183013916
"513" 84.7596588134766 76.3001556396484 55.6716995239258
"514" 93.3755950927734 54.8526840209961 40.2020149230957
"515" 94.7501602172852 56.4065361022949 44.6062545776367
"516" 94.8925018310547 59.7492256164551 48.5118293762207
"517" 92.9619293212891 65.2907485961914 52.457691192627
"518" 88.2483749389648 72.0462493896484 56.4348030090332
"519" 92.8709945678711 51.1477966308594 41.6373023986816
"520" 94.4253082275391 52.8380012512207 46.3552780151367
"521" 94.4390335083008 58.2300109863281 50.4961013793945
"522" 93.2526550292969 63.2806091308594 52.787841796875
"523" 91.3603210449219 68.9556045532227 54.0070190429688
"524" 92.67724609375 48.1608276367188 43.2439918518066
"525" 94.155158996582 50.3134536743164 47.6419525146484
"526" 94.5233001708984 52.9935684204102 50.6036911010742
"527" 93.0311660766602 59.5951766967773 53.786319732666
"528" 91.2494201660156 66.3989944458008 55.4189453125
"529" 92.7933349609375 45.6704635620117 45.9952850341797
"530" 93.8460083007812 47.8646850585938 50.5739135742188
"531" 93.3088150024414 52.157096862793 53.7665557861328
"532" 91.6588134765625 58.6865196228027 56.0447692871094
"533" 87.8151473999023 67.9558792114258 59.293098449707
"534" 92.0863189697266 42.2463226318359 46.9351997375488
"535" 93.4049911499023 45.3198204040527 51.9226341247559
"536" 91.1769180297852 53.2450904846191 56.8943634033203
"537" 88.4523086547852 61.6101264953613 60.5722961425781
"538" 91.8580093383789 40.1149940490723 48.6626777648926
"539" 92.4207916259766 46.8747024536133 55.4827919006348
"540" 88.8522720336914 53.3146324157715 59.2516441345215
"541" 82.5136260986328 65.2566680908203 63.1832466125488
"542" 91.5407485961914 38.1991119384766 50.3037414550781
"543" 91.0969848632812 44.3017730712891 57.2216911315918
"544" 87.4477005004883 51.963809967041 60.9204864501953
"545" 83.1565704345703 61.6885604858398 65.0784530639648
"546" 91.2906951904297 36.2093315124512 53.1943702697754
"547" 89.4867858886719 43.9911613464355 59.1005210876465
"548" 85.2177505493164 54.8087768554688 64.2697677612305
"549" 90.5400619506836 34.5583915710449 56.4077606201172
"550" 87.8636474609375 42.0364036560059 60.5690650939941
"551" 84.8870315551758 50.2183418273926 63.7886543273926
"552" 89.8662338256836 30.8570346832275 57.3668060302734
"553" 87.4352798461914 39.0550804138184 61.7664031982422
"554" 83.8663024902344 48.7304382324219 64.9865341186523
"555" 89.2308502197266 28.723575592041 59.1710777282715
"556" 85.9286346435547 36.5287857055664 63.0187110900879
"557" 81.9540023803711 47.3231201171875 66.9526062011719
"558" 87.1651000976562 22.1364364624023 61.1391525268555
"559" 84.3968200683594 33.9057769775391 64.9635314941406
"560" 81.8308715820312 41.8153228759766 67.7406768798828
"561" 79.911994934082 51.0046577453613 69.0772552490234
"562" 84.2556457519531 18.2346878051758 62.9444732666016
"563" 83.2990798950195 29.7530994415283 69.1504592895508
"564" 81.8306503295898 34.6706886291504 69.7098693847656
"565" 80.6460647583008 43.0972290039062 72.8457336425781
"566" 82.7886352539062 27.9140911102295 71.059928894043
"567" 80.0298080444336 30.8088817596436 72.1507415771484
"568" 34.977108001709 71.5266647338867 83.5286254882812
"569" 39.851001739502 71.4421997070312 86.1118011474609
"570" 45.6610260009766 72.6873092651367 87.3333358764648
"571" 53.2975845336914 77.6475219726562 84.1647720336914
"572" 57.3274688720703 82.4928512573242 79.6020126342773
"573" 35.5700187683105 67.0829544067383 82.5765533447266
"574" 39.901294708252 65.978759765625 84.2253036499023
"575" 43.2012977600098 65.6925430297852 85.2295761108398
"576" 48.8795547485352 68.4840927124023 85.737174987793
"577" 56.2875061035156 76.0128479003906 82.2129440307617
"578" 60.1889038085938 79.2361068725586 77.098876953125
"579" 39.2339286804199 61.5640563964844 82.4782638549805
"580" 44.4496994018555 60.4766273498535 84.3796310424805
"581" 48.5617942810059 61.187385559082 85.2869262695312
"582" 52.704532623291 66.7428436279297 85.0755844116211
"583" 58.9238891601562 73.900390625 81.1147994995117
"584" 61.0884017944336 76.534797668457 77.2107009887695
"585" 43.6979789733887 56.856128692627 82.8073654174805
"586" 47.5165252685547 55.2325973510742 83.8685150146484
"587" 51.8450469970703 56.551212310791 85.2085571289062
"588" 57.3852195739746 64.0942764282227 84.1559753417969
"589" 60.3806953430176 70.5593795776367 81.5319519042969
"590" 62.6267967224121 73.7131042480469 76.6930313110352
"591" 47.3263854980469 51.5332489013672 82.7738723754883
"592" 51.3657264709473 51.791389465332 84.3830337524414
"593" 55.5583152770996 55.9049377441406 85.1146697998047
"594" 57.5455207824707 60.6487083435059 84.5853576660156
"595" 61.6721725463867 66.5244216918945 82.0710906982422
"596" 63.3194160461426 71.9989013671875 77.7055969238281
"597" 48.7039794921875 48.3605041503906 82.4964981079102
"598" 53.4289360046387 48.0641822814941 84.2684631347656
"599" 57.6374015808105 52.8475036621094 84.6315689086914
"600" 61.1525993347168 57.7877578735352 83.3078536987305
"601" 62.3146476745605 64.5074768066406 82.2296752929688
"602" 50.7287406921387 44.6045951843262 82.3806991577148
"603" 55.5456047058105 45.4855880737305 84.1415481567383
"604" 58.7717895507812 50.4058952331543 84.2446517944336
"605" 61.6047210693359 57.5896797180176 83.0470733642578
"606" 62.1580963134766 64.8214263916016 82.2409133911133
"607" 53.2953300476074 42.5218200683594 82.7736053466797
"608" 56.8562469482422 44.8803100585938 84.2647476196289
"609" 61.23828125 50.7520027160645 83.2894058227539
"610" 63.6865768432617 58.2590484619141 81.8550567626953
"611" 66.8294372558594 66.4048309326172 78.494270324707
"612" 55.8100433349609 40.9051551818848 83.1641845703125
"613" 61.3397560119629 46.5343856811523 83.1740036010742
"614" 63.6636962890625 54.0161437988281 81.9989471435547
"615" 69.0567169189453 64.077278137207 77.0864562988281
"616" 57.363597869873 40.2112236022949 83.1860504150391
"617" 62.4314804077148 43.8834457397461 82.3908767700195
"618" 65.7501525878906 52.1038436889648 80.1086730957031
"619" 70.7531585693359 61.6138916015625 76.3895797729492
"620" 56.9394874572754 37.3143348693848 82.251838684082
"621" 62.0214538574219 41.4121971130371 82.5045700073242
"622" 66.1330871582031 47.5373497009277 79.3046188354492
"623" 69.8626174926758 53.8522033691406 77.5522079467773
"624" 58.5866584777832 34.8817520141602 81.8690490722656
"625" 65.626106262207 40.0006790161133 80.0476760864258
"626" 69.3332290649414 46.9127960205078 76.5954132080078
"627" 60.516487121582 30.9038124084473 80.8377304077148
"628" 67.4996490478516 36.6771583557129 78.9456253051758
"629" 71.1538238525391 44.6320838928223 75.3091125488281
"630" 75.8149795532227 51.8666915893555 72.8129272460938
"631" 66.1769027709961 31.4667434692383 80.3200912475586
"632" 70.6964874267578 34.7361869812012 76.2716522216797
"633" 74.7883682250977 40.132381439209 75.3039703369141
"634" 78.8164215087891 43.3676948547363 73.9566802978516
"635" 64.2653503417969 21.3089199066162 77.6930770874023
"636" 74.3356018066406 30.5795001983643 75.7194976806641
"637" 77.0817337036133 33.001163482666 74.4632873535156
"638" 80.0081024169922 34.7030982971191 74.7885971069336
