"V1" "V2" "V3"
"1" 17766.623046875 29614.30859375 15561.00390625
"2" 18233.6879 29953.5294 15449.9855
"3" 18368.6219 30510.7376 15384.3482
"4" 18533.6752 31055.4118 15320.2375
"5" 18674.0032 31615.642 15240.7838
"6" 18778.8629 32185.8916 15158.587
"7" 18912.5495 32734.351 15000.8156
"8" 19103.5075 33266.4074 14844.694
"9" 19148.9098 33837.3983 14713.83
"10" 19237.1607 34409.6778 14616.6923
"11" 19358.5131 34980.1001 14601.5185
"12" 19450.1679 35540.122 14740.228
"13" 19548.033203125 36113.390625 14820.232421875
"14" 23245.892578125 39924.15234375 14031.330078125
"15" 22508.068359375 35830.9375 14004.5771484375
"16" 20803.986328125 28046.640625 20070.166015625
"17" 32054.1796875 33704.1953125 16294.505859375
"18" 31767.9764 32721.3339 15378.4424
"19" 32280.8807 31840.9001 14447.0361
"20" 32797.5236 31001.152 13619.195
"21" 33172.1954 29785.169 13969.9323
"22" 33101.0939 28691.2584 14834.1088
"23" 33101.4993 27820.0019 15921.5869
"24" 33116.5581 27636.9674 17304.3038
"25" 33070.1341 27920.5712 18647.2503
"26" 32914.9851 28668.3109 19802.1549
"27" 32833.3578 29785.3028 20620.3051
"28" 32649.3372 31101.6911 21028.5645
"29" 32549.2462 32443.8545 20810.1899
"30" 32548.0692 33564.1278 19975.8076
"31" 32687.4426 34277.1344 18810.1529
"32" 32750.2715 34251.2994 17474.2821
"33" 32110.05078125 33742.4609375 16428.34765625
"34" 32110.05078125 33742.4609375 16428.34765625
"35" 32054.1796875 33704.1953125 16294.505859375
"36" 30647.62109375 16408.181640625 12549.6044921875
"37" 30250.2375 15551.9304 13810.3084
"38" 29974.4488 14909.3971 15171.3738
"39" 30401.2887 15668.5256 16511.1964
"40" 30862.4672 16553.2506 17831.4576
"41" 31074.0532 17062.2601 19319.6456
"42" 31717.8957 18089.8652 20398.9653
"43" 32353.4386 19580.6883 20737.9088
"44" 32835.9371 21150.8948 20743.2979
"45" 33167.6057 22666.2927 20204.8303
"46" 33270.8092 24138.9185 19466.1105
"47" 33295.263 25407.2871 18403.7859
"48" 33231.9643 26428.3298 17103.8553
"49" 33301.9365 27214.2216 15649.7067
"50" 33337.745 28227.072 14346.2301
"51" 33443.9005 28949.6856 12883.3395
"52" 33832.828125 28622.796875 11354.109375
"53" 23416.537109375 40866.04296875 21897.8125
"54" 14413.052734375 3520.78515625 26282.02734375
"55" 16029.6552 2855.7386 26081.5321
"56" 17780.0397 3137.8425 25955.5315
"57" 19134.1945 3326.9063 25171.4126
"58" 19831.0603 3163.4016 23626.4487
"59" 20085.2665 3113.3899 21897.663
"60" 19758.9085 2297.2519 20373.4687
"61" 19485.0656 1631.3297 18747.3847
"62" 18761.2537 1032.7339 17246.9394
"63" 17330.6575 766.3243 16317.8778
"64" 15655.2536 549.5671 16054.8041
"65" 14116.712890625 973.20263671875 15672.341796875
"66" 25929.39453125 33663.0078125 14116.4287109375
"67" 21257.138671875 10035.4765625 27689.39453125
"68" 22729.486328125 17774.25390625 29258.65234375
"69" 21452.91796875 20016.8671875 29918.625
"70" 20732.359375 43970.35546875 24706.705078125
"71" 21666.1684 43784.2939 24194.4324
"72" 22177.344 42984.8075 23667.7346
"73" 22452.2178 42052.6769 23127.7341
"74" 22844.6863 41233.6568 22493.9803
"75" 23285.4164 40755.7809 21600.5376
"76" 23736.1699 40497.6803 20632.7095
"77" 23609.4556 40465.7264 19555.4726
"78" 23053.5907 40816.7756 18660.1215
"79" 22350.5967 41071.6719 17839.6653
"80" 21468.1788 41406.2783 17269.1685
"81" 20418.146484375 41680.47265625 17043.01953125
"82" 32305.47265625 19780.50390625 21916.625
"83" 30647.62109375 16408.181640625 12549.6044921875
"84" 29676.1704 15504.6896 12044.3486
"85" 28881.5068 14111.6389 12294.1145
"86" 27964.6018 12807.0121 12602.5058
"87" 26872.6354 11618.7181 12800.917
"88" 25775.8283 10435.3341 12936.2507
"89" 24801.968 9134.7776 12894.4884
"90" 23706.3763 7935.5584 12907.3339
"91" 22699.0428 6676.3433 12805.0234
"92" 21687.4669 5417.0324 12759.9388
"93" 20543.3421 4272.7873 12874.0879
"94" 19459.3686 3148.2693 12579.3139
"95" 18357.4784 2282.258 12016.7908
"96" 17065.4527 1688.4432 12770.0981
"97" 15555.0521 1293.4481 13022.3488
"98" 14050.083984375 1109.2255859375 13419.2099609375
"99" 29454.08984375 29332.791015625 8919.328125
"100" 30143.8309 28651.197 9220.5844
"101" 31036.2415 28741.2872 9553.829
"102" 31657.5147 29170.8475 10120.1637
"103" 32276.0531 28476.6585 10386.5723
"104" 33205.6672 28243.9092 10161.0362
"105" 34010.1177 28581.9899 9723.3766
"106" 34164.9792 29398.6042 9167.8795
"107" 33587.6405 30016.8039 8958.0278
"108" 32784.9475 30446.5739 9310.5459
"109" 32238.9934 30870.9033 8599.5063
"110" 31387.1154 30920.349 8088.6218
"111" 30382.9768 30818.8803 8151.6
"112" 29633.7946 30209.5872 8454.8026
"113" 30647.62109375 16408.181640625 12549.6044921875
"114" 21798.8828125 7982.46240234375 25545.609375
"115" 28251.1484375 14112.125 18920.08984375
"116" 21464.078125 14887.9267578125 15986.166015625
"117" 30450.74609375 40053.234375 17761.59765625
"118" 21546.87109375 8471.9375 26111.25
"119" 21301.8327 9656.2364 27389.6518
"120" 21228.9452 11467.7933 28053.2887
"121" 21106.1024 13289.2858 28680.3969
"122" 21085.9991 15128.9324 29185.5352
"123" 21873.6723 16836.7378 29262.3019
"124" 23463.8483 17906.4326 29396.7452
"125" 25257.0499 18455.1922 29047.5519
"126" 27056.0102 18615.3204 28427.7255
"127" 28299.0517 18755.5129 26973.1776
"128" 29427.7767 18541.9667 25458.844
"129" 30249.9488 17957.8137 23822.0299
"130" 30343.4741 17086.4505 22122.4829
"131" 29763.4597 15891.1165 20733.3647
"132" 28898.1386 14687.0417 19498.0126
"133" 27900.7637 13505.0496 18341.6104
"134" 26752.3501 12118.5596 17724.7057
"135" 25671.8003 10572.2787 17349.9538
"136" 24584.6067 9226.646 18080.0559
"137" 23584.5362 7965.2588 19129.8267
"138" 22833.0044 7377.5609 20779.009
"139" 22256.1665 7272.0604 22604.5182
"140" 21909.5789 7547.762 24467.7595
"141" 20569.728515625 45140.6796875 29079.99609375
"142" 24103.826171875 35080.890625 22131.107421875
"143" 18476.2109375 12811.51171875 19544.76953125
"144" 18701.42578125 23733.02734375 18870.15625
"145" 21180.83984375 23852.6875 20117.529296875
"146" 22817.181640625 17822.884765625 29445.580078125
"147" 30372.9375 17362.744140625 22989.5
"148" 25348.361328125 29365.73828125 18699.984375
"149" 26321.31640625 35364.11328125 20938.435546875
"150" 26616.7262 34224.4464 21640.3146
"151" 26473.6356 32913.4224 21854.6006
"152" 26152.8265 31583.0252 21845.4818
"153" 26404.0971 30270.4319 21839.1663
"154" 26835.7091 28999.4441 21879.4028
"155" 26768.7136 27887.4739 21195.4529
"156" 25926.4311 27900.4198 20171.6126
"157" 24940.7372 28784.4471 19858.3624
"158" 25348.361328125 29365.73828125 18699.984375
"159" 33832.828125 28622.796875 11354.109375
"160" 26321.31640625 35364.11328125 20938.435546875
"161" 32285.94921875 32621.3671875 22588.982421875
"162" 23989.251953125 39421.22265625 22055.685546875
"163" 24453.5234375 35513.9765625 21762.37890625
"164" 30426.9296875 40065.71875 17778.697265625
"165" 20569.728515625 45140.6796875 29079.99609375
"166" 19629.8557 42517.5175 28572.5847
"167" 18942.257 39792.7971 28184.1266
"168" 18509.5603 37021.96 28319.8828
"169" 18417.6996 34329.3301 29196.9406
"170" 18224.9948 31573.7655 29781.149
"171" 18919.9727 28818.8044 29950.0175
"172" 19970.9707 26180.6561 30159.0104
"173" 21606.2725 23851.2171 30182.8459
"174" 23254.3404 21605.1425 29814.3975
"175" 25683.8501 20187.8209 29353.3785
"176" 28190.7773 19840.7847 28162.1875
"177" 30246.082 20783.5462 26506.5435
"178" 31952.1697 22227.4061 24742.2701
"179" 33129.2151 24389.8135 23548.01
"180" 33232.6471 27177.6974 23054.5816
"181" 32837.2583 29846.8371 22302.3974
"182" 32285.94921875 32621.3671875 22588.982421875
"183" 25001.025390625 19699.6875 15165.736328125
"184" 23689.6568 18060.5566 15652.7666
"185" 22241.8749 16528.8609 16004.5516
"186" 21407.0734 14563.0745 15980.2881
"187" 20770.1004 12541.8255 15586.1846
"188" 20103.4964 10495.1079 15470.939
"189" 19291.1527 8522.5901 15206.5893
"190" 18284.1528 6636.7235 14944.186
"191" 16567.7338 5498.1956 15372.0398
"192" 14540.66796875 5399.53955078125 15976.515625
"193" 25001.025390625 19699.6875 15165.736328125
"194" 14413.052734375 3520.78515625 26282.02734375
"195" 14540.66796875 5399.53955078125 15976.515625
"196" 19548.033203125 36113.390625 14820.232421875
"197" 17052.947265625 23598.484375 19298.46484375
"198" 17766.623046875 29614.30859375 15561.00390625
"199" 20803.986328125 28046.640625 20070.166015625
"200" 20227.9993 28927.418 19175.738
"201" 19422.388 29474.6656 18750.2999
"202" 18477.5093 30195.5254 18329.6037
"203" 17178.1159 30015.4485 18592.0003
"204" 16076.8959 29519.3542 19201.8647
"205" 15193.193359375 28776.044921875 19962.43359375
"206" 20732.359375 43970.35546875 24706.705078125
"207" 15019.1611328125 9161.7880859375 28961.96484375
"208" 14413.052734375 3520.78515625 26282.02734375
"209" 14486.8949 5348.8785 27810.2372
"210" 14841.749 7529.8558 28766.6069
"211" 15047.8769 9923.0153 29016.1526
"212" 15288.7884 12298.1175 29348.9349
"213" 15382.302 14686.4914 29646.6434
"214" 15606.5874 17064.5037 29972.5615
"215" 15933.1558 19425.0742 30365.6121
"216" 16275.2734 21807.9843 30523.9538
"217" 16768.7754 24162.7225 30308.3975
"218" 17275.2493 26503.7922 30079.6337
"219" 17744.6059 28871.1734 29951.6989
"220" 18006.9337 31267.0147 29878.5054
"221" 18222.5391 33622.0632 29411.6034
"222" 18559.6482 35895.0511 28711.9709
"223" 18708.6855 38207.2374 28117.126
"224" 19146.8522 40542.8311 28381.5049
"225" 19492.3683 42908.2067 28688.1938
"226" 19905.3671875 45252.4375 28945.802734375
"227" 20918.98046875 43708.2265625 14560.203125
"228" 16085.8095703125 21731.767578125 30536.73046875
"229" 19905.3671875 45252.4375 28945.802734375
"230" 14116.712890625 973.20263671875 15672.341796875
"231" 14050.083984375 1109.2255859375 13419.2099609375
"232" 21446.5546875 49851.515625 26609.298828125
"233" 20418.146484375 41680.47265625 17043.01953125
"234" 17728.5625 40828.2265625 13690.830078125
"235" 16716.36328125 36697.8828125 13907.609375
"236" 15193.193359375 28776.044921875 19962.43359375
"237" 6743.6240234375 37875.8125 15327.521484375
"238" 7013.1972 36765.3137 14367.8068
"239" 6256.1646 36035.9989 13149.3629
"240" 5283.1941 35319.4967 12545.6826
"241" 4632.7658 34102.7034 13335.0012
"242" 4203.2706 33058.7706 14466.7554
"243" 3979.145 32661.6421 15989.1391
"244" 3938.3291 32832.8143 17592.1933
"245" 4206.2569 33661.3538 18944.3083
"246" 4755.4679 34867.8446 19833.6224
"247" 5385.5631 36269.0479 20186.4567
"248" 5963.6857 37551.6113 19429.1015
"249" 6299.666 38427.9636 18153.0826
"250" 6484.4482 38622.3 16563.7314
"251" 6734.6708984375 37885.6796875 15242.203125
"252" 6734.6708984375 37885.6796875 15242.203125
"253" 6743.6240234375 37875.8125 15327.521484375
"254" 2604.57421875 20957.36328125 11329.74609375
"255" 2660.4067 19245.5177 14513.0154
"256" 2297.166 21327.3256 17793.3091
"257" 1710.4791 24412.7837 19923.1295
"258" 1970.9169 28224.711 19327.8424
"259" 3074.6342 31082.0124 16842.4765
"260" 4043.1123 33038.2569 13532.8018
"261" 3702.505859375 33526.15625 10025.013671875
"262" 16871.3828125 41886.92578125 22067.005859375
"263" 14413.052734375 3520.78515625 26282.02734375
"264" 12668.5335 3403.7915 25869.8308
"265" 10819.4022 3617.5648 25517.6519
"266" 9222.2375 3918.3445 24522.1979
"267" 8158.4159 4847.4078 23246.2085
"268" 7955.4544 4893.7572 21433.8799
"269" 8209.3013 4037.2285 19746.8727
"270" 8466.366 3138.8478 18049.9841
"271" 9409.863 2461.4546 16509.9899
"272" 10513.6389 1985.1655 15067.8664
"273" 12231.031 1242.0338 15347.9438
"274" 14116.712890625 973.20263671875 15672.341796875
"275" 13027.833984375 35992.34375 13667.6171875
"276" 8775.03125 12257.2587890625 27413.625
"277" 9691.638671875 19642.0390625 28851.0703125
"278" 11283.490234375 21333.107421875 29752.671875
"279" 20732.359375 43970.35546875 24706.705078125
"280" 19675.8942 43508.1092 24276.6359
"281" 18721.4094 43230.8756 23769.4272
"282" 17955.1729 42681.1852 23119.2552
"283" 17212.3347 42003.2484 22415.4636
"284" 16620.0995 41682.7094 21390.7901
"285" 16097.1712 41406.13 20319.6091
"286" 16452.2045 41183.2364 19223.6861
"287" 17233.3626 41444.4277 18336.8596
"288" 18094.3201 41661.5947 17511.2197
"289" 19217.6827 41866.9366 17091.3667
"290" 20418.146484375 41680.47265625 17043.01953125
"291" 2049.466796875 23259.7890625 20466.83203125
"292" 2604.57421875 20957.36328125 11329.74609375
"293" 3378.2521 19496.0307 10885.3048
"294" 3872.7595 17767.2382 11520.6744
"295" 4483.3419 16001.6308 11902.5376
"296" 5118.9353 14228.4468 12225.987
"297" 5835.7238 12469.9757 12359.9188
"298" 6536.0847 10697.6384 12328.8046
"299" 7154.3869 8888.5324 12325.7964
"300" 7840.177 7112.1296 12369.5435
"301" 8725.2817 5449.7698 12604.9107
"302" 9624.9545 3930.4102 11941.731
"303" 10756.4994 2645.0123 12558.4616
"304" 12304.9282 1743.5215 13048.2606
"305" 14050.083984375 1109.2255859375 13419.2099609375
"306" 7630.03369140625 32305.763671875 8380.517578125
"307" 6695.635 32651.1189 8658.6866
"308" 6116.0838 33346.2633 9118.8613
"309" 5228.2081 32909.9514 9408.4429
"310" 4216.3728 32949.2102 9038.4456
"311" 3541.8686 33604.921 8504.1043
"312" 3755.4443 34464.5115 7964.3427
"313" 4615.0023 34606.4033 8023.693
"314" 5552.1853 34738.4245 8534.7472
"315" 6263.9815 34950.1675 7782.7735
"316" 7151.4665 34697.0774 7308.5077
"317" 7992.7543 34092.2524 7451.2325
"318" 8101.8177 33114.4274 7846.8771
"319" 2604.57421875 20957.36328125 11329.74609375
"320" 7934.9765625 10213.873046875 26160.08984375
"321" 3959.07983398438 17989.2890625 18198.451171875
"322" 11198.234375 17705.78125 16233.4453125
"323" 10063.775390625 43277.75 17116.015625
"324" 8204.6640625 10608.0302734375 26671.66796875
"325" 8814.8697 12243.9663 27577.4105
"326" 9514.0654 14008.1995 28172.8197
"327" 10142.4309 15821.946 28674.2364
"328" 10312.9328 17788.5687 28879.9859
"329" 9663.9507 19608.9295 28744.7949
"330" 8199.7175 20893.2999 28565.8863
"331" 6530.1722 21758.9721 27950.1788
"332" 5017.3664 22299.2079 26829.715
"333" 3808.9413 22552.5514 25270.1332
"334" 3052.8766 22571.5309 23452.2208
"335" 2864.8901 21719.2491 21676.401
"336" 3007.7046 20477.0872 20128.9595
"337" 3490.5799 18997.927 18912.7354
"338" 4171.6254 17426.3667 17896.2031
"339" 4947.4977 15737.6587 17225.6395
"340" 5711.0371 13913.0735 17153.2582
"341" 6290.1334 12266.8433 18028.5032
"342" 6667.8612 10799.6969 19319.2653
"343" 7053.7941 10003.4284 21034.5693
"344" 7311.1114 9746.2916 22983.7399
"345" 7680.7532 9841.1689 24930.4816
"346" 19444.2265625 45535.10546875 28941.314453125
"347" 13679.65234375 37144.8359375 21496.59765625
"348" 12818.271484375 13855.4443359375 19311.716796875
"349" 15796.66015625 23773.89453125 18866.798828125
"350" 13511.001953125 24679.8359375 20061.046875
"351" 9724.33203125 19612.76953125 28870.15625
"352" 3119.42529296875 20940.11328125 20719.68359375
"353" 11761.412109375 31599.568359375 18043.109375
"354" 12324.5927734375 37698.0859375 20488.861328125
"355" 11547.9512 36691.9237 21117.3457
"356" 11672.6838 35186.7685 21266.7535
"357" 10953.3142 33860.2528 21407.5383
"358" 10083.2959 32623.3376 21396.2663
"359" 9471.8267 31291.2461 21255.4953
"360" 9344.7582 30363.4075 20209.4418
"361" 10333.2656 30417.0216 19264.1185
"362" 11688.1172 30973.4387 19250.7037
"363" 11761.412109375 31599.568359375 18043.109375
"364" 3702.505859375 33526.15625 10025.013671875
"365" 12324.5927734375 37698.0859375 20488.861328125
"366" 6478.5009765625 38093.7109375 21619.375
"367" 15694.955078125 41027.04296875 21714.3125
"368" 13649.384765625 37436.65625 21476.814453125
"369" 10050.431640625 43276.96484375 17129.576171875
"370" 19444.2265625 45535.10546875 28941.314453125
"371" 19260.2823 42650.6687 28489.8526
"372" 18857.949 39750.2074 28120.0359
"373" 18312.8502 36902.5091 28292.5919
"374" 18259.9006 34125.4776 29246.007
"375" 17691.8076 31297.7942 29856.415
"376" 16212.7368 28784.2661 29836.9559
"377" 14429.7394 26484.6569 29919.7946
"378" 11962.0959 24896.394 29750.99
"379" 9390.636 23580.5673 29165.4274
"380" 6662.4261 23077.5637 28177.4672
"381" 4330.4505 23695.9881 26606.6025
"382" 2833.7718 25520.4012 24878.1355
"383" 2186.4703 27561.0461 22902.813
"384" 2493.4773 30399.7909 22320.6389
"385" 3498.511 33040.8956 21480.2821
"386" 4983.1054 35553.5517 21497.3081
"387" 6478.5009765625 38093.7109375 21619.375
"388" 9258.138671875 21979.0546875 14666.736328125
"389" 10155.1159 20144.5191 15355.5723
"390" 10617.6509 18093.9344 15660.5072
"391" 10622.5513 15941.6519 15612.8404
"392" 10680.2935 13848.5325 15131.3565
"393" 10740.7774 11694.8579 14970.4854
"394" 10829.3715 9564.6118 14635.2021
"395" 11278.154 7483.4229 14596.9485
"396" 12600.7155 6039.3897 15459.3954
"397" 14540.66796875 5399.53955078125 15976.515625
"398" 9258.138671875 21979.0546875 14666.736328125
"399" 29802.23828125 29535.443359375 8729.349609375
"400" 29867.21875 30032.1484375 8520.8828125
"401" 30110.1171875 29193.80078125 8916.046875
"402" 30260.0625 29642.9453125 8689.18359375
"403" 30310.1484375 30083.37890625 8511.6416015625
"404" 30538.943359375 30455.134765625 8255.6611328125
"405" 30548.5078125 28969.9296875 9096.177734375
"406" 30579.904296875 29464.125 9023.158203125
"407" 30674.947265625 30056.73828125 8686.0986328125
"408" 30896.52734375 30293.29296875 8454.7646484375
"409" 31141.162109375 30561.212890625 8141.50244140625
"410" 31014.841796875 29106.76171875 9291.357421875
"411" 31059.751953125 29600.265625 9178.64453125
"412" 31224.9453125 30122.17578125 8901.224609375
"413" 31478.591796875 30473.037109375 8424.2822265625
"414" 31366.048828125 29086.791015625 9576.5419921875
"415" 31425.291015625 29522.337890625 9428.7216796875
"416" 31587.2734375 29971.673828125 9229.4541015625
"417" 31858 30499.07421875 8745.974609375
"418" 31804.052734375 29487.908203125 9743.4970703125
"419" 31933.12109375 29903.236328125 9502
"420" 32102.29296875 30352.642578125 9229.6103515625
"421" 31981.154296875 29408.697265625 9937.24609375
"422" 32191.267578125 29870.392578125 9615.1708984375
"423" 32390.447265625 30218.939453125 9461.923828125
"424" 32292.18359375 29313.11328125 9895.1064453125
"425" 32512.955078125 29671.587890625 9731.087890625
"426" 32813.1484375 29972.75 9559.7392578125
"427" 32419.447265625 28838.1640625 10087.5615234375
"428" 32699.916015625 29153.4609375 9828.6923828125
"429" 33036.65234375 29487.916015625 9626.9306640625
"430" 33273.3671875 29888.890625 9299.1904296875
"431" 32840.8046875 28648.271484375 9981.8125
"432" 33133.95703125 28973.32421875 9739.619140625
"433" 33397.05859375 29334.57421875 9453.8173828125
"434" 33653.80078125 29586.619140625 9186.8388671875
"435" 33298.51953125 28587.259765625 9849.9013671875
"436" 33699.4453125 29010.46875 9494.375
"437" 33730.36328125 28663.341796875 9679.3779296875
"438" 7488.76953125 32550.359375 8192.068359375
"439" 7632.6455078125 32885.5234375 8043.5078125
"440" 7715.36083984375 33432.359375 7820.9443359375
"441" 7242.33251953125 32729.009765625 8222.015625
"442" 7377.53125 33110.65625 8125.45556640625
"443" 7502.7841796875 33627.29296875 7851.19482421875
"444" 7530.92236328125 33913.453125 7633.7099609375
"445" 6959.99658203125 32756.912109375 8362.146484375
"446" 7112.70849609375 33283.125 8249.76953125
"447" 7168.2080078125 33706.1953125 8036.49267578125
"448" 7254.0341796875 34003.21875 7754.00439453125
"449" 7231.916015625 34271.41015625 7421.69677734375
"450" 6734.38623046875 33133.34765625 8482.6708984375
"451" 6834.4892578125 33638.8828125 8318.4951171875
"452" 6919.39208984375 34073.8046875 7993.9482421875
"453" 6875.1435546875 34391.375 7606.99267578125
"454" 6460.4052734375 33366.6796875 8654.26953125
"455" 6548.96630859375 33618.55859375 8507.3955078125
"456" 6579.26318359375 33921.53515625 8378.07421875
"457" 6623.41650390625 34392.98828125 7949.4609375
"458" 6203.5849609375 33458.20703125 8925.2724609375
"459" 6275.63525390625 33702.75390625 8712.103515625
"460" 6273.15185546875 34059.859375 8540.9443359375
"461" 6372.73291015625 34474.9375 8160.32177734375
"462" 6064.2138671875 33555.703125 9145.3818359375
"463" 6034.58251953125 33866.203125 8868.1044921875
"464" 6022.802734375 34200.6171875 8672.326171875
"465" 6038.34375 34642.39453125 8335.46875
"466" 5621.6787109375 33381.0078125 9242.583984375
"467" 5682.94677734375 33796.390625 9042.1806640625
"468" 5655.951171875 34143.4921875 8849.57421875
"469" 5564.052734375 34428.3984375 8708.150390625
"470" 5335.34716796875 33395.25390625 9063.08203125
"471" 5308.61962890625 33783.53515625 8873.1337890625
"472" 5187.7236328125 34226.30859375 8681.3662109375
"473" 4782.5146484375 33194.0859375 8976.5068359375
"474" 4872.7958984375 33594.53515625 8760.298828125
"475" 4853.4697265625 34068.00390625 8559.0908203125
"476" 4347.52685546875 33255.23046875 8771.4833984375
"477" 4455.83740234375 33711.875 8506.2978515625
"478" 4603.17236328125 34246.4609375 8275.3994140625
"479" 4028.99462890625 33433.41796875 8534.197265625
"480" 4113.46728515625 33788.23828125 8305.65625
"481" 4289.71435546875 34249.50390625 8056.6005859375
"482" 3775.1015625 33746.96875 8320.455078125
"483" 3934.03247070312 34097.796875 8105.01123046875
"484" 29696.125 15379.1552734375 13875.4775390625
"485" 29175.0625 14760.673828125 15010.0302734375
"486" 29048.611328125 14765.59375 16524.71875
"487" 25257.1328125 17388.26171875 16723.3046875
"488" 25343.900390625 18208.69921875 16519
"489" 25262.900390625 18939.599609375 16047.5
"490" 29193.38671875 14994.5595703125 13775.97265625
"491" 28396.615234375 14330.3671875 15943.404296875
"492" 25660.69921875 15001.099609375 16415.69921875
"493" 25199.16796875 16643.318359375 16617.857421875
"494" 24973.30078125 18003.900390625 16149.400390625
"495" 25067.90234375 19003.509765625 15730.060546875
"496" 28784.0234375 14243.9033203125 13828.482421875
"497" 28397.646484375 14135.8681640625 15258.365234375
"498" 27069.080078125 14102.8310546875 16499.380859375
"499" 25360.841796875 15604.427734375 16404.123046875
"500" 24994.69921875 16365.7998046875 16267.2998046875
"501" 24666.58203125 17697.505859375 15985.1787109375
"502" 28162.5 13561.2001953125 13621.2998046875
"503" 27724.177734375 13407.4921875 15383.4267578125
"504" 26533.5 13991.599609375 16274
"505" 25333.033203125 14835.6474609375 15913.5771484375
"506" 24671.763671875 15713.4091796875 15933.4501953125
"507" 23941.0546875 16586.376953125 15731.3974609375
"508" 27554.6171875 12637.0400390625 13854.0537109375
"509" 26931.271484375 12852.60546875 15714.732421875
"510" 25903.955078125 13828.5546875 15945.9765625
"511" 25078.486328125 14460.8408203125 15617.3486328125
"512" 24154.544921875 15406.8623046875 15742.205078125
"513" 23431.68359375 16262.529296875 15630.9091796875
"514" 26836.736328125 11816.0732421875 13976.94140625
"515" 26430.224609375 11999.466796875 15327.541015625
"516" 25368.69140625 12974.66796875 15641.9345703125
"517" 24601.203125 13745.728515625 15437.9658203125
"518" 23328.08203125 15012.599609375 15581.1455078125
"519" 26061.689453125 10915.3603515625 13975.267578125
"520" 25705.599609375 11241.0048828125 15384.7265625
"521" 24871.3125 12270.2939453125 15312.6572265625
"522" 24029.181640625 13007.82421875 15701.5986328125
"523" 23310.38671875 13990.2978515625 15752.4384765625
"524" 25344.83203125 10116.203125 14120.9091796875
"525" 25171.625 10346.8388671875 15267.5888671875
"526" 24500.548828125 10975.908203125 15522.142578125
"527" 23437.349609375 11876.62109375 15528.0224609375
"528" 22760.017578125 12708.96875 15769.5185546875
"529" 24523.736328125 9103.111328125 14240.384765625
"530" 24307.62890625 9173.806640625 15179.244140625
"531" 23785.283203125 9918.427734375 15387.0224609375
"532" 22811.544921875 10927.3564453125 15480.3955078125
"533" 22059.2578125 11699.3525390625 15670.5966796875
"534" 23609.61328125 7995.96240234375 13984.5498046875
"535" 23520.98828125 8189.77392578125 14994.4736328125
"536" 22737.51953125 9215.8876953125 15569.5859375
"537" 21930.962890625 10053.001953125 15312.7158203125
"538" 22888.943359375 7149.5693359375 13978.91796875
"539" 22560.5390625 7796.53759765625 15296.6083984375
"540" 21883.1328125 8379.6865234375 15507.22265625
"541" 20959.41015625 9121.1962890625 15233.49609375
"542" 22183.30859375 6336.83740234375 13916.994140625
"543" 21974.142578125 6729.39111328125 15134.4326171875
"544" 21270.1953125 7270.2568359375 15211.986328125
"545" 20568.171875 7756.658203125 15288.2177734375
"546" 21354.611328125 5447.93408203125 14034.697265625
"547" 21120.59765625 5939.484375 15001.677734375
"548" 20149.171875 6581.0126953125 15135.4248046875
"549" 20434.03515625 4543.23974609375 14034.375
"550" 20241.185546875 4890.51708984375 14983.470703125
"551" 19485.134765625 5465.48291015625 15194.80078125
"552" 19597.744140625 3717.23364257812 13643.962890625
"553" 19456.443359375 4155.3125 14709.7138671875
"554" 18746.53515625 4695.53466796875 15093.416015625
"555" 18863.40625 3137.92626953125 13472.2119140625
"556" 18592.724609375 3441.86303710938 14572.5615234375
"557" 17732.228515625 4076.38793945312 15435.5048828125
"558" 17664.6015625 2302.07373046875 13301.3125
"559" 17418.521484375 2769.05786132812 14444.0283203125
"560" 16809.935546875 3293.8974609375 15371.451171875
"561" 15886.1875 4002.68701171875 15830.0791015625
"562" 16667.74609375 1958.98669433594 13511.4189453125
"563" 16303.93359375 2230.24169921875 14354.580078125
"564" 15782.4248046875 2451.93823242188 15035.7529296875
"565" 14752.8193359375 3203.62036132812 16071.712890625
"566" 15439.654296875 1807.22875976562 14142.810546875
"567" 14584.486328125 2093.7841796875 14995.4462890625
"568" 3213.23291015625 19677.630859375 12827.3798828125
"569" 3160.09814453125 19413.794921875 15500.986328125
"570" 7888.02783203125 19906.08984375 16265.0341796875
"571" 8158.5400390625 20745.80078125 16103.099609375
"572" 8628.98828125 21567.2109375 15414
"573" 3446.60668945312 19657.080078125 12405.2138671875
"574" 3559.76708984375 18869.998046875 13617.60546875
"575" 3776.9189453125 18369.40625 15231.5361328125
"576" 7636.35693359375 19027.34765625 16136.640625
"577" 8300.9599609375 20134.80078125 15799.099609375
"578" 8941.9677734375 20850.96484375 15315.3642578125
"579" 3672.76147460938 18722.599609375 12628.80078125
"580" 3926.35278320312 18202.921875 14238.376953125
"581" 4841.55859375 17653.68359375 15903.853515625
"582" 7577.06494140625 18538.37109375 15748.751953125
"583" 8282.154296875 19442.52734375 15628.0029296875
"584" 9017.9931640625 20089.70703125 15272.89453125
"585" 4034.3544921875 17589.6484375 12986.083984375
"586" 4306.31982421875 17359.80078125 14509.7001953125
"587" 6034.0361328125 17256.951171875 15788.3759765625
"588" 7339.27978515625 18014.5 15557.400390625
"589" 8251.4501953125 18684.3671875 15422.2373046875
"590" 9423.3896484375 19193.033203125 15747.70703125
"591" 4412.57763671875 16509.46875 13370.7109375
"592" 5345.62548828125 16630.017578125 15442.2919921875
"593" 6771.29345703125 17088.1171875 15321.7412109375
"594" 7127.41845703125 17209.861328125 15123.0126953125
"595" 8266.837890625 17776.6328125 15303.6875
"596" 9353.3916015625 18095.0234375 15305.4677734375
"597" 4804.7841796875 15517.177734375 13382.0986328125
"598" 5397.6708984375 15437.5927734375 15019.791015625
"599" 6759.03955078125 15985.4765625 15055.935546875
"600" 7771.142578125 16291.875 15208.44140625
"601" 8664.4140625 16562.140625 15238.4697265625
"602" 5296.5693359375 14308.9140625 13703.3251953125
"603" 6198.6513671875 14372.5380859375 15109.18359375
"604" 6844.1630859375 14691.1572265625 14873.05078125
"605" 8090.46337890625 15010.4765625 15344.060546875
"606" 9052.7041015625 15306.8408203125 15107.759765625
"607" 5815.90576171875 12950.365234375 13921.2939453125
"608" 6850.51953125 13040.1279296875 15050.6767578125
"609" 7324.85009765625 13350.3359375 14678.1181640625
"610" 8419.1025390625 13584.6142578125 15228.2783203125
"611" 9358.1318359375 13866.78125 15121.9296875
"612" 6360.05712890625 11501.880859375 13949.3701171875
"613" 7289.52197265625 11791.4189453125 14765.76171875
"614" 8531.30859375 12275.59765625 14666.1943359375
"615" 9004.8095703125 12027.251953125 14972.6650390625
"616" 6825.65478515625 10154.3671875 13889.5263671875
"617" 7455.01416015625 10159.8984375 14846.357421875
"618" 8353.220703125 10229.984375 14564.66796875
"619" 9504.705078125 10410.0146484375 14579.6552734375
"620" 7276.724609375 8965.328125 13588.6943359375
"621" 7668.54345703125 8503.4775390625 14337.796875
"622" 8485.4072265625 8471.6103515625 14668.064453125
"623" 9381.875 8210.9345703125 14717.53515625
"624" 8088.9541015625 7172.6591796875 13579.1787109375
"625" 8552.22265625 6698.25244140625 14275.37890625
"626" 9560.75390625 6460.80078125 14885.0556640625
"627" 8837.23828125 5698.99951171875 13305.283203125
"628" 9249.4208984375 5515.763671875 14075.29296875
"629" 10361.064453125 5232.884765625 14949.001953125
"630" 11985.287109375 4977.27099609375 15500.478515625
"631" 9949.1953125 4340.392578125 13489.005859375
"632" 10637.9482421875 3908.8525390625 14331.7744140625
"633" 11436.31640625 3876.46069335938 15061.44140625
"634" 13020.9326171875 3594.21484375 15877.0048828125
"635" 10626.5234375 3279.78686523438 13234.15234375
"636" 11540.439453125 2982.630859375 14109.650390625
"637" 12439.7001953125 2830.21435546875 14915.3681640625
"638" 13315.95703125 2526.25415039062 15299.369140625
