"V1" "V2" "V3"
"1" 73.8620071411133 65.3082275390625 113.4580078125
"2" 73.6335 64.3673 115.2505
"3" 73.5566 63.4742 117.0773
"4" 73.707 62.6734 118.9411
"5" 73.6533 61.8989 120.8123
"6" 73.7303 60.9932 122.5623
"7" 73.8949 60.1173 124.3641
"8" 74.039 59.3684 126.251
"9" 74.031 58.7987 128.1992
"10" 73.7609 59.4401 128.7055
"11" 73.572 60.9187 127.3271
"12" 73.7396 62.5993 126.393
"13" 74.0993499755859 64.6044387817383 126.422241210938
"14" 53.3184204101562 62.5503463745117 150.601470947266
"15" 58.0453033447266 59.9066772460938 137.297164916992
"16" 69.4001388549805 85.9630737304688 105.878021240234
"17" 17.4527091979981 62.9360580444336 125.506790161133
"18" 17.6736 64.5455 120.7006
"19" 18.4094 67.4526 116.7079
"20" 19.0147 71.7597 114.1758
"21" 18.8735 76.7257 113.5963
"22" 18.7777 81.557 115.144
"23" 18.7 85.7136 118.0139
"24" 18.6293 89.3378 121.5684
"25" 18.2102 92.362 125.6163
"26" 18.1857 94.509 130.1672
"27" 18.0285 95.9216 135.0241
"28" 17.6269 96.1126 140.0516
"29" 17.2261 94.1059 144.5322
"30" 16.9396 89.8182 146.2429
"31" 16.6264 84.7779 145.8667
"32" 16.2628 79.9301 144.5695
"33" 16.1471710205078 75.7252044677734 141.837554931641
"34" 16.1471710205078 75.7252044677734 141.837554931641
"35" 17.4527091979981 62.9360580444336 125.506790161133
"36" 25.9678688049316 54.092414855957 61.7461242675781
"37" 24.5835 54.1819 65.654
"38" 23.0046 54.2716 69.4105
"39" 22.0406 53.1354 73.2289
"40" 20.846 54.1009 77.0385
"41" 19.3956 57.7416 78.5232
"42" 17.9869 60.2427 81.3606
"43" 17.0382 60.8272 85.4025
"44" 17.4147 60.5608 89.5414
"45" 17.2605 60.0637 93.5729
"46" 16.8739 59.4797 97.7047
"47" 16.5437 58.9827 101.8532
"48" 16.3199 58.0691 105.9345
"49" 16.1586 56.7871 109.9079
"50" 16.2388 54.8828 113.579
"51" 16.6449 52.472 116.9329
"52" 16.6549034118652 48.7880592346191 118.883010864258
"53" 73.1160888671875 103.412460327148 157.7158203125
"54" 74.3430023193359 92.8610687255859 13.0223846435547
"55" 69.8353 94.3637 12.8441
"56" 65.2306 93.3036 13.4886
"57" 61.2007 92.4094 15.4979
"58" 58.993 88.4077 16.8605
"59" 58.3975 84.1538 15.1837
"60" 58.4663 80.1264 12.4801
"61" 59.3121 76.0439 10.0584
"62" 62.0637 73.0073 7.9816
"63" 64.3621 69.9509 6.5572
"64" 68.8944 70.3007 6.0484
"65" 72.6898498535156 72.0631408691406 6.5595703125
"66" 50.2366065979004 58.2723999023438 133.710876464844
"67" 46.4842224121094 119.18968963623 45.8043365478516
"68" 42.0167007446289 120.067939758301 52.5366172790527
"69" 50.2024192810059 133.565719604492 73.8220291137695
"70" 78.5834884643555 106.286758422852 159.53955078125
"71" 75.7222 107.4328 159.175
"72" 73.5405 105.0051 158.698
"73" 72.553 101.873 156.8124
"74" 71.2542 98.8033 154.9836
"75" 69.1379 95.8328 153.934
"76" 66.853 93.0209 153.0861
"77" 65.6431 89.8132 151.5212
"78" 66.2773 86.1987 151.129
"79" 68.6171 83.3466 152.0112
"80" 71.7241 81.3822 152.8331
"81" 75.3601455688477 80.570915222168 153.634735107422
"82" 14.156795501709 101.307258605957 104.723526000977
"83" 25.9678688049316 54.092414855957 61.7461242675781
"84" 28.4981 50.6466 58.751
"85" 31.0494 47.6029 55.3996
"86" 33.1281 46.7562 50.8352
"87" 34.8806 47.3633 45.9263
"88" 36.758 47.5651 41.0502
"89" 38.8215 47.9142 36.2506
"90" 41.0771 48.1726 31.5429
"91" 43.6097 47.5004 27.0858
"92" 46.4104 47.4372 22.6611
"93" 49.4302 47.2442 18.3727
"94" 52.7573 46.8311 14.4867
"95" 56.7126 46.6819 11.1041
"96" 61.06 47.5475 8.3242
"97" 65.3023 49.5422 5.9978
"98" 70.1911697387695 50.2556686401367 5.23630380630493
"99" 37.0771789550781 45.092601776123 119.780555725098
"100" 33.5586 45.9498 118.5511
"101" 29.7603 47.2388 119.4041
"102" 25.8035 46.7529 118.7028
"103" 21.689 46.8115 119.1487
"104" 17.6516 46.9701 120.1815
"105" 15.8073 46.484 123.4887
"106" 17.1955 44.6592 126.581
"107" 21.1778 44.0367 127.6383
"108" 25.1606 44.5197 127.2538
"109" 28.8171 45.0294 125.7636
"110" 32.2395 44.5372 127.8148
"111" 36.0344 43.8606 126.8911
"112" 38.192 44.6973 123.5164
"113" 25.9678688049316 54.092414855957 61.7461242675781
"114" 52.0741195678711 96.9263916015625 26.2641868591309
"115" 32.588306427002 71.9037399291992 51.9173164367676
"116" 61.2741088867188 68.9395751953125 35.7026290893555
"117" 37.0346488952637 73.5838012695312 152.65934753418
"118" 52.0625 100.541381835938 27.4557876586914
"119" 51.1333 107.3607 30.856
"120" 50.0699 113.1604 35.8416
"121" 47.6213 117.516 41.6875
"122" 44.7013 120.3184 48.2809
"123" 39.8438 120.3693 54.3283
"124" 33.3548 120.0076 58.4776
"125" 28.9933 118.8752 64.6979
"126" 27.345 117.5577 72.0531
"127" 25.0076 113.065 77.2004
"128" 22.1769 106.1347 76.8713
"129" 21.0007 98.7666 74.8062
"130" 21.4941 91.5672 72.118
"131" 22.7696 85.0192 68.3392
"132" 24.9547 79.2413 63.8417
"133" 27.5427 74.0562 58.887
"134" 31.3544 71.533 52.6763
"135" 35.2175 70.5989 46.0078
"136" 39.4339 71.4653 39.5977
"137" 43.7632 74.3312 33.8386
"138" 48.1626 79.2401 29.9673
"139" 51.4076 85.4537 26.7422
"140" 52.2756 93.0151 25.501
"141" 73.4531555175781 135.135452270508 176.054702758789
"142" 63.9551442464193 105.683624267578 114.611043294271
"143" 69.1549987792969 82.1110458374023 39.5345115661621
"144" 70.9840469360352 71.4496765136719 73.1827545166016
"145" 66.6941986083984 83.2364807128906 91.1844024658203
"146" 42.0762901306152 120.180519104004 52.4664840698242
"147" 20.5035781860352 98.8646621704102 75.0581665039062
"148" 44.2549819946289 86.6135406494141 115.114570617676
"149" 48.4157447814941 94.7953796386719 130.143249511719
"150" 46.2413 94.3454 129.1411
"151" 44.49 93.8922 127.5593
"152" 43.6936 93.7436 125.3064
"153" 43.8818 93.4526 122.9618
"154" 43.1958 92.6207 120.9651
"155" 42.3527 91.5869 119.0192
"156" 42.4736 90.3398 116.963
"157" 42.883 88.3426 115.7476
"158" 44.2549819946289 86.6135406494141 115.114570617676
"159" 16.6549034118652 48.7880592346191 118.883010864258
"160" 48.4157447814941 94.7953796386719 130.143249511719
"161" 41.6170501708984 127.032020568848 160.065612792969
"162" 63.4496917724609 98.1287384033203 145.718444824219
"163" 57.2348976135254 100.542368570964 129.158396402995
"164" 25.4836578369141 94.6414947509766 175.73225402832
"165" 73.4531555175781 135.135452270508 176.054702758789
"166" 72.0669 135.5534 174.287
"167" 70.7021 135.8673 172.4982
"168" 69.0125 135.9442 170.9802
"169" 67.0052 135.6661 169.9371
"170" 64.9193 134.9737 169.4369
"171" 63.2179 133.8782 169.0473
"172" 61.2968 133.4691 168.397
"173" 59.222 133.0005 167.6016
"174" 57.3336 132.7927 166.3741
"175" 55.2024 132.3173 165.7291
"176" 53.2017 131.6982 164.8746
"177" 51.1475 131.0918 164.1221
"178" 49.2546 130.4806 163.0378
"179" 47.5234 129.8615 161.6921
"180" 45.5581 129.0975 160.8468
"181" 43.6534 128.0374 160.3175
"182" 41.6170501708984 127.032020568848 160.065612792969
"183" 50.5009231567383 66.1782455444336 76.0449447631836
"184" 52.8321 65.1311 73.4248
"185" 54.3594 65.1545 70.3161
"186" 55.75 65.2692 66.9521
"187" 57.9709 65.6178 64.0393
"188" 60.0658 65.7831 61.0252
"189" 62.6131 66.5698 58.515
"190" 65.5644 66.2579 56.7374
"191" 68.8538 66.2913 55.5088
"192" 72.4058303833008 66.9490509033203 56.1385459899902
"193" 50.5009231567383 66.1782455444336 76.0449447631836
"194" 74.3430023193359 92.8610687255859 13.0223846435547
"195" 72.4058303833008 66.9490509033203 56.1385459899902
"196" 74.0993499755859 64.6044387817383 126.422241210938
"197" 74.557487487793 79.8200225830078 84.999755859375
"198" 73.8620071411133 65.3082275390625 113.4580078125
"199" 69.4001388549805 85.9630737304688 105.878021240234
"200" 70.9029 83.4551 106.9272
"201" 72.2222 80.6227 107.8666
"202" 74.6675 78.7865 108.319
"203" 77.3359 80.4651 107.7989
"204" 79.0406 83.0752 106.6393
"205" 81.4307022094727 85.1164627075195 105.757789611816
"206" 78.5834884643555 106.286758422852 159.53955078125
"207" 78.4341278076172 116.511993408203 30.3652610778809
"208" 74.3430023193359 92.8610687255859 13.0223846435547
"209" 75.3821 102.2534 15.9498
"210" 76.2633 109.9166 22.4057
"211" 77.5522 116.3433 30.0839
"212" 77.7655 121.7862 38.5776
"213" 78.1969 126.4075 47.5718
"214" 78.5335 129.7166 57.0308
"215" 78.5386 132.898 66.5939
"216" 78.9412 135.203 76.3766
"217" 78.58 136.9193 86.3294
"218" 78.5847 137.9202 96.3902
"219" 77.9914 138.736 106.3621
"220" 78.1492 139.032 116.4795
"221" 77.9219 139.9273 126.5461
"222" 79.7636 140.2791 136.4463
"223" 79.6627 141.053 146.5171
"224" 79.7722 140.9637 156.6336
"225" 80.6297 138.8917 166.4037
"226" 79.8191528320312 135.164855957031 175.650588989258
"227" 75.8450164794922 75.3039016723633 160.493728637695
"228" 78.1420211791992 134.372451782227 72.4145736694336
"229" 79.8191528320312 135.164855957031 175.650588989258
"230" 72.6898498535156 72.0631408691406 6.5595703125
"231" 70.1911697387695 50.2556686401367 5.23630380630493
"232" 78.9859237670898 118.042816162109 209.268508911133
"233" 75.3601455688477 80.570915222168 153.634735107422
"234" 96.4274368286133 58.3386917114258 150.149536132812
"235" 90.6883163452148 57.0322952270508 137.924163818359
"236" 81.4307022094727 85.1164627075195 105.757789611816
"237" 128.721832275391 53.9221076965332 122.432411193848
"238" 128.9409 56.1066 116.9716
"239" 128.9828 60.4049 113.1078
"240" 129.6549 66.0719 112.1016
"241" 131.3188 71.5238 113.3353
"242" 132.6998 76.3728 116.3083
"243" 133.4664 80.2692 120.6752
"244" 133.7899 83.3167 125.7257
"245" 133.9755 85.94 130.9747
"246" 134.1973 86.9301 136.7022
"247" 134.2351 85.6441 142.4095
"248" 133.383 81.0587 145.4263
"249" 133.096 75.1934 145.052
"250" 132.5863 69.5365 143.4173
"251" 131.456756591797 65.4619827270508 139.316696166992
"252" 131.456756591797 65.4619827270508 139.316696166992
"253" 128.721832275391 53.9221076965332 122.432411193848
"254" 119.523811340332 40.8769607543945 75.3802947998047
"255" 122.4354 45.987 74.9481
"256" 126.3829 51.9324 78.66
"257" 127.7601 52.4 87.0968
"258" 128.253 51.1187 95.7344
"259" 128.8783 49.2441 104.3104
"260" 129.0723 46.3607 112.5419
"261" 127.718215942383 39.5768852233887 117.817329406738
"262" 83.0614852905273 103.343826293945 157.242095947266
"263" 74.3430023193359 92.8610687255859 13.0223846435547
"264" 79.0323 93.383 12.8965
"265" 83.3313 91.8074 13.3878
"266" 86.5554 89.0862 15.1585
"267" 88.3648 84.8851 16.0138
"268" 88.2457 80.5972 14.3064
"269" 87.1775 76.6344 11.9116
"270" 85.6279 72.9278 9.5769
"271" 82.4448 70.5815 7.9817
"272" 80.8056 67.8085 6.924
"273" 76.5941 69.4283 6.73
"274" 72.6898498535156 72.0631408691406 6.5595703125
"275" 100.256507873535 55.6844825744629 134.387741088867
"276" 108.217216491699 114.204002380371 44.6033248901367
"277" 112.153091430664 114.743804931641 49.2013473510742
"278" 102.760513305664 130.201431274414 75.1020355224609
"279" 78.5834884643555 106.286758422852 159.53955078125
"280" 81.7431 106.4989 159.3829
"281" 82.9839 104.0454 157.558
"282" 83.6643 100.7988 155.8763
"283" 84.4791 97.5209 154.3809
"284" 85.6215 94.0402 153.7721
"285" 87.086 90.6793 153.1423
"286" 87.3314 87.2072 151.9333
"287" 85.4653 84.1835 151.907
"288" 82.4496 82.2413 152.8751
"289" 79.0557 80.9625 153.3502
"290" 75.3601455688477 80.570915222168 153.634735107422
"291" 137.064361572266 91.9153594970703 103.572174072266
"292" 119.523811340332 40.8769607543945 75.3802947998047
"293" 116.6322 39.6412 69.1711
"294" 113.4472 39.5102 62.8837
"295" 111.0991 40.1275 56.2561
"296" 108.457 40.6405 49.7254
"297" 106.1428 41.8498 43.1932
"298" 103.0628 42.1858 36.9055
"299" 99.9817 42.9924 30.5983
"300" 96.1662 43.1153 24.6654
"301" 91.772 42.8223 19.2297
"302" 86.9077 43.4006 14.1895
"303" 81.7711 45.0264 9.6449
"304" 75.9269 47.2073 6.5434
"305" 70.1911697387695 50.2556686401367 5.23630380630493
"306" 108.337478637695 39.430305480957 117.069976806641
"307" 112.783 39.6107 117.7123
"308" 117.1752 39.6673 117.5745
"309" 121.4031 38.8106 117.3905
"310" 125.834 38.4939 118.0918
"311" 128.5072 37.7048 120.9344
"312" 127.3078 37.121 125.0294
"313" 123.0616 36.5539 126.1126
"314" 119.1192 36.5595 125.2523
"315" 115.1646 38.2961 124.7977
"316" 111.5021 39.2785 127.2028
"317" 107.5988 39.5072 125.1636
"318" 106.2678 39.8188 120.9093
"319" 119.523811340332 40.8769607543945 75.3802947998047
"320" 95.9515609741211 90.1726684570312 25.4378776550293
"321" 113.544212341309 65.2064208984375 51.8236503601074
"322" 83.9235763549805 67.4400482177734 36.1655654907227
"323" 109.966018676758 66.4048461914062 151.479644775391
"324" 96.9764556884766 94.1183242797852 25.7914352416992
"325" 99.508 101.2293 29.0686
"326" 102.7548 107.2121 33.6135
"327" 106.1218 112.1065 39.1044
"328" 109.8117 114.4423 46.0132
"329" 115.4059 114.822 51.9635
"330" 121.4787 113.7882 57.2209
"331" 125.7343 113.592 64.2402
"332" 127.3805 112.319 72.1357
"333" 129.1103 106.0669 76.539
"334" 130.2044 98.04 76.0476
"335" 130.0589 90.2312 73.6289
"336" 127.8814 83.0361 70.2648
"337" 125.5515 76.2246 66.3502
"338" 121.489 70.8921 61.5814
"339" 116.6314 66.9093 56.2806
"340" 112.5823 64.5259 49.5484
"341" 108.1326 65.1963 42.6772
"342" 103.6268 67.7455 36.2831
"343" 99.5901 71.8017 30.379
"344" 96.4787 77.9673 26.0748
"345" 95.6408 85.9919 25.3378
"346" 84.1792984008789 134.330871582031 176.147872924805
"347" 88.9149932861328 103.42847442627 114.510597229004
"348" 78.8580703735352 81.943733215332 39.3125762939453
"349" 77.0067367553711 70.3158111572266 73.6660690307617
"350" 83.1700820922852 81.1896820068359 91.7484817504883
"351" 112.007026672363 114.823883056641 49.0281028747559
"352" 127.603393554688 85.2670516967773 71.3365020751953
"353" 103.391662597656 76.831787109375 114.012588500977
"354" 103.513442993164 90.2097625732422 128.675582885742
"355" 106.7765 89.7112 128.6491
"356" 108.324 88.8548 126.3363
"357" 108.4685 88.9559 123.1658
"358" 108.482 87.822 120.7057
"359" 109.4615 86.2883 118.4967
"360" 108.8978 84.2163 116.0926
"361" 107.722 81.3928 114.9838
"362" 105.6981 79.1126 114.2658
"363" 103.391662597656 76.831787109375 114.012588500977
"364" 127.718215942383 39.5768852233887 117.817329406738
"365" 103.513442993164 90.2097625732422 128.675582885742
"366" 115.480163574219 121.296356201172 158.791427612305
"367" 90.6837692260742 95.9887237548828 143.767776489258
"368" 95.6344579060872 96.0986963907878 127.91960144043
"369" 126.298362731934 86.9647674560547 173.09814453125
"370" 84.1792984008789 134.330871582031 176.147872924805
"371" 84.7567 135.1494 173.7622
"372" 85.7152 136.1053 171.5898
"373" 87.5752 136.0465 169.8491
"374" 89.8799 135.7295 168.9042
"375" 91.6296 135.5893 167.241
"376" 93.8066 134.83 166.4291
"377" 96.1031 133.6872 166.3602
"378" 98.4259 132.7916 165.6818
"379" 100.6626 131.8091 164.9981
"380" 102.8434 130.7348 164.1516
"381" 104.7898 129.6718 163.0519
"382" 106.8368 128.6294 161.9176
"383" 108.7577 127.542 160.6705
"384" 110.6218 126.2787 159.4603
"385" 112.3587 124.9801 158.0887
"386" 114.1689 123.4053 158.1036
"387" 115.480163574219 121.296356201172 158.791427612305
"388" 95.7471313476562 62.6847076416016 75.4759292602539
"389" 93.2978 62.4135 72.7245
"390" 91.4146 62.1992 69.6728
"391" 89.5991 62.8788 66.4735
"392" 87.5275 63.3133 63.4104
"393" 85.0769 63.9751 60.7081
"394" 82.6685 64.5141 58.2799
"395" 79.4472 65.088 56.6312
"396" 75.8651 65.716 55.7891
"397" 72.4058303833008 66.9490509033203 56.1385459899902
"398" 95.7471313476562 62.6847076416016 75.4759292602539
"399" 36.798168182373 44.7609100341797 121.4453125
"400" 37.0746078491211 44.4599533081055 123.377166748047
"401" 35.2685356140137 44.7578392028809 120.289428710938
"402" 35.3067970275879 44.872371673584 122.171073913574
"403" 35.5627746582031 44.3443832397461 123.840576171875
"404" 35.0915832519531 43.6160316467285 125.505210876465
"405" 33.3508186340332 45.1541633605957 119.773086547852
"406" 33.6668663024902 45.3588104248047 121.494415283203
"407" 33.8092155456543 44.8485870361328 123.35474395752
"408" 33.6898803710938 44.0063285827637 124.628776550293
"409" 33.2428894042969 43.700496673584 126.204261779785
"410" 31.6368942260742 45.8754196166992 120.300094604492
"411" 31.9871730804443 45.9443740844727 121.732063293457
"412" 32.0209846496582 44.9308166503906 123.993865966797
"413" 31.7429504394531 44.1673469543457 124.951293945312
"414" 29.9697856903076 46.4064979553223 119.884696960449
"415" 30.0733509063721 46.3168563842773 120.773490905762
"416" 29.7678241729736 45.9564514160156 123.352912902832
"417" 29.8843402862549 44.9318771362305 124.620262145996
"418" 28.2902412414551 46.4825477600098 121.066543579102
"419" 27.9524059295654 46.190486907959 122.841293334961
"420" 28.0111331939697 45.0651550292969 124.465538024902
"421" 26.6750812530518 46.3932838439941 120.633010864258
"422" 26.5581283569336 45.7596817016602 123.579948425293
"423" 25.925220489502 44.6343269348145 124.979682922363
"424" 24.6929798126221 46.0208511352539 120.859985351562
"425" 24.4712162017822 45.267219543457 123.716751098633
"426" 24.0685138702393 44.4599380493164 124.901809692383
"427" 23.507251739502 45.7919540405273 120.028358459473
"428" 22.957368850708 45.5716018676758 121.934371948242
"429" 22.6645641326904 44.989574432373 124.075912475586
"430" 21.6083984375 44.3488540649414 125.821304321289
"431" 21.5400638580322 45.7392387390137 120.514549255371
"432" 21.0768241882324 45.7292137145996 121.979164123535
"433" 20.739990234375 45.3373489379883 124.015205383301
"434" 19.3829822540283 44.7602577209473 125.610321044922
"435" 19.4254379272461 45.9964981079102 121.049018859863
"436" 18.1874904632568 45.7111167907715 123.630218505859
"437" 17.6448230743408 46.1663284301758 122.030792236328
"438" 108.373023986816 38.9228210449219 117.913879394531
"439" 108.011299133301 39.0292778015137 119.788719177246
"440" 108.015045166016 38.7108917236328 122.18977355957
"441" 109.680541992188 38.9103927612305 118.958656311035
"442" 109.447418212891 38.8440399169922 120.507720947266
"443" 108.995643615723 38.1286430358887 122.399505615234
"444" 109.156791687012 39.1015510559082 124.225486755371
"445" 111.018257141113 38.9295196533203 118.67407989502
"446" 110.82551574707 38.8674812316895 120.676597595215
"447" 110.682579040527 38.1632843017578 122.240180969238
"448" 110.378120422363 37.4074172973633 123.688438415527
"449" 110.622581481934 38.3033294677734 125.526481628418
"450" 112.656997680664 39.1520004272461 118.904998779297
"451" 112.350494384766 38.7383499145508 121.611297607422
"452" 112.181907653809 37.8755378723145 122.962341308594
"453" 112.065200805664 37.9182243347168 124.909866333008
"454" 114.356513977051 39.420051574707 118.955474853516
"455" 113.810455322266 39.2597503662109 120.781867980957
"456" 114.045303344727 38.5056800842285 122.245391845703
"457" 113.645088195801 37.6749992370605 123.555381774902
"458" 116.090278625488 39.4006805419922 118.876998901367
"459" 116.41576385498 39.1447982788086 120.018089294434
"460" 115.546012878418 38.5744438171387 122.156021118164
"461" 115.029907226562 37.9030609130859 123.295715332031
"462" 117.594818115234 38.9954032897949 118.993103027344
"463" 117.414886474609 38.8829193115234 120.926338195801
"464" 116.925765991211 38.2173881530762 122.458038330078
"465" 116.433059692383 37.6409492492676 123.675880432129
"466" 119.665794372559 38.3181762695312 119.167221069336
"467" 118.734046936035 38.612434387207 120.447372436523
"468" 118.515281677246 38.0119247436523 122.270545959473
"469" 118.737113952637 37.294994354248 123.307388305664
"470" 120.40941619873 37.8968734741211 119.213668823242
"471" 120.289184570312 37.9110260009766 121.08585357666
"472" 120.310852050781 36.789680480957 123.264801025391
"473" 122.590614318848 37.8675117492676 118.692481994629
"474" 121.983627319336 37.5214614868164 120.812049865723
"475" 121.974853515625 36.8026428222656 123.141616821289
"476" 124.305541992188 37.5635299682617 119.355361938477
"477" 123.590454101562 37.2950477600098 121.536933898926
"478" 123.292144775391 36.496280670166 124.294090270996
"479" 125.994934082031 37.4039001464844 120.366714477539
"480" 125.930671691895 37.0720558166504 122.268188476562
"481" 125.012878417969 36.3015403747559 124.514205932617
"482" 127.476028442383 37.1718139648438 121.723106384277
"483" 126.69140625 36.5763931274414 123.530075073242
"484" 29.8506679534912 55.039306640625 62.6246109008789
"485" 30.4969825744629 58.1539306640625 62.4315567016602
"486" 31.9004993438721 63.7947006225586 62.7252998352051
"487" 43.45751953125 70.8105545043945 66.5045013427734
"488" 47.4177169799805 68.8009567260742 71.2909393310547
"489" 48.1305999755859 67.7640991210938 73.5053024291992
"490" 31.4424800872803 54.9532203674316 58.4556732177734
"491" 32.8042259216309 61.2320327758789 57.4943313598633
"492" 34.7947006225586 65.4337005615234 56.8245010375977
"493" 43.6991004943848 70.6763000488281 60.6912002563477
"494" 49.6711006164551 67.7851028442383 66.5280990600586
"495" 51.2050514221191 65.8934097290039 69.9153366088867
"496" 32.3519859313965 53.3614082336426 54.992847442627
"497" 33.2682304382324 58.593563079834 54.6285552978516
"498" 35.2991905212402 64.7158737182617 53.9867324829102
"499" 44.8396987915039 70.0887985229492 56.5635986328125
"500" 49.6952018737793 68.8184967041016 62.5061988830566
"501" 54.0050010681152 66.2592010498047 62.4361991882324
"502" 33.5485725402832 51.5455665588379 51.0526885986328
"503" 34.5877952575684 58.202033996582 50.398609161377
"504" 36.6058006286621 63.0037994384766 48.7095985412598
"505" 50.6741981506348 58.0435981750488 50.0364990234375
"506" 51.0553131103516 58.1403732299805 50.2740440368652
"507" 58.4066009521484 66.3449020385742 56.4809989929199
"508" 35.7560997009277 52.1962127685547 45.6416282653809
"509" 36.108081817627 58.8980522155762 46.3864555358887
"510" 50.6741981506348 58.0435981750488 50.0364990234375
"511" 50.8476982116699 58.3166007995605 50.0275993347168
"512" 51.1657981872559 58.3373985290527 50.0542984008789
"513" 60.9612007141113 66.1474990844727 53.6299018859863
"514" 37.6257019042969 52.6088981628418 41.5811004638672
"515" 38.2383041381836 58.1437683105469 41.3092460632324
"516" 40.9966011047363 64.8414001464844 40.4474983215332
"517" 53.9842987060547 57.3908996582031 43.8949012756348
"518" 59.9016494750977 69.5306625366211 47.1810111999512
"519" 38.9110984802246 53.2163009643555 38.3061981201172
"520" 39.8418960571289 59.8662986755371 38.767578125
"521" 50.4887008666992 67.8775024414062 42.6688995361328
"522" 53.9842987060547 57.3908996582031 43.8949012756348
"523" 58.3009147644043 69.7586898803711 44.0130653381348
"524" 40.2155647277832 53.8071937561035 35.806079864502
"525" 40.8975982666016 59.5312004089355 36.3656005859375
"526" 43.43115234375 64.876823425293 36.2732849121094
"527" 52.6994018554688 68.3573989868164 40.0796012878418
"528" 60.6298446655273 69.6299896240234 42.5917282104492
"529" 41.9908142089844 55.1399002075195 32.784797668457
"530" 42.5176811218262 60.6588516235352 33.9930229187012
"531" 52.3684005737305 67.6451034545898 37.9818992614746
"532" 54.0964012145996 69.1760025024414 41.8839988708496
"533" 63.7407722473145 68.9594573974609 45.1404838562012
"534" 43.0158386230469 53.383716583252 30.8258056640625
"535" 42.9749984741211 61.2793998718262 33.6282997131348
"536" 51.9746017456055 68.2406005859375 40.6360015869141
"537" 62.3743019104004 69.0914154052734 46.155387878418
"538" 43.436653137207 53.9320983886719 30.383373260498
"539" 53.8964996337891 65.8938980102539 35.307201385498
"540" 55.706600189209 69.3266983032227 40.6883010864258
"541" 65.1066284179688 66.1965560913086 50.8060913085938
"542" 43.4468002319336 53.9628982543945 30.3729000091553
"543" 55.6649017333984 55.3666000366211 37.0719985961914
"544" 60.0064010620117 58.1853981018066 43.0531005859375
"545" 63.6235046386719 68.13330078125 49.5085220336914
"546" 44.9961891174316 53.6866569519043 27.3366947174072
"547" 55.6649017333984 55.3666000366211 37.0719985961914
"548" 60.0064010620117 58.1853981018066 43.0531005859375
"549" 56.7799987792969 53.5724983215332 31.0287990570068
"550" 55.3869018554688 55.1533012390137 34.4706993103027
"551" 60.0064010620117 58.1853981018066 43.0531005859375
"552" 47.9897994995117 53.6198997497559 22.9603996276855
"553" 55.3869018554688 55.1533012390137 34.4706993103027
"554" 60.0064010620117 58.1853981018066 43.0531005859375
"555" 58.9375991821289 51.9062995910645 26.7182006835938
"556" 59.9408988952637 62.2444000244141 28.3936996459961
"557" 64.3787002563477 69.0436019897461 38.8624992370605
"558" 61.9210014343262 47.6936988830566 21.0384998321533
"559" 62.6083908081055 60.1409759521484 26.1373996734619
"560" 63.2072982788086 66.3967971801758 31.2127990722656
"561" 68.7078018188477 68.8246994018555 43.1175994873047
"562" 58.435188293457 53.4399642944336 11.8944902420044
"563" 64.8316040039062 60.8697166442871 21.5435810089111
"564" 67.0183868408203 62.4925193786621 24.8584651947021
"565" 69.842399597168 69.3968963623047 30.659200668335
"566" 65.3775024414062 61.8170013427734 18.9330997467041
"567" 70.2142333984375 62.5402069091797 21.4331665039062
"568" 116.323768615723 48.4107704162598 69.181022644043
"569" 115.216430664062 55.5814552307129 66.0798721313477
"570" 113.26895904541 60.5703125 63.7108383178711
"571" 101.141998291016 65.5366973876953 67.9068984985352
"572" 97.7210998535156 63.5623016357422 73.6638031005859
"573" 114.986694335938 45.3102569580078 66.645263671875
"574" 113.900703430176 51.5979499816895 63.0066757202148
"575" 112.435684204102 56.799674987793 59.7925987243652
"576" 111.431243896484 60.9010925292969 60.1195335388184
"577" 94.8890991210938 63.1087989807129 66.4033966064453
"578" 94.5986022949219 63.1115989685059 66.1209030151367
"579" 112.653472900391 45.9904251098633 60.472843170166
"580" 111.528190612793 52.4340209960938 56.7011528015137
"581" 109.848457336426 58.2157936096191 54.2160720825195
"582" 100.355003356934 65.6641998291016 55.8148994445801
"583" 92.1070022583008 63.3278007507324 61.8358001708984
"584" 91.3923034667969 63.4910011291504 61.4973983764648
"585" 110.232139587402 47.1307067871094 53.5599594116211
"586" 109.22843170166 53.1750640869141 50.3907356262207
"587" 107.367370605469 59.8418960571289 48.9802284240723
"588" 98.840202331543 65.143798828125 51.5870018005371
"589" 89.1717987060547 63.4859008789062 58.0395011901855
"590" 86.5845718383789 64.8591003417969 55.1979942321777
"591" 105.025001525879 45.8622016906738 47.9824981689453
"592" 106.914001464844 55.8238983154297 45.4235000610352
"593" 97.3684997558594 65.2175979614258 47.3853988647461
"594" 96.8852005004883 65.2151031494141 47.5167999267578
"595" 89.4066009521484 66.834602355957 50.3642997741699
"596" 82.1922912597656 64.9843139648438 51.3230934143066
"597" 105.824996948242 48.725399017334 42.9290008544922
"598" 104.607002258301 56.432201385498 40.4804992675781
"599" 94.7525024414062 64.8550033569336 42.2422981262207
"600" 93.5117034912109 64.4133987426758 40.3037986755371
"601" 86.8677978515625 67.4122009277344 44.4109001159668
"602" 103.515975952148 49.8184852600098 38.2158317565918
"603" 102.18350982666 57.7265281677246 36.1149864196777
"604" 93.5644989013672 64.328369140625 39.5796852111816
"605" 91.1565017700195 65.810302734375 40.3629989624023
"606" 84.1691970825195 67.3899993896484 44.2463989257812
"607" 102.052001953125 51.0421981811523 35.4090003967285
"608" 100.675231933594 58.4946708679199 34.3959350585938
"609" 92.9769973754883 64.2938003540039 39.2812004089355
"610" 86.790901184082 67.2839965820312 43.2015991210938
"611" 79.9880981445312 66.8376007080078 47.2757987976074
"612" 100.341003417969 53.7141990661621 32.3233985900879
"613" 90.883903503418 63.2877998352051 35.0348014831543
"614" 86.790901184082 67.2839965820312 43.2015991210938
"615" 80.4610061645508 66.9610595703125 47.611213684082
"616" 99.1277008056641 52.8267593383789 30.2143173217773
"617" 90.883903503418 63.2877998352051 35.0348014831543
"618" 87.0427551269531 67.3176956176758 41.7619552612305
"619" 80.3352813720703 65.4559097290039 49.9629325866699
"620" 99.2079010009766 50.3054008483887 30.3351001739502
"621" 89.9141998291016 49.1994018554688 35.7626991271973
"622" 90.7389755249023 64.1604461669922 36.0780715942383
"623" 84.0587997436523 67.4232025146484 45.2092018127441
"624" 96.4964981079102 50.4191017150879 26.17919921875
"625" 87.9896011352539 62.1323013305664 31.3458995819092
"626" 84.8735961914062 67.0727996826172 38.2784004211426
"627" 94.1128692626953 50.2615356445312 23.0819225311279
"628" 85.6827011108398 61.003101348877 29.2707004547119
"629" 82.5272979736328 66.921501159668 35.1716995239258
"630" 76.7848968505859 68.0829010009766 43.3591003417969
"631" 82.1617965698242 50.8227996826172 28.9288997650146
"632" 80.8239974975586 58.5077018737793 26.3369998931885
"633" 79.1862030029297 63.1441993713379 28.3321990966797
"634" 76.5648345947266 68.5939865112305 32.589038848877
"635" 85.6040725708008 49.6478958129883 13.7777156829834
"636" 78.260498046875 59.3306007385254 22.8878993988037
"637" 75.3381652832031 61.1326065063477 23.9598293304443
"638" 73.6758499145508 64.338996887207 24.0573062896729
