"V1" "V2" "V3"
"1" 26.9064788818359 25.6603698730469 46.6110954284668
"2" 27.2029 25.3626 49.4538
"3" 27.384 24.8467 52.2765
"4" 27.2963 24.3909 55.1195
"5" 27.5108 23.6441 57.8937
"6" 27.6386 22.7186 60.6195
"7" 27.7533 21.6904 63.309
"8" 27.8348 20.4609 65.9106
"9" 27.8774 19.0291 68.4087
"10" 27.9485 17.5951 70.8998
"11" 28.0774 16.2578 73.4453
"12" 28.2689 15.074 76.0531
"13" 28.5428962707519 14.3038864135742 78.813232421875
"14" 19.6262245178223 13.7333488464356 92.9928512573242
"15" 24.8148517608643 16.6671695709229 78.0612487792969
"16" 23.2504024505615 25.3954582214356 65.3786773681641
"17" 3.08398056030273 17.3505859375 78.4594955444336
"18" 2.4852 17.9885 76.7167
"19" 2.9607 19.5054 75.4624
"20" 3.2881 21.3925 74.7077
"21" 3.8306 23.2626 74.0509
"22" 4.2746 25.2345 73.7166
"23" 4.8519 27.206 73.6977
"24" 5.2376 28.9965 74.2529
"25" 5.2559 29.6647 76.1195
"26" 5.1927 29.6776 78.1771
"27" 5.0137 29.6731 80.2285
"28" 4.8547 29.3432 82.2524
"29" 4.7395 28.8087 84.2348
"30" 4.3276 27.9264 85.974
"31" 4.1534 26.0642 86.6772
"32" 4.4045 24.0374 86.8645
"33" 5.03401947021484 22.1069488525391 86.5691146850586
"34" 5.03401947021484 22.1069488525391 86.5691146850586
"35" 3.08398056030273 17.3505859375 78.4594955444336
"36" 11.0292177200317 24.585657119751 50.8961944580078
"37" 10.6343 26.1974 49.4067
"38" 10.7747 27.8165 47.8493
"39" 9.4572 29.3713 48.5402
"40" 8.4835 29.8673 50.4679
"41" 7.918 29.9702 52.6528
"42" 7.559 29.919 54.8832
"43" 7.2559 29.8254 57.1229
"44" 7.0715 29.7294 59.3747
"45" 6.9052 29.5171 61.6182
"46" 6.4992 29.3621 63.8385
"47" 6.0494 29.0601 66.0308
"48" 5.3435 28.6062 68.1266
"49" 4.5862 27.7388 70.0659
"50" 3.9297 26.2259 71.5659
"51" 3.2893 24.3542 72.6571
"52" 2.90190124511719 22.2985439300537 73.4839324951172
"53" 28.8333168029785 21.8391952514648 95.4720306396484
"54" 23.9697856903076 32.4941101074219 13.5322914123535
"55" 22.9528 32.5205 14.2594
"56" 21.8944 32.6078 14.8975
"57" 20.69 32.3353 15.0155
"58" 19.5291 31.934 14.8306
"59" 19.1605 30.8797 14.3338
"60" 19.2839 29.7514 13.8529
"61" 19.6497 28.7903 13.1646
"62" 20.1679 27.7318 12.7501
"63" 20.8959 26.7709 12.4523
"64" 21.8832 26.3026 11.9307
"65" 23.1071968078613 26.1005058288574 11.7738647460938
"66" 14.4548454284668 18.3123893737793 81.2240295410156
"67" 21.7287864685059 35.8478507995605 22.5886993408203
"68" 18.4324855804443 36.4651679992676 27.7357234954834
"69" 20.4355564117432 35.638542175293 37.5922698974609
"70" 31.0207901000977 24.5847282409668 96.0293960571289
"71" 30.0512 23.4971 96.2792
"72" 29.5552 22.1755 96.4341
"73" 29.1179 21.1306 95.5031
"74" 28.5084 20.1314 94.5791
"75" 27.7575 18.8842 94.5222
"76" 26.847 17.7007 94.5309
"77" 26.1109 16.8513 93.6608
"78" 26.2378 15.5107 93.288
"79" 26.9136 14.2175 93.4604
"80" 28.2745 13.6413 93.5337
"81" 29.6548347473144 13.0349912643433 93.4774703979492
"82" 18.5340843200684 34.9810218811035 43.3225631713867
"83" 11.0292177200317 24.585657119751 50.8961944580078
"84" 11.0261 24.6067 48.143
"85" 10.9684 24.3154 45.4111
"86" 11.1439 23.9777 42.681
"87" 11.4677 23.8864 39.9531
"88" 11.8089 23.6194 37.2342
"89" 12.1311 23.2496 34.5242
"90" 12.5825 23.1336 31.8082
"91" 13.0372 22.8994 29.0994
"92" 13.4215 22.6813 26.3836
"93" 14.1642 22.4574 23.7401
"94" 15.1453 22.4544 21.1753
"95" 16.4692 22.3357 18.7808
"96" 18.2088 22.4767 16.6675
"97" 20.2885 22.476 14.8699
"98" 22.8632583618164 22.4474315643311 13.9459543228149
"99" 10.4462509155273 14.0472040176392 73.1294097900391
"100" 9.7889 15.7778 72.534
"101" 8.6846 16.8044 72.6874
"102" 7.1043 17.3981 73.5063
"103" 5.2869 17.8 73.3849
"104" 3.3735 17.6447 73.5006
"105" 1.7955 17.0423 74.1657
"106" 1.5483 15.9056 75.602
"107" 2.3988 14.9872 77.0902
"108" 4.0923 15.2156 77.8662
"109" 5.7609 14.8411 77.6305
"110" 7.2186 13.7702 76.9772
"111" 8.7775 12.9251 76.2209
"112" 10.0051 13.1339 74.7796
"113" 11.0292177200317 24.585657119751 50.8961944580078
"114" 18.9945774078369 34.347354888916 17.3452968597412
"115" 12.9764785766602 32.068790435791 23.0028381347656
"116" 19.7008495330811 26.551944732666 30.1972465515137
"117" 13.4652805328369 21.6369247436523 96.8202819824219
"118" 21.566535949707 35.936840057373 24.1605453491211
"119" 20.7486 36.4151 25.3133
"120" 19.7045 36.5832 26.3689
"121" 18.5267 36.5419 27.2909
"122" 17.2172 36.3029 27.9866
"123" 15.8207 35.781 28.1502
"124" 14.4227 35.2542 28.3048
"125" 13.3926 34.5414 27.5754
"126" 12.8182 33.7861 26.4432
"127" 12.6239 33.0239 25.1654
"128" 12.7136 32.4557 23.7879
"129" 13.0159 32.0057 22.3873
"130" 13.4666 31.8303 20.9915
"131" 14.0703 31.8576 19.6167
"132" 14.9038 31.8596 18.3782
"133" 15.991 32.0135 17.3638
"134" 17.2525 32.513 16.8075
"135" 18.4726 33.3348 17.0655
"136" 19.6678 33.9582 17.6448
"137" 20.6207 34.6382 18.5791
"138" 21.2357 35.1907 19.833
"139" 21.7023 35.6088 21.1777
"140" 21.6344 35.7728 22.6691
"141" 31.4213066101074 33.2227973937988 96.3379058837891
"142" 23.9856605529785 30.9732818603516 74.9551010131836
"143" 24.431432723999 27.9853324890137 31.3126640319824
"144" 26.1552200317383 26.5570640563965 40.7000160217285
"145" 22.5467720031738 31.1556606292725 39.1793212890625
"146" 18.1262512207031 36.583194732666 27.9912719726562
"147" 15.4587230682373 35.709831237793 28.2323474884033
"148" 16.8555240631104 22.0373916625977 70.7022399902344
"149" 15.8579540252686 26.3981018066406 79.3956451416016
"150" 15.073 27.0495 76.6214
"151" 13.8342 28.6483 74.578
"152" 11.4233 29.8349 73.6918
"153" 11.7556 30.3698 70.8636
"154" 11.5997 29.6425 68.3226
"155" 11.5974 27.2028 68.9286
"156" 13.2157 25.982 70.9357
"157" 15.374 24.2063 71.8676
"158" 16.8555240631104 22.0373916625977 70.7022399902344
"159" 2.90190124511719 22.2985439300537 73.4839324951172
"160" 15.8579540252686 26.3981018066406 79.3956451416016
"161" 6.33581733703613 31.150016784668 75.254768371582
"162" 26.0014877319336 22.5372009277344 88.9307708740234
"163" 21.5530948638916 29.3217639923096 77.8061141967773
"164" 18.0087623596191 22.6941986083984 114.666046142578
"165" 31.4213066101074 33.2227973937988 96.3379058837891
"166" 30.1164 34.558 91.9715
"167" 29.205 35.2718 87.2393
"168" 28.2532 35.6685 82.4637
"169" 27.3134 35.977 77.6922
"170" 25.0574 35.9589 73.3659
"171" 23.3693 35.6752 68.8045
"172" 21.966 35.6089 64.1272
"173" 20.6473 35.4762 59.4324
"174" 19.1104 35.1108 54.8485
"175" 17.1076 34.3143 50.4651
"176" 13.5261 33.4036 47.8064
"177" 10.8166 32.7213 51.6812
"178" 9.5163 32.4381 56.3463
"179" 8.7972 31.9512 61.1468
"180" 7.5278 31.3407 65.8139
"181" 6.0637 30.8306 70.4111
"182" 6.33581733703613 31.150016784668 75.254768371582
"183" 11.9925403594971 24.5249080657959 50.6347389221191
"184" 13.0693 25.0804 46.5045
"185" 13.6465 25.0671 42.2471
"186" 13.9982 25.1264 37.9561
"187" 14.7266 25.1549 33.7245
"188" 15.6782 24.7852 29.5461
"189" 16.6439 24.3381 25.3755
"190" 18.3975 23.8323 21.4859
"191" 20.1473 23.9614 17.5897
"192" 23.2541484832764 24.379768371582 14.7694940567017
"193" 11.9925403594971 24.5249080657959 50.6347389221191
"194" 23.9697856903076 32.4941101074219 13.5322914123535
"195" 23.2541484832764 24.379768371582 14.7694940567017
"196" 28.5428962707519 14.3038864135742 78.813232421875
"197" 26.3844051361084 26.9581871032715 44.7788276672363
"198" 26.9064788818359 25.6603698730469 46.6110954284668
"199" 23.2504024505615 25.3954582214356 65.3786773681641
"200" 24.5254 24.2564 66.4225
"201" 26.2903 23.5095 67.0377
"202" 28.2445 22.9957 67.211
"203" 30.1214 23.2807 66.5401
"204" 31.5149 23.8218 65.2085
"205" 32.5803489685059 24.5148277282715 63.620433807373
"206" 31.0207901000977 24.5847282409668 96.0293960571289
"207" 24.9335174560547 35.9115409851074 23.1278877258301
"208" 23.9697856903076 32.4941101074219 13.5322914123535
"209" 24.5074 34.511 17.679
"210" 25.1066 35.7397 22.1399
"211" 25.5966 36.6322 26.6967
"212" 26.2513 36.8806 31.2913
"213" 26.5171 36.5526 35.9332
"214" 26.9823 36.1993 40.5692
"215" 27.4 35.6235 45.1881
"216" 27.7261 35.6202 49.846
"217" 28.2261 35.8004 54.4858
"218" 28.3528 35.7582 59.1412
"219" 28.9102 35.8407 63.7797
"220" 29.345 35.8052 68.4291
"221" 29.7711 35.6655 73.0777
"222" 30.2095 35.5258 77.7284
"223" 30.8972 35.2734 82.342
"224" 31.4919 34.8859 86.9606
"225" 31.9426 34.3124 91.5729
"226" 32.3171157836914 33.6894912719727 96.188346862793
"227" 29.8290557861328 7.3376054763794 98.4864807128906
"228" 27.4084568023682 35.7562675476074 43.9641265869141
"229" 32.3171157836914 33.6894912719727 96.188346862793
"230" 23.1071968078613 26.1005058288574 11.7738647460938
"231" 22.8632583618164 22.4474315643311 13.9459543228149
"232" 33.9457855224609 21.9389209747314 119.235343933105
"233" 29.6548347473144 13.0349912643433 93.4774703979492
"234" 39.9028167724609 12.2174949645996 90.4873962402344
"235" 32.1514205932617 15.5296878814697 77.6526260375977
"236" 32.5803489685059 24.5148277282715 63.620433807373
"237" 53.4136810302734 12.2609519958496 74.7866821289062
"238" 53.872 12.9945 72.4319
"239" 53.9816 14.7272 70.7515
"240" 53.7128 17.0393 69.7744
"241" 53.2782 19.4242 69.078
"242" 52.9962 21.8493 68.4484
"243" 53.0091 24.204 68.7282
"244" 53.4161 25.0974 70.9689
"245" 54.0093 25.2628 73.4185
"246" 54.5622 25.3048 75.8811
"247" 55.055 24.8811 78.3154
"248" 55.6597 23.9335 80.5333
"249" 55.9479 21.939 81.8231
"250" 55.082 19.585 81.7398
"251" 53.5547714233398 17.5854778289795 81.9677505493164
"252" 53.5547714233398 17.5854778289795 81.9677505493164
"253" 53.4136810302734 12.2609519958496 74.7866821289062
"254" 41.957576751709 22.18408203125 47.997745513916
"255" 42.5685 26.0919 45.4904
"256" 45.8128 27.1259 48.2679
"257" 47.6141 26.5876 52.7883
"258" 48.8896 26.0333 57.505
"259" 50.939 24.8732 61.8068
"260" 52.7918 22.7892 65.8408
"261" 53.6489791870117 18.6880016326904 68.3572158813477
"262" 32.7779769897461 21.1254959106445 95.5007247924805
"263" 23.9697856903076 32.4941101074219 13.5322914123535
"264" 25.0312 32.3246 13.97
"265" 26.1432 32.221 14.2621
"266" 27.1822 31.8411 14.1001
"267" 27.7009 30.8904 13.7102
"268" 27.6636 29.8492 13.2459
"269" 27.1763 28.8982 12.8193
"270" 26.5906 27.9808 12.4322
"271" 26.1043 26.9448 12.3594
"272" 25.2695 26.2686 12.1533
"273" 24.263 26.1874 11.7151
"274" 23.1071968078613 26.1005058288574 11.7738647460938
"275" 43.2024383544922 15.6117544174194 77.6701507568359
"276" 27.6121139526367 35.6492919921875 22.0251426696777
"277" 32.3022232055664 35.7900161743164 26.3010082244873
"278" 31.9333267211914 35.2457275390625 36.6844215393066
"279" 31.0207901000977 24.5847282409668 96.0293960571289
"280" 31.8559 23.3309 95.9344
"281" 32.3184 22.0069 96.3734
"282" 32.6354 20.8749 95.3866
"283" 32.6877 19.8648 94.2048
"284" 33.0763 18.5492 93.6405
"285" 33.6208 17.1592 93.6628
"286" 33.9789 15.959 92.9421
"287" 33.3767 14.6348 92.5486
"288" 32.5786 13.3218 92.7779
"289" 31.2102 12.8818 93.3028
"290" 29.6548347473144 13.0349912643433 93.4774703979492
"291" 35.0100326538086 33.9914970397949 40.5034866333008
"292" 41.957576751709 22.18408203125 47.997745513916
"293" 41.3135 22.1808 44.858
"294" 40.6394 21.9358 41.7303
"295" 39.8053 21.7333 38.6405
"296" 38.9028 21.6684 35.5582
"297" 37.7296 21.4918 32.5736
"298" 36.6651 21.4532 29.5483
"299" 35.5155 21.3249 26.5608
"300" 34.2651 21.2001 23.6109
"301" 32.8665 21.1887 20.7269
"302" 30.9557 21.3668 18.1572
"303" 28.6711 21.7694 15.9514
"304" 26.0274 22.3219 14.3503
"305" 22.8632583618164 22.4474315643311 13.9459543228149
"306" 44.7632522583008 11.4905891418457 69.4464950561523
"307" 46.1863 13.1423 68.9647
"308" 48.254 13.378 69.5177
"309" 50.092 14.0673 68.9264
"310" 51.7877 13.7289 68.6236
"311" 53.4469 12.3668 69.1967
"312" 54.112 11.3318 70.8385
"313" 54.1226 10.7241 72.8185
"314" 52.4615 11.0291 74.0962
"315" 50.4199 10.6529 73.8605
"316" 48.367 10.0197 73.5665
"317" 46.5815 9.4692 72.7386
"318" 45.3294 10.1629 71.0841
"319" 41.957576751709 22.18408203125 47.997745513916
"320" 28.8281593322754 33.8593559265137 17.492130279541
"321" 35.7972679138184 30.2297172546387 21.1087093353271
"322" 30.45458984375 26.2270889282227 29.6416721343994
"323" 47.5775184631348 19.4399375915527 91.8683166503906
"324" 28.4043025970459 35.680103302002 23.2149772644043
"325" 29.3829 36.0771 24.3562
"326" 30.6844 36.0666 25.229
"327" 32.0671 35.8179 25.9202
"328" 33.496 35.4223 26.4182
"329" 34.8388 34.7019 26.4954
"330" 36.0622 33.7819 26.1438
"331" 36.9374 32.9024 25.3965
"332" 36.992 31.9715 24.1676
"333" 36.7799 31.2524 22.7942
"334" 36.267 30.7325 21.4116
"335" 35.6212 30.3123 20.0429
"336" 34.881 30.1268 18.6819
"337" 33.9185 30.3769 17.4733
"338" 32.7815 30.7985 16.482
"339" 31.5085 31.2974 15.7872
"340" 30.2779 32.203 15.8105
"341" 29.1864 33.1183 16.4457
"342" 28.3745 33.9257 17.4505
"343" 27.9127 34.6162 18.775
"344" 27.6223 35.1014 20.2282
"345" 28.0133 35.3907 21.7216
"346" 33.2915534973145 33.3834838867188 96.1769866943359
"347" 34.6255912780762 30.0041465759277 74.6757202148438
"348" 26.2440013885498 27.9662132263184 31.7557754516602
"349" 26.2019157409668 26.6230926513672 40.7060127258301
"350" 29.7074508666992 31.0205059051514 38.8626708984375
"351" 32.3335494995117 35.6914672851562 26.5771522521973
"352" 35.7747840881348 34.3181915283203 26.4439582824707
"353" 41.8565826416016 21.8424110412598 68.9614868164062
"354" 42.3686752319336 23.9638519287109 77.2605514526367
"355" 43.2361 24.4719 74.8832
"356" 43.516 25.4085 72.4487
"357" 45.264 26.2901 71.1473
"358" 46.3772 26.8016 68.8591
"359" 46.2244 27.1715 66.2976
"360" 45.9948 25.8443 65.5159
"361" 45.3868 23.8549 67.1243
"362" 44.2171 22.0073 68.5993
"363" 41.8565826416016 21.8424110412598 68.9614868164062
"364" 53.6489791870117 18.6880016326904 68.3572158813477
"365" 42.3686752319336 23.9638519287109 77.2605514526367
"366" 52.7182388305664 26.9588317871094 72.7402801513672
"367" 33.5873031616211 21.5819854736328 88.7650985717773
"368" 37.6389617919922 27.5536041259766 76.631965637207
"369" 47.5398406982422 19.5736198425293 112.555160522461
"370" 33.2915534973145 33.3834838867188 96.1769866943359
"371" 33.366 34.467 91.368
"372" 33.1508 35.1024 86.4581
"373" 33.1814 35.428 81.5259
"374" 33.6004 35.3453 76.5773
"375" 34.6208 35.0861 71.7296
"376" 34.9748 34.8928 66.8296
"377" 35.781 34.323 61.9727
"378" 36.2303 33.9367 57.0512
"379" 37.0415 33.4253 52.1762
"380" 38.3111 32.566 47.4644
"381" 41.7289 31.1063 46.3052
"382" 44.7473 29.8926 49.9567
"383" 46.7349 29.0338 54.3827
"384" 48.4569 28.0408 58.9122
"385" 50.8064 27.0386 63.1573
"386" 52.0988 26.6715 67.8669
"387" 52.7182388305664 26.9588317871094 72.7402801513672
"388" 41.3982429504395 22.1082572937012 48.0853271484375
"389" 39.7047 22.9542 44.1774
"390" 38.1724 23.1586 40.1292
"391" 36.784 23.253 36.0161
"392" 35.256 23.3891 31.9515
"393" 33.5502 23.4207 27.9589
"394" 31.6385 23.3484 24.0685
"395" 29.1567 23.1978 20.5185
"396" 26.817 23.5918 16.9202
"397" 23.2541484832764 24.379768371582 14.7694940567017
"398" 41.3982429504395 22.1082572937012 48.0853271484375
"399" 10.6433563232422 15.0606594085693 72.8412246704102
"400" 10.3794002532959 14.2137002944946 74.2542037963867
"401" 10.3752002716064 15.8961000442505 72.3168029785156
"402" 8.45211601257324 14.3542938232422 72.4302139282227
"403" 10.2452001571655 14.0738000869751 74.7670974731445
"404" 9.58574676513672 13.8917179107666 75.8160781860352
"405" 8.01360034942627 15.1381998062134 72.6466979980469
"406" 7.86117172241211 15.1347551345825 72.820198059082
"407" 7.40130853652954 14.2620639801025 73.3977508544922
"408" 7.1129937171936 13.6625671386719 73.9455947875977
"409" 7.72566699981689 13.4307250976562 76.6767196655273
"410" 8.11542987823486 16.725700378418 73.2851028442383
"411" 7.15853023529053 15.2427997589111 73.4628982543945
"412" 6.61011552810669 14.64515209198 74.213981628418
"413" 7.05490016937256 14.0792999267578 76.5677032470703
"414" 7.55079460144043 16.9476165771484 73.7328720092773
"415" 6.77170991897583 15.1506996154785 73.8450012207031
"416" 6.63168382644653 15.3376941680908 75.5412826538086
"417" 6.77536678314209 14.9461336135864 76.4444198608398
"418" 6.59999513626099 16.9290237426758 74.2107086181641
"419" 6.32112503051758 16.081974029541 75.6216735839844
"420" 6.14958953857422 15.542459487915 76.6766815185547
"421" 5.66989994049072 17.0428009033203 74.1100006103516
"422" 5.64663028717041 16.229362487793 75.9562454223633
"423" 5.06878757476807 15.5010423660278 76.8329925537109
"424" 4.97665023803711 16.650899887085 74.7855987548828
"425" 4.80222129821777 16.0663757324219 75.8252487182617
"426" 4.42819929122925 15.6177263259888 76.6578903198242
"427" 5.18806982040405 17.0352001190186 73.9729995727539
"428" 4.3875937461853 16.5625495910645 75.0672607421875
"429" 3.91656255722046 15.8462686538696 75.8413391113281
"430" 3.48784637451172 15.3019142150879 76.8257751464844
"431" 4.21011018753052 16.721700668335 74.5017013549805
"432" 3.67379951477051 16.3007507324219 75.1526794433594
"433" 3.21040606498718 16.0406227111816 75.8246154785156
"434" 3.04263997077942 15.5755996704102 76.186897277832
"435" 2.98795008659363 16.8125 74.0919036865234
"436" 2.25739526748657 15.9716653823853 75.1763458251953
"437" 2.44430160522461 16.6595020294189 74.5339202880859
"438" 46.4604187011719 11.0364589691162 68.8423156738281
"439" 46.1487045288086 10.6823253631592 69.0000686645508
"440" 45.5847015380859 10.6849002838135 71.8793029785156
"441" 46.9041137695312 11.043267250061 69.0569229125977
"442" 47.0384292602539 10.638689994812 69.3373489379883
"443" 47.5073013305664 10.5312004089355 72.2120971679688
"444" 47.5073013305664 10.5312004089355 72.2120971679688
"445" 47.331298828125 11.2819995880127 69.2375030517578
"446" 47.804069519043 11.1165475845337 69.5872116088867
"447" 47.909839630127 10.0968942642212 69.9717407226562
"448" 47.565299987793 10.4666996002197 72.2353973388672
"449" 47.565299987793 10.4666996002197 72.2353973388672
"450" 48.1109008789062 11.5670003890991 69.6492004394531
"451" 48.5618362426758 10.9592504501343 70.0730514526367
"452" 49.0083770751953 10.1030321121216 70.7164154052734
"453" 49.2640571594238 10.329517364502 72.529411315918
"454" 48.5638008117676 11.4397001266479 69.7727966308594
"455" 49.0288314819336 11.2302513122559 70.2090835571289
"456" 49.3800201416016 10.7390670776367 70.7459182739258
"457" 49.7483139038086 10.0765066146851 71.5271453857422
"458" 49.3173942565918 12.8585805892944 70.1745223999023
"459" 49.5471305847168 11.1640062332153 70.2183837890625
"460" 50.063159942627 10.768611907959 71.0241088867188
"461" 50.1552276611328 10.1382608413696 71.8758697509766
"462" 50.0625953674316 12.8473405838013 69.8683319091797
"463" 50.1846008300781 10.9615278244019 70.6056900024414
"464" 50.4185676574707 10.5642795562744 71.5711135864258
"465" 50.4071311950684 11.0240135192871 73.1621322631836
"466" 50.4446144104004 13.1253347396851 70.1033401489258
"467" 51.0348014831543 11.915599822998 70.8098983764648
"468" 50.7387886047363 11.2985754013062 71.5605010986328
"469" 51.2386093139648 10.9422788619995 72.6933441162109
"470" 50.5681266784668 12.7936668395996 69.6333694458008
"471" 51.0415229797363 11.7624559402466 71.1726226806641
"472" 51.6317405700684 10.856954574585 72.4626922607422
"473" 50.8880996704102 12.7649002075195 69.3779983520508
"474" 51.4040985107422 11.6810998916626 70.940299987793
"475" 51.9551467895508 10.930549621582 72.0374603271484
"476" 51.6890983581543 12.5830001831055 69.7362976074219
"477" 52.0812187194824 11.6342697143555 70.9251480102539
"478" 52.5458946228027 10.629753112793 72.4716339111328
"479" 51.867000579834 12.2831001281738 69.8421020507812
"480" 52.3796997070312 11.4799995422363 70.6912994384766
"481" 53.1689491271973 10.9548540115356 72.2677230834961
"482" 53.3578987121582 11.6961002349854 69.89990234375
"483" 53.3799896240234 11.1306304931641 71.2536849975586
"484" 12.5387811660767 26.7110137939453 46.7292098999023
"485" 11.3385953903198 27.8227825164795 43.7732009887695
"486" 11.786506652832 28.0384635925293 41.3504829406738
"487" 11.6610460281372 27.2152633666992 43.3404960632324
"488" 11.5953922271729 26.060661315918 45.8002700805664
"489" 11.8461847305298 25.7251434326172 48.3103828430176
"490" 11.9106359481812 27.0998096466064 41.709358215332
"491" 11.8149995803833 28.9296054840088 36.5240364074707
"492" 13.2615909576416 27.9784278869629 36.6878280639648
"493" 12.0520477294922 27.4099102020264 40.0897064208984
"494" 11.4534549713135 25.998218536377 43.1607551574707
"495" 11.3089818954468 25.9676647186279 46.1237030029297
"496" 11.4836091995239 26.8469867706299 37.3612480163574
"497" 11.9689235687256 27.8882102966309 34.364387512207
"498" 13.228006362915 28.6161041259766 32.3784484863281
"499" 11.9001817703247 27.7152671813965 35.0707893371582
"500" 11.7937698364258 26.4813976287842 38.0258140563965
"501" 12.6277227401733 26.3360958099365 39.7198867797852
"502" 11.6046237945557 25.7943992614746 34.6137275695801
"503" 12.4107789993286 27.8872547149658 30.4303646087646
"504" 12.4896020889282 28.4890689849854 28.8807334899902
"505" 13.0263767242432 27.2579536437988 31.8280162811279
"506" 12.5205163955688 26.3036575317383 33.742488861084
"507" 13.0898933410645 26.1464252471924 34.7114181518555
"508" 12.1233491897583 25.9753284454346 30.3970699310303
"509" 12.7394142150879 28.1748790740967 27.4463996887207
"510" 12.6087827682495 28.7348861694336 27.6382961273193
"511" 13.3431644439697 27.0432205200195 30.7022037506104
"512" 13.2641429901123 25.7908706665039 31.5493659973145
"513" 13.9658670425415 26.3460426330566 32.8888664245605
"514" 12.5133838653564 25.7556114196777 27.4841194152832
"515" 13.1888799667358 26.988353729248 25.5894966125488
"516" 13.0359468460083 28.0791034698486 26.2422561645508
"517" 13.4802055358887 26.5975379943848 27.9866333007812
"518" 14.0887269973755 25.9379501342773 29.9337501525879
"519" 12.9963054656982 25.2913856506348 24.8357181549072
"520" 13.5537910461426 26.0324478149414 23.3230819702148
"521" 14.5526256561279 26.9768257141113 24.4035701751709
"522" 13.883321762085 26.2250843048096 25.8081760406494
"523" 15.0082664489746 25.8945579528809 27.7125282287598
"524" 13.5889301300049 25.1634902954102 22.8498649597168
"525" 14.3764686584473 26.688985824585 21.6862163543701
"526" 14.1406869888306 28.0714168548584 21.8099365234375
"527" 14.5548229217529 26.3934650421143 23.5787620544434
"528" 15.507737159729 25.6184997558594 25.6699752807617
"529" 14.2482843399048 25.220682144165 21.0208511352539
"530" 14.7171287536621 27.3695278167725 20.8316192626953
"531" 14.953200340271 26.6676006317139 20.211799621582
"532" 14.8969650268555 26.1365852355957 22.3533935546875
"533" 15.3959169387817 25.7245292663574 24.3563003540039
"534" 14.7873697280884 24.9902400970459 19.7401294708252
"535" 15.8636999130249 26.8255996704102 18.2875995635986
"536" 15.8541679382324 26.2483768463135 20.0937099456787
"537" 15.9561405181885 25.6212387084961 21.9199085235596
"538" 15.4097938537598 24.8867664337158 18.5935955047607
"539" 15.6076622009277 25.3409404754639 18.3775653839111
"540" 15.8348274230957 25.7632179260254 19.1817531585693
"541" 17.019323348999 25.3059692382812 21.0355548858643
"542" 15.9821739196777 24.7588768005371 17.756326675415
"543" 16.3481159210205 26.0060863494873 17.3648853302002
"544" 17.0881195068359 25.3597450256348 17.9533748626709
"545" 17.4173793792725 24.8180274963379 19.2102680206299
"546" 16.6978816986084 24.8051261901855 16.7684764862061
"547" 16.6377353668213 25.4550151824951 16.9053287506104
"548" 17.7379131317139 25.2726707458496 17.391092300415
"549" 17.4486217498779 24.8166790008545 15.8699378967285
"550" 18.3165645599365 26.3805255889893 14.8350763320923
"551" 18.1516799926758 25.1552085876465 16.5963363647461
"552" 18.1943473815918 24.6304092407227 15.2658586502075
"553" 17.8674945831299 25.518684387207 15.4016561508179
"554" 19.0981025695801 25.1245651245117 15.374641418457
"555" 19.0341300964355 24.2817039489746 14.8587608337402
"556" 19.0045471191406 25.3720226287842 14.2444438934326
"557" 20.0136604309082 25.4966945648193 14.6542377471924
"558" 20.0284442901611 24.97678565979 14.0341014862061
"559" 20.7240505218506 25.3499813079834 13.7101907730103
"560" 21.0397987365723 25.7319355010986 14.1421737670898
"561" 21.6837882995605 25.6625747680664 14.6131563186646
"562" 20.6443614959717 24.2891540527344 13.5189304351807
"563" 21.5142383575439 24.9044704437256 13.3521776199341
"564" 21.8183536529541 25.7765159606934 13.9689750671387
"565" 22.9290790557861 25.7848529815674 14.1081209182739
"566" 21.7369728088379 24.3276958465576 13.3366422653198
"567" 23.3767681121826 25.4673080444336 12.7471599578857
"568" 40.087574005127 24.4332714080811 41.094612121582
"569" 39.5284843444824 25.5581970214844 36.6798362731934
"570" 38.7556915283203 25.4391002655029 37.6070899963379
"571" 40.2875480651855 24.8138465881348 40.7408027648926
"572" 39.1212310791016 24.0045604705811 44.3697814941406
"573" 40.4562072753906 25.0091228485107 39.7186584472656
"574" 39.0873794555664 25.5149021148682 35.302791595459
"575" 38.3383255004883 26.1571369171143 32.1171951293945
"576" 38.5977973937988 26.4286441802979 33.4900321960449
"577" 39.1441612243652 24.364538192749 38.4364700317383
"578" 38.1223182678223 23.8043823242188 40.4208068847656
"579" 39.1927375793457 24.4969139099121 34.6689834594727
"580" 37.8102607727051 25.7303733825684 30.6211585998535
"581" 37.2384452819824 26.1510772705078 28.4170837402344
"582" 37.3386611938477 25.3324871063232 31.6418132781982
"583" 38.0212287902832 24.546911239624 34.265495300293
"584" 38.1775512695312 24.3081512451172 35.6974143981934
"585" 37.7642364501953 24.652379989624 30.010705947876
"586" 36.6020088195801 25.8278026580811 26.5723743438721
"587" 36.4778633117676 26.8334693908691 25.1822891235352
"588" 35.8056716918945 25.1499099731445 29.0140895843506
"589" 36.7958488464355 24.3129825592041 30.2201728820801
"590" 36.1392974853516 24.6752681732178 31.3966579437256
"591" 36.3769493103027 24.6337909698486 25.5922355651855
"592" 35.6545066833496 26.4269886016846 23.2100467681885
"593" 36.0329933166504 26.9088764190674 23.7957763671875
"594" 35.1973533630371 25.2344036102295 25.9396209716797
"595" 35.6452140808105 24.9036521911621 27.3705005645752
"596" 35.2674980163574 24.4717655181885 28.4419708251953
"597" 35.5033264160156 24.0562953948975 23.4311084747314
"598" 34.6900291442871 26.2806606292725 21.1228256225586
"599" 33.9127998352051 25.2098007202148 21.7497005462646
"600" 34.6868095397949 24.8747329711914 23.6276245117188
"601" 33.8651733398438 24.4732608795166 25.0656318664551
"602" 34.2493591308594 24.5297985076904 20.799898147583
"603" 33.6119842529297 26.322603225708 19.2837810516357
"604" 32.5970726013184 25.5265064239502 19.8737316131592
"605" 33.4778900146484 25.4692096710205 21.9922943115234
"606" 33.3387680053711 24.5634346008301 23.8477325439453
"607" 33.1080207824707 24.5685291290283 18.8845863342285
"608" 32.4124641418457 25.2005558013916 17.9580268859863
"609" 32.1432151794434 25.7636489868164 19.3773536682129
"610" 32.985034942627 24.8283920288086 20.9910926818848
"611" 32.9512100219727 24.1035308837891 22.5372276306152
"612" 32.3249244689941 24.6993885040283 17.7605247497559
"613" 32.7503776550293 26.3084468841553 18.1987915039062
"614" 32.1030883789062 25.1315898895264 19.126651763916
"615" 31.9039897918701 23.9622631072998 20.5134048461914
"616" 31.9639854431152 24.5578689575195 17.2846183776855
"617" 31.0052165985107 25.5115871429443 16.1660079956055
"618" 31.1945781707764 24.9850311279297 17.6277980804443
"619" 30.497594833374 24.0413951873779 18.9487819671631
"620" 31.0247859954834 24.3369216918945 16.2630310058594
"621" 30.4210224151611 25.077787399292 15.6093101501465
"622" 29.8271656036377 25.1826095581055 15.9816093444824
"623" 29.1300525665283 24.895378112793 16.6210708618164
"624" 30.0953006744385 24.2206993103027 15.3619003295898
"625" 29.4299030303955 25.1005363464355 14.7528877258301
"626" 28.3833999633789 24.3494148254395 15.0542640686035
"627" 28.5790748596191 23.9123153686523 14.3981132507324
"628" 28.1935997009277 24.5354499816895 13.9018802642822
"629" 27.0185470581055 24.2412433624268 14.5663280487061
"630" 25.5899105072021 25.6012477874756 14.4793424606323
"631" 27.3131999969482 24.2265644073486 13.4602241516113
"632" 26.7739410400391 24.0610294342041 13.8175029754639
"633" 25.7185840606689 25.6826801300049 13.90269947052
"634" 24.3949565887451 25.5983257293701 14.0667343139648
"635" 26.2771224975586 24.0453624725342 13.2709865570068
"636" 24.7744255065918 23.9233951568604 13.2415161132812
"637" 24.6421279907227 25.2227382659912 14.3289318084717
"638" 23.8649578094482 25.4909191131592 13.6904458999634
