"V1" "V2" "V3"
"1" 20.9163551330566 23.9106578826904 35.2338981628418
"2" 20.81 23.9303 34.6073
"3" 20.7509 23.9852 33.9779
"4" 20.6755 24.0351 33.3487
"5" 20.5904 24.0832 32.7205
"6" 20.4971 24.1717 32.099
"7" 20.3917 24.2001 31.4726
"8" 20.2957 24.2512 30.8462
"9" 20.1909 24.316 30.2225
"10" 20.0691 24.3607 29.6007
"11" 19.9222 24.4108 28.9846
"12" 19.8678 24.4722 28.36
"13" 19.8932285308838 24.5515518188477 27.729621887207
"14" 19.4298057556152 22.0275192260742 23.5663909912109
"15" 19.619291305542 22.7109603881836 27.1409568786621
"16" 23.9215316772461 22.0300006866455 35.4414901733398
"17" 15.0410985946655 5.71399688720703 29.3934020996094
"18" 15.2444 5.5801 30.9569
"19" 15.4049 5.4406 32.5138
"20" 15.8346 5.5424 34.0327
"21" 16.6259 5.6466 35.3697
"22" 17.7904 5.6755 36.43
"23" 19.1542 5.4136 37.1741
"24" 20.635 4.9739 37.1845
"25" 21.8846 4.4745 36.3759
"26" 22.8074 4.0458 35.1795
"27" 23.4482 3.8475 33.7509
"28" 23.4303 3.7124 32.2005
"29" 23.0855 3.4332 30.7107
"30" 22.0987 3.4856 29.4863
"31" 20.9221 4.0004 28.5951
"32" 19.5478 4.562 28.0792
"33" 18.413215637207 5.658935546875 27.9766006469727
"34" 18.413215637207 5.658935546875 27.9766006469727
"35" 15.0410985946655 5.71399688720703 29.3934020996094
"36" 19.1858596801758 7.34330558776855 47.728588104248
"37" 19.6017 6.9384 46.752
"38" 19.3968 6.4358 45.6959
"39" 19.2409 5.9577 44.6202
"40" 19.2321 5.5664 43.4989
"41" 18.8893 5.4524 42.3739
"42" 18.2623 5.4037 41.3701
"43" 17.415 5.4395 40.5407
"44" 16.6061 5.4924 39.677
"45" 15.9963 5.6333 38.6644
"46" 15.358 5.6757 37.6667
"47" 14.8279 5.9215 36.6304
"48" 14.3431 5.9352 35.5509
"49" 13.8281 6.1271 34.4944
"50" 13.3684 6.1971 33.4013
"51" 13.0591 6.3654 32.2831
"52" 12.4525680541992 6.28313255310059 31.2879524230957
"53" 27.3781433105469 22.2077732086182 21.1328983306885
"54" 29.060754776001 21.3870067596436 68.4409255981445
"55" 28.832 20.0931 68.4928
"56" 28.4742 18.9922 67.9253
"57" 28.53 18.3338 66.8503
"58" 28.0345 17.7206 66.1281
"59" 27.2414 17.4408 67.0885
"60" 26.5918 17.7292 68.1313
"61" 25.4641 18.175 68.6133
"62" 24.2524 18.6557 68.7451
"63" 23.318 19.3955 69.162
"64" 22.9197 20.5524 69.6071
"65" 23.1090469360352 21.8261051177979 69.7661285400391
"66" 18.5563068389893 17.4856624603271 28.8132381439209
"67" 33.1359710693359 17.6860408782959 52.3680610656738
"68" 33.1836280822754 17.7560405731201 52.4798164367676
"69" 33.1629371643066 17.2866802215576 49.1375427246094
"70" 28.7087497711182 23.9447937011719 21.9823379516602
"71" 28.2997 23.2624 21.8834
"72" 27.7124 22.8106 21.6181
"73" 27.1541 22.4713 21.4274
"74" 26.5372 22.2804 21.9009
"75" 25.8347 22.1873 22.2645
"76" 25.076 22.2555 22.3254
"77" 24.3407 22.3929 22.08
"78" 23.7005 22.6483 21.6874
"79" 23.1775 23.0721 21.2678
"80" 22.953 23.7929 21.0856
"81" 22.8788375854492 24.5764999389648 21.2381191253662
"82" 27.7292823791504 10.4676809310913 48.658088684082
"83" 19.1858596801758 7.34330558776855 47.728588104248
"84" 18.6183 8.1632 49.2397
"85" 18.2423 9.1561 50.7225
"86" 18.3452 10.0286 52.3116
"87" 18.6004 11.0799 53.7826
"88" 18.9026 12.1485 55.2347
"89" 19.1737 13.2 56.7065
"90" 19.4606 14.0824 58.2642
"91" 19.1357 15.0447 59.7533
"92" 18.3786 15.8534 60.7072
"93" 19.6915 16.9332 61.2619
"94" 20.1091 18.0755 62.6076
"95" 20.4057 18.9527 64.186
"96" 20.8206 19.6503 65.8242
"97" 21.2786 20.3932 67.3776
"98" 21.192850112915 21.7309169769287 68.5957641601562
"99" 11.8387498855591 11.9643020629883 31.6004314422607
"100" 12.2924 11.2277 32.0292
"101" 12.3648 10.3602 31.6787
"102" 12.308 9.4192 31.5556
"103" 12.1569 8.4891 31.6227
"104" 11.7283 7.6719 31.7428
"105" 11.2008 7.045 31.3354
"106" 10.7159 7.1217 30.7393
"107" 10.6333 7.9188 30.3294
"108" 10.9202 8.7754 30.0161
"109" 11.1702 9.6582 29.8368
"110" 11.0773 10.5963 29.8696
"111" 10.9368 11.4321 30.1852
"112" 11.2574 11.9587 30.8295
"113" 19.1858596801758 7.34330558776855 47.728588104248
"114" 28.6400680541992 15.6493539810181 60.885570526123
"115" 24.6654205322266 10.2493019104004 52.7682456970215
"116" 22.3701705932617 19.5622367858887 57.8952560424805
"117" 25.0588779449463 11.7010469436646 19.8550987243652
"118" 29.4724063873291 16.1592845916748 60.7516632080078
"119" 30.5521 16.441 59.832
"120" 31.2641 16.6577 58.5584
"121" 31.6629 16.6098 57.1534
"122" 31.8358 16.157 55.7646
"123" 31.6926 15.239 54.6215
"124" 31.4811 14.2011 53.6099
"125" 30.857 13.3873 52.5552
"126" 30.2644 12.494 51.559
"127" 29.2775 11.5585 51.0098
"128" 28.0055 10.8742 51.0801
"129" 26.698 10.3374 51.4451
"130" 25.5586 10.1881 52.3535
"131" 24.7788 10.3863 53.579
"132" 24.0766 10.8504 54.7511
"133" 23.9554 11.4798 56.0802
"134" 23.7434 12.0675 57.418
"135" 23.8093 12.8165 58.6855
"136" 23.9188 13.5861 59.9361
"137" 24.3491 14.4755 61.0189
"138" 25.4342 15.0744 61.7871
"139" 26.784 15.6136 61.8282
"140" 28.1429 15.9218 61.349
"141" 37.5396575927734 22.9142646789551 30.0389652252197
"142" 28.7693862915039 18.7730522155762 31.2390651702881
"143" 25.6611366271973 20.9527988433838 54.8927803039551
"144" 23.0792465209961 22.4048938751221 46.0002136230469
"145" 29.047550201416 20.0664443969727 47.646800994873
"146" 32.0120849609375 15.789794921875 54.673713684082
"147" 28.0594577789307 10.9915761947632 50.9181861877441
"148" 21.4283885955811 15.898871421814 32.1051635742188
"149" 26.0275974273682 15.3874883651733 28.4409904479981
"150" 25.5062 14.3406 29.6723
"151" 26.1872 12.9879 30.5584
"152" 26.7298 12.3306 32.0446
"153" 26.3646 11.749 33.6193
"154" 24.9353 11.4624 34.5147
"155" 23.7925 11.9034 33.6569
"156" 23.1608 13.2792 32.7451
"157" 22.4181 14.591 31.9626
"158" 21.4283885955811 15.898871421814 32.1051635742188
"159" 12.4525680541992 6.28313255310059 31.2879524230957
"160" 26.0275974273682 15.3874883651733 28.4409904479981
"161" 23.8217220306396 4.31242084503174 35.9605407714844
"162" 27.136510848999 21.4467468261719 24.3857688903809
"163" 27.7722930908203 18.1206531524658 28.7849884033203
"164" 27.8412399291992 8.78754234313965 18.1356220245361
"165" 37.5396575927734 22.9142646789551 30.0389652252197
"166" 37.3074 22.9703 32.7357
"167" 36.6241 22.9851 35.4361
"168" 36.0322 22.8163 38.1551
"169" 35.6927 22.6232 40.9152
"170" 35.1574 22.028 43.5856
"171" 34.4792 20.7667 45.9675
"172" 33.9695 18.7727 47.8495
"173" 32.9517 16.6003 49.1948
"174" 31.7114 14.1796 49.6775
"175" 29.8495 12.1324 49.4315
"176" 27.7602 10.4112 48.7852
"177" 25.7642 8.7394 47.8485
"178" 24.4269 7.1235 46.0805
"179" 23.4085 5.8649 43.8234
"180" 22.7002 4.9572 41.2927
"181" 23.1313 4.2504 38.6506
"182" 23.8217220306396 4.31242084503174 35.9605407714844
"183" 19.2410125732422 15.0139417648315 48.1179809570312
"184" 19.5666 15.7878 49.5387
"185" 20.1109 16.4049 51.1331
"186" 20.7608 16.9883 52.7046
"187" 21.3832 17.5841 54.2839
"188" 21.8066 18.2756 55.804
"189" 22.1175 19.3981 57.1625
"190" 22.9973 20.2631 58.4287
"191" 24.3906 20.758 59.3502
"192" 25.5137577056885 21.9947872161865 59.2620391845703
"193" 19.2410125732422 15.0139417648315 48.1179809570312
"194" 29.060754776001 21.3870067596436 68.4409255981445
"195" 25.5137577056885 21.9947872161865 59.2620391845703
"196" 19.8932285308838 24.5515518188477 27.729621887207
"197" 22.8286991119385 23.5826473236084 39.4240493774414
"198" 20.9163551330566 23.9106578826904 35.2338981628418
"199" 23.9215316772461 22.0300006866455 35.4414901733398
"200" 23.4995 22.5461 35.2429
"201" 23.1722 23.2062 35.2167
"202" 23.0774 23.9243 35.1277
"203" 23.3188 24.6012 35.2504
"204" 23.7896 25.0966 35.522
"205" 24.353666305542 25.5001964569092 35.7352485656738
"206" 28.7087497711182 23.9447937011719 21.9823379516602
"207" 32.6173400878906 21.8390617370606 55.4586372375488
"208" 29.060754776001 21.3870067596436 68.4409255981445
"209" 30.5759 21.3339 66.929
"210" 31.601 21.4233 65.0231
"211" 32.1735 21.5203 62.9347
"212" 32.4262 21.6949 60.7898
"213" 32.3823 22.0235 58.6853
"214" 32.5224 22.0794 56.5379
"215" 32.6509 21.7847 54.3896
"216" 33.1243 22.0151 52.2876
"217" 33.8056 21.9206 50.2312
"218" 34.3447 22.0578 48.1294
"219" 34.7264 22.5217 46.094
"220" 35.2538 22.5722 43.9895
"221" 35.5372 22.6651 41.8403
"222" 35.8942 22.7796 39.7137
"223" 36.1131 22.946 37.559
"224" 36.6274 23.0322 35.4585
"225" 37.1834 23.1153 33.364
"226" 37.5966529846191 23.0593242645264 31.2317390441894
"227" 20.9455699920654 24.8374214172363 19.178071975708
"228" 33.7876129150391 21.6379585266113 49.2908477783203
"229" 37.5966529846191 23.0593242645264 31.2317390441894
"230" 23.1090469360352 21.8261051177979 69.7661285400391
"231" 21.192850112915 21.7309169769287 68.5957641601562
"232" 34.6202926635742 24.4829082489014 7.38233757019043
"233" 22.8788375854492 24.5764999389648 21.2381191253662
"234" 19.9786758422852 27.2545185089111 24.3076934814453
"235" 19.7718639373779 26.2346858978271 27.6083335876465
"236" 24.353666305542 25.5001964569092 35.7352485656738
"237" 17.0911369323731 43.0767288208008 30.8342399597168
"238" 17.379 42.9434 32.6229
"239" 17.6109 42.7938 34.4142
"240" 18.1237 42.3757 36.101
"241" 19.1925 41.9679 37.5009
"242" 20.6734 41.7329 38.4721
"243" 22.4162 41.9072 38.7345
"244" 23.9699 42.4991 38.0598
"245" 25.1773 43.1485 36.9209
"246" 25.8042 43.4692 35.2531
"247" 25.6863 43.8325 33.4792
"248" 24.9872 44.1894 31.8759
"249" 23.6493 43.9311 30.7716
"250" 22.017 43.7199 30.0683
"251" 20.4727649688721 43.0665588378906 29.6970252990723
"252" 20.4727649688721 43.0665588378906 29.6970252990723
"253" 17.0911369323731 43.0767288208008 30.8342399597168
"254" 20.6493530273438 37.5040054321289 49.93798828125
"255" 21.1967 38.7923 47.9282
"256" 20.9025 40.2457 45.483
"257" 20.1123 41.0263 42.8408
"258" 18.2806 41.4504 40.6486
"259" 16.9806 41.8281 38.0928
"260" 15.6021 42.1118 35.5483
"261" 13.7715682983398 42.3949890136719 33.6123542785645
"262" 27.8372249603271 26.350736618042 21.1298084259033
"263" 29.060754776001 21.3870067596436 68.4409255981445
"264" 28.9583 22.647 68.6239
"265" 29.0362 23.8307 68.17
"266" 29.009 24.5877 67.1499
"267" 28.5605 25.3879 66.4122
"268" 28.0114 25.4786 67.409
"269" 27.2318 25.3175 68.3622
"270" 26.0115 25.1466 68.7011
"271" 24.8587 24.6628 69.0368
"272" 23.7848 24.0181 69.3523
"273" 22.9863 23.0895 69.6491
"274" 23.1090469360352 21.8261051177979 69.7661285400391
"275" 19.349723815918 31.1646766662598 29.4112510681152
"276" 33.3065719604492 26.5989284515381 52.8337287902832
"277" 33.4313583374023 26.5723686218262 52.7549591064453
"278" 33.893310546875 27.1804313659668 49.2440071105957
"279" 28.7087497711182 23.9447937011719 21.9823379516602
"280" 28.5938 24.7655 22.1582
"281" 28.2326 25.3852 21.7679
"282" 27.7191 25.9697 21.513
"283" 27.1205 26.3322 21.8997
"284" 26.4426 26.457 22.3611
"285" 25.6348 26.534 22.4184
"286" 24.8305 26.5444 22.1986
"287" 24.0933 26.3018 21.8809
"288" 23.4889 25.9748 21.4133
"289" 23.1408 25.37 21.0985
"290" 22.8788375854492 24.5764999389648 21.2381191253662
"291" 28.7630004882812 34.9118156433105 49.7900276184082
"292" 20.6493530273438 37.5040054321289 49.93798828125
"293" 20.3 36.4148 51.5611
"294" 19.9569 35.462 53.2662
"295" 20.2016 34.2239 54.8411
"296" 20.4072 32.9138 56.3695
"297" 20.5734 31.6147 57.9106
"298" 20.6402 30.4477 59.5354
"299" 19.5566 29.6001 60.897
"300" 20.3374 28.3582 61.6681
"301" 20.6872 26.7187 62.6429
"302" 20.8758 25.4088 64.1709
"303" 21.0661 24.4607 65.9431
"304" 21.3958 23.4437 67.6529
"305" 21.192850112915 21.7309169769287 68.5957641601562
"306" 13.4191942214966 36.4454460144043 32.5865631103516
"307" 14.4569 36.8938 33.1302
"308" 14.4933 38.1476 33.3557
"309" 14.5406 39.4387 33.2825
"310" 14.5893 40.6877 33.6581
"311" 14.0823 41.8629 33.5742
"312" 13.2844 42.6622 33.1937
"313" 12.5395 42.543 32.1935
"314" 12.3096 41.6339 31.3141
"315" 12.7818 40.435 31.2322
"316" 12.9115 39.1789 31.0508
"317" 12.5576 37.9347 31.0536
"318" 12.5702 36.8129 31.6521
"319" 20.6493530273438 37.5040054321289 49.93798828125
"320" 29.7123699188232 27.5518360137939 60.8290519714355
"321" 26.0311088562012 34.4419059753418 54.8382987976074
"322" 22.8060531616211 25.4049873352051 58.4534683227539
"323" 25.796537399292 37.022388458252 20.1810607910156
"324" 30.5105743408203 26.8297138214111 60.4583892822266
"325" 31.5221 26.7238 59.3187
"326" 32.158 26.9761 57.9535
"327" 32.4742 27.2084 56.4752
"328" 32.5701 28.1572 55.2791
"329" 32.4893 29.3415 54.3585
"330" 32.0624 30.5695 53.6116
"331" 31.4953 31.7514 52.8189
"332" 30.6067 32.8311 52.196
"333" 29.4382 33.6853 52.0466
"334" 28.1699 34.3071 52.6429
"335" 26.9693 34.7012 53.5112
"336" 26.0228 34.5748 54.6616
"337" 25.3013 34.0656 55.9043
"338" 25.085 33.3319 57.212
"339" 25.0968 32.3829 58.4159
"340" 25.1176 31.427 59.6096
"341" 25.1577 30.5182 60.8421
"342" 25.6445 29.4848 61.8521
"343" 26.6706 28.4674 62.1932
"344" 28.0313 27.79 61.9798
"345" 29.3007 27.3153 61.2694
"346" 37.6223335266113 23.6552448272705 29.859375
"347" 29.1938533782959 28.7201385498047 31.5417366027832
"348" 26.0716018676758 24.1197528839111 55.796703338623
"349" 23.0046272277832 24.2820720672607 46.5369720458984
"350" 28.595760345459 25.6564502716064 47.8052597045898
"351" 32.8429641723633 27.89137840271 55.2032585144043
"352" 28.9388484954834 33.6924438476562 52.2347793579102
"353" 22.1679420471191 32.2845840454102 32.7167053222656
"354" 27.067684173584 33.1237449645996 28.8337306976318
"355" 26.976 33.8994 30.3012
"356" 27.5051 34.9672 31.4835
"357" 28.0572 35.4661 32.985
"358" 27.6509 35.4852 34.6298
"359" 26.3613 35.7316 35.6151
"360" 25.1378 35.0892 35.0654
"361" 24.5902 33.9073 33.9568
"362" 23.6708 32.9598 32.9715
"363" 22.1679420471191 32.2845840454102 32.7167053222656
"364" 13.7715682983398 42.3949890136719 33.6123542785645
"365" 27.067684173584 33.1237449645996 28.8337306976318
"366" 25.9689273834229 42.7465934753418 37.2636947631836
"367" 27.2623672485352 27.3738460540771 24.6119689941406
"368" 28.4001579284668 29.5620403289795 29.1763916015625
"369" 28.879940032959 39.8213119506836 18.3548202514648
"370" 37.6223335266113 23.6552448272705 29.859375
"371" 37.2913 23.2264 32.5048
"372" 36.308 23.2607 35.1092
"373" 36.0367 23.0734 37.8376
"374" 35.6685 23.01 40.589
"375" 35.3372 23.229 43.3164
"376" 34.6747 24.4391 45.7294
"377" 34.2466 26.2487 47.7982
"378" 33.4498 28.5069 49.1746
"379" 32.2828 30.907 49.949
"380" 30.672 33.1023 50.5192
"381" 28.7347 34.9227 49.8397
"382" 26.9719 36.8531 48.9124
"383" 25.9488 38.7447 47.1453
"384" 25.1853 40.1611 44.8741
"385" 24.7856 41.3208 42.3962
"386" 25.3997 42.2857 39.8875
"387" 25.9689273834229 42.7465934753418 37.2636947631836
"388" 19.8315849304199 30.6371879577637 49.1177749633789
"389" 20.2398 29.8454 50.6583
"390" 20.7899 29.1204 52.1213
"391" 21.453 28.2737 53.531
"392" 21.9393 27.5057 54.9939
"393" 22.376 26.3978 56.2887
"394" 22.6462 25.3653 57.6194
"395" 23.3303 24.4757 58.8424
"396" 24.5087 23.3839 59.3317
"397" 25.5137577056885 21.9947872161865 59.2620391845703
"398" 19.8315849304199 30.6371879577637 49.1177749633789
"399" 11.5827913284302 11.8340101242065 31.5148811340332
"400" 11.2482194900513 11.9005393981934 31.1468982696533
"401" 11.7431812286377 11.3871879577637 31.6998634338379
"402" 11.1539688110352 11.3521575927734 31.5266227722168
"403" 11.0999422073364 11.4599857330322 31.0963764190674
"404" 10.8680782318115 11.4339656829834 30.6836071014404
"405" 11.9002437591553 10.9071063995361 31.7165031433105
"406" 11.6994209289551 10.9522132873535 31.283618927002
"407" 11.2221221923828 10.9970436096191 31.0487537384033
"408" 10.9795522689819 10.9898986816406 30.7984504699707
"409" 10.8762693405151 10.9859457015991 30.3506507873535
"410" 11.8937702178955 10.429780960083 31.509033203125
"411" 11.6797580718994 10.4915790557861 31.0854148864746
"412" 11.2708511352539 10.4942073822021 30.8648204803467
"413" 11.0338459014893 10.5303497314453 30.4800472259521
"414" 12.1181001663208 10.0431003570557 31.5678997039795
"415" 11.8341436386108 10.0497980117798 31.1142272949219
"416" 11.5235910415649 10.044641494751 30.8351154327393
"417" 11.2216606140137 10.0766286849976 30.366771697998
"418" 11.8784599304199 9.58438587188721 31.1231803894043
"419" 11.5175933837891 9.61740589141846 30.8182411193848
"420" 11.2763652801514 9.67530345916748 30.4114685058594
"421" 11.8557777404785 9.22654056549072 31.2217082977295
"422" 11.4469995498657 9.34263324737549 30.7905788421631
"423" 11.176851272583 9.2511157989502 30.4181537628174
"424" 11.6965017318726 8.84488391876221 31.1592884063721
"425" 11.3402976989746 8.9210147857666 30.8433704376221
"426" 11.073579788208 8.89335155487061 30.5678749084473
"427" 11.7543869018555 8.52164363861084 31.5018539428711
"428" 11.4355955123901 8.71932220458984 31.0096797943115
"429" 11.0768280029297 8.47953701019287 30.8571071624756
"430" 10.7805233001709 8.41921138763428 30.4889621734619
"431" 11.5549201965332 8.1505069732666 31.5207901000977
"432" 11.2088031768799 8.07368278503418 31.2177486419678
"433" 10.8870477676392 8.10827255249023 30.9255867004395
"434" 10.6386470794678 7.91515827178955 30.6352005004883
"435" 11.2600336074829 7.67700529098511 31.5019474029541
"436" 10.8356151580811 7.58464241027832 31.1013507843018
"437" 11.0351657867432 7.29309368133545 31.3301563262939
"438" 13.3966493606567 36.9177398681641 32.9904365539551
"439" 12.9494295120239 36.9627685546875 32.5822944641113
"440" 12.5579433441162 37.1678657531738 32.0833625793457
"441" 13.4326019287109 37.3807182312012 33.0599021911621
"442" 13.046501159668 37.4663619995117 32.594913482666
"443" 12.5522756576538 37.6125602722168 32.1841506958008
"444" 12.4302654266357 37.684497833252 31.820764541626
"445" 13.7625131607056 37.6606369018555 33.3830337524414
"446" 13.273097038269 37.9004287719727 32.7303428649902
"447" 12.7360534667969 38.0432891845703 32.4216651916504
"448" 12.4958372116089 38.0854835510254 32.0382957458496
"449" 12.4545955657959 38.194881439209 31.5015335083008
"450" 13.64976978302 38.2827835083008 33.267333984375
"451" 13.255651473999 38.4506301879883 32.5656433105469
"452" 12.7463283538818 38.5654640197754 32.2328071594238
"453" 12.9205055236816 38.5961456298828 31.5596904754639
"454" 13.8615016937256 38.8308334350586 33.1906242370605
"455" 13.4395952224731 38.8900451660156 32.7770538330078
"456" 13.2318382263184 39.0222396850586 32.4770278930664
"457" 12.8605241775513 39.0685234069824 31.9443016052246
"458" 14.2129545211792 39.3275184631348 33.0690155029297
"459" 13.6299314498901 39.4173583984375 32.8310317993164
"460" 13.2281723022461 39.4790191650391 32.4324798583984
"461" 12.971884727478 39.4807739257812 31.9227123260498
"462" 13.9994411468506 39.8470344543457 33.0344047546387
"463" 13.501935005188 39.8877182006836 32.6649398803711
"464" 13.1591796875 39.9073371887207 32.2336616516113
"465" 12.9293565750122 39.9324531555176 31.6788139343262
"466" 14.087025642395 40.2782096862793 33.0007667541504
"467" 13.6306324005127 40.2199172973633 32.6743240356445
"468" 13.1187677383423 40.2666664123535 32.2907180786133
"469" 12.8839063644409 40.5297355651855 31.7830810546875
"470" 13.8487310409546 40.5794372558594 33.0101699829102
"471" 13.3682518005371 40.6648902893066 32.5463218688965
"472" 12.7347316741943 40.916805267334 31.8885536193848
"473" 13.7311725616455 40.9950714111328 33.4256935119629
"474" 13.3329839706421 41.1031913757324 32.723331451416
"475" 12.5096912384033 41.1938514709473 32.2386245727539
"476" 13.4189472198486 41.4647369384766 33.406982421875
"477" 12.7760829925537 41.5043334960938 32.8161163330078
"478" 12.2697706222534 41.6127052307129 32.0118064880371
"479" 12.9276084899902 42.0141220092773 33.1447410583496
"480" 12.658748626709 42.0272064208984 32.8400192260742
"481" 12.2824115753174 42.0819206237793 32.0973587036133
"482" 12.8540267944336 42.5376625061035 33.0014114379883
"483" 12.5320377349854 42.463249206543 32.4592819213867
"484" 19.7196559906006 8.65434551239014 49.2725448608398
"485" 19.8640995025635 9.93939018249512 50.3195991516113
"486" 20.4994659423828 11.0335941314697 50.441837310791
"487" 20.459041595459 11.6394739151001 50.1249809265137
"488" 20.2716007232666 12.8472995758057 49.2970008850098
"489" 20.0338649749756 13.5029029846191 48.662784576416
"490" 19.9325714111328 9.43216514587402 50.0485343933105
"491" 20.7285385131836 11.0024423599243 51.2562980651855
"492" 21.6252689361572 11.7414255142212 51.2691650390625
"493" 20.544282913208 12.3028240203857 50.8876304626465
"494" 20.2596607208252 13.2098731994629 50.060546875
"495" 19.5479907989502 14.894139289856 49.4358177185059
"496" 19.6094360351562 10.4339618682861 51.0781593322754
"497" 21.0512313842773 11.0174674987793 51.6895980834961
"498" 21.1478385925293 11.8344068527222 52.3214569091797
"499" 21.527006149292 12.8531141281128 52.0907821655273
"500" 20.5320320129395 13.5415563583374 51.7320213317871
"501" 20.0625762939453 14.8995838165283 51.5737648010254
"502" 19.6424388885498 10.8752479553223 52.5380973815918
"503" 21.1531524658203 11.7816858291626 53.2300262451172
"504" 21.3736896514893 12.4070606231689 53.6591720581055
"505" 20.7981128692627 13.2218780517578 53.8367195129395
"506" 20.5415840148926 14.5507831573486 53.6764602661133
"507" 20.5561084747314 15.7807359695435 53.5450019836426
"508" 19.9261665344238 11.8059339523315 54.165225982666
"509" 21.4310150146484 12.2391309738159 54.7514686584473
"510" 21.6720104217529 13.1048278808594 54.864688873291
"511" 20.7412109375 14.4506645202637 54.7318840026855
"512" 20.8825454711914 15.5959196090698 54.8444786071777
"513" 20.836706161499 16.4933929443359 54.6357231140137
"514" 20.1584625244141 12.7192106246948 55.5797004699707
"515" 20.8881072998047 13.7576541900635 55.5422630310059
"516" 21.4021511077881 13.8662509918213 56.2084274291992
"517" 21.15549659729 15.2299556732178 56.0805206298828
"518" 21.3356761932373 16.7455444335938 56.2199020385742
"519" 20.2852535247803 13.6251306533813 56.9459266662598
"520" 21.1410636901855 14.5505447387695 56.8216667175293
"521" 21.2982273101807 14.7869834899902 57.3875350952148
"522" 21.4671649932861 15.9904098510742 57.1983909606934
"523" 21.818675994873 17.0105056762695 57.3140029907227
"524" 20.4906234741211 14.3270788192749 57.9722061157227
"525" 21.3363227844238 14.6502504348755 58.049934387207
"526" 21.3423080444336 15.1423225402832 58.1748962402344
"527" 21.7000503540039 16.3970203399658 58.0876731872559
"528" 22.1959838867188 17.8204879760742 58.2343444824219
"529" 20.5900897979736 15.1734294891357 58.9680480957031
"530" 21.3655128479004 15.5919208526611 58.9613761901855
"531" 21.6132106781006 15.9221839904785 58.9807662963867
"532" 22.1173915863037 17.0509510040283 58.6323928833008
"533" 22.2757759094238 18.2961521148682 58.2688255310059
"534" 20.182107925415 15.710488319397 59.9006118774414
"535" 21.1863307952881 16.0533657073975 59.8176689147949
"536" 21.9207096099854 16.5284309387207 59.3231887817383
"537" 22.2913093566895 18.2226486206055 58.580638885498
"538" 20.1780529022217 16.302791595459 60.544792175293
"539" 21.7509880065918 16.6022853851318 60.2758026123047
"540" 22.3486080169678 17.7065238952637 59.620246887207
"541" 22.49973487854 19.0022354125977 58.780029296875
"542" 20.2181930541992 16.8470764160156 61.0651588439941
"543" 22.3930721282959 17.6796684265137 60.0224914550781
"544" 22.4918594360352 18.0566253662109 59.9904594421387
"545" 22.6652984619141 19.0841293334961 59.1370429992676
"546" 20.8620662689209 17.3563976287842 61.4606971740723
"547" 22.4869060516357 17.7939529418945 60.7842025756836
"548" 22.8350105285645 18.9080963134766 60.019889831543
"549" 21.2113990783691 17.8497009277344 62.0549011230469
"550" 22.8957672119141 18.3781185150146 61.0356979370117
"551" 23.3026962280273 18.9571189880371 60.9338226318359
"552" 21.2896099090576 18.3803939819336 62.8892707824707
"553" 22.3059425354004 18.476490020752 62.7905769348145
"554" 23.5825023651123 19.2671279907227 61.026481628418
"555" 21.6656112670898 18.8336944580078 63.5979499816895
"556" 22.3626098632812 18.7847290039062 63.3458557128906
"557" 24.5105991363525 19.6133995056152 61.768798828125
"558" 21.6458835601807 19.307300567627 64.7345199584961
"559" 22.2384738922119 19.2017974853516 64.3805618286133
"560" 22.8624458312988 18.9281196594238 63.6359062194824
"561" 24.4406795501709 19.8927402496338 61.1364212036133
"562" 21.234432220459 19.6650295257568 65.7787857055664
"563" 22.2040157318115 19.6710815429688 65.7454452514648
"564" 22.8836727142334 19.7119216918945 65.6192245483398
"565" 23.8474216461182 24.4326019287109 65.0727005004883
"566" 22.1991157531738 20.3266716003418 66.9659576416016
"567" 23.0535144805908 22.7074203491211 67.3872451782227
"568" 21.1123580932617 35.6062774658203 51.6416816711426
"569" 21.7491207122803 34.4321823120117 52.2013740539551
"570" 21.9902114868164 33.5892105102539 51.9525108337402
"571" 21.613130569458 32.7949066162109 50.9948043823242
"572" 20.6874179840088 31.4457969665527 50.2829856872559
"573" 21.1671981811523 35.580680847168 51.6365356445312
"574" 21.8405914306641 34.2415924072266 52.1475639343262
"575" 22.5328750610352 34.0588188171387 53.007266998291
"576" 22.0062427520752 33.4089775085449 53.1399383544922
"577" 21.4341812133789 31.6182975769043 52.3207893371582
"578" 20.8372898101807 30.8392276763916 51.8092727661133
"579" 21.1978797912598 34.7391014099121 52.9354400634766
"580" 21.9892044067383 33.4489517211914 53.4477272033691
"581" 22.6501617431641 33.156867980957 54.26513671875
"582" 21.9953384399414 32.3822746276855 54.1122245788574
"583" 21.5037803649902 31.0218467712402 53.6886596679688
"584" 21.1465682983398 29.9388523101807 53.4251289367676
"585" 21.3247718811035 33.794792175293 54.4608955383301
"586" 22.3735847473145 33.1019172668457 55.0657653808594
"587" 22.0488414764404 32.2474327087402 55.6193084716797
"588" 21.8903942108154 31.1553897857666 55.4275016784668
"589" 21.7397232055664 29.8979549407959 55.3344459533691
"590" 21.7172889709473 28.7757930755615 55.3491630554199
"591" 21.6869945526123 32.5597953796387 56.003490447998
"592" 22.1423778533936 31.456636428833 56.1827354431152
"593" 22.1237754821777 31.2625675201416 57.0195922851562
"594" 22.0956287384033 30.4344444274902 56.6570281982422
"595" 22.0400333404541 29.0499858856201 56.6173324584961
"596" 22.1894474029541 27.9174480438232 56.7842636108398
"597" 21.6669502258301 31.7589626312256 57.1360321044922
"598" 22.5563278198242 30.9098739624023 57.6512680053711
"599" 22.2796325683594 30.1520977020264 58.3232727050781
"600" 22.3890609741211 28.9255390167236 57.9980735778809
"601" 22.6118354797363 27.4821014404297 58.0694351196289
"602" 21.7688331604004 30.6312675476074 58.4551696777344
"603" 22.460376739502 29.8288669586182 58.8076972961426
"604" 22.4514961242676 29.2846813201904 59.1858978271484
"605" 22.6687278747559 27.9221706390381 58.9417495727539
"606" 22.8759098052979 26.6175556182861 58.7889213562012
"607" 21.843225479126 29.5812740325928 59.5671081542969
"608" 22.4470138549805 29.004430770874 59.6082000732422
"609" 22.6710624694824 28.2085819244385 59.7134017944336
"610" 22.7980728149414 27.4400806427002 58.8848915100098
"611" 22.824499130249 26.3783187866211 58.3855628967285
"612" 21.6936187744141 28.7904624938965 60.4198875427246
"613" 22.5953407287598 28.0034160614014 60.4934921264648
"614" 22.8357543945312 27.7170600891113 60.0878372192383
"615" 22.90989112854 25.973690032959 59.3120231628418
"616" 21.7503089904785 28.1591415405273 61.021167755127
"617" 22.6806163787842 27.563268661499 60.968147277832
"618" 23.0456581115723 26.5059490203857 60.3407516479492
"619" 23.0237197875977 25.5556907653809 59.5652542114258
"620" 21.6773471832275 27.6517105102539 61.520565032959
"621" 22.5902462005615 27.0384864807129 61.647518157959
"622" 23.1764717102051 26.2390842437744 61.1700477600098
"623" 23.3966541290283 25.3571739196777 60.5533599853516
"624" 22.0079956054688 26.610424041748 62.2946128845215
"625" 22.600170135498 26.1989994049072 62.5136985778809
"626" 23.7683658599854 25.1929054260254 61.4156875610352
"627" 22.1202163696289 25.7741661071777 63.2263793945312
"628" 22.8332290649414 25.5720863342285 63.2511024475098
"629" 24.481803894043 24.5968971252441 62.1061210632324
"630" 24.5735301971436 24.0331268310547 61.1215209960938
"631" 22.3899745941162 25.0674133300781 64.1714401245117
"632" 22.5267143249512 24.9278755187988 64.4163208007812
"633" 23.3935508728027 24.7343158721924 64.5543746948242
"634" 23.8440284729004 24.7660980224609 64.3288421630859
"635" 21.8647117614746 24.5292987823486 65.5262908935547
"636" 22.539644241333 24.3183116912842 65.7861328125
"637" 23.0774879455566 24.1329479217529 65.9714508056641
"638" 23.2078914642334 20.0215148925781 66.1610641479492
