"V1" "V2" "V3"
"1" 20.0416584014893 23.7995204925537 50.3932266235352
"2" 20.5544 24.3228 50.3054
"3" 20.9796 24.9186 50.2221
"4" 21.4539 25.4762 50.1272
"5" 21.9054 26.0554 50.0755
"6" 22.3723 26.6236 50.0416
"7" 22.8398 27.1829 49.9281
"8" 23.2419 27.7852 49.7883
"9" 23.671 28.3747 49.6749
"10" 24.1122 28.954 49.562
"11" 24.5724 29.5241 49.4726
"12" 24.9973 30.1208 49.3846
"13" 25.468599319458 30.6859073638916 49.3226776123047
"14" 31.6676349639893 33.9017677307129 50.0204887390137
"15" 29.4408779144287 29.7350025177002 49.8226470947266
"16" 22.1419048309326 23.2752799987793 53.7169151306152
"17" 38.4470405578613 21.6603775024414 49.7054710388184
"18" 37.2975 20.8138 48.6183
"19" 36.4669 19.3802 48.03
"20" 35.3671 18.2965 48.8645
"21" 34.7488 17.2898 50.2403
"22" 34.5358 16.7705 51.9656
"23" 34.786 16.5609 53.6946
"24" 35.3161 16.7232 55.4267
"25" 35.915 17.2465 56.9188
"26" 36.9432 18.4519 57.7424
"27" 38.0321 19.8793 57.9918
"28" 38.7814 21.4123 57.6587
"29" 39.5136 22.4595 56.4645
"30" 39.8697 22.3489 54.7238
"31" 39.7047 22.3231 52.9561
"32" 39.0469 21.8542 51.4209
"33" 38.4927177429199 21.6886463165283 49.749267578125
"34" 38.4927177429199 21.6886463165283 49.749267578125
"35" 38.4470405578613 21.6603775024414 49.7054710388184
"36" 22.6289596557617 7.69017648696899 51.2406234741211
"37" 23.0034 8.3669 54.2437
"38" 24.0885 9.4045 56.9832
"39" 24.8121 10.9138 59.6379
"40" 25.0818 13.0657 61.9081
"41" 25.5103 15.4322 63.8998
"42" 27.1277 17.7684 65.1439
"43" 29.3988 19.8447 65.8013
"44" 31.8912 21.7599 65.9561
"45" 34.4821 23.3832 65.3806
"46" 37.0262 24.5996 63.9897
"47" 38.7651 24.0105 61.646
"48" 38.9575 21.8337 59.6938
"49" 37.5793 19.2105 58.8794
"50" 35.7794 17.0706 57.4345
"51" 34.7978 16.2908 54.7387
"52" 34.2263336181641 15.9906005859375 51.6741790771484
"53" 29.6752033233643 35.9568252563477 58.8433036804199
"54" 4.95915603637695 4.30859375 57.2197494506836
"55" 5.7319 3.6493 58.0678
"56" 6.9952 3.5878 58.4946
"57" 8.3425 3.4049 58.4237
"58" 9.3723 3.3971 57.63
"59" 9.4606 2.9035 56.4267
"60" 8.9016 2.2578 55.3634
"61" 8.0772 1.7761 54.3928
"62" 7.1137 1.4579 53.489
"63" 6.0449 1.389 52.6505
"64" 4.8952 1.624 51.9689
"65" 3.73037433624268 2.32749176025391 51.9051933288574
"66" 28.2782402038574 25.8654403686523 50.8943252563477
"67" 13.3939533233643 7.83703565597534 61.7999496459961
"68" 17.0125732421875 9.52816104888916 62.8294258117676
"69" 22.0627746582031 15.4917898178101 64.5869827270508
"70" 29.0939178466797 37.211856842041 59.401782989502
"71" 29.6891 36.7465 59.2504
"72" 29.705 35.9613 58.66
"73" 29.8831 35.1363 58.1289
"74" 30.0536 34.4058 57.4685
"75" 30.1535 33.7578 56.7148
"76" 30.4906 33.597 55.789
"77" 30.5629 33.6571 54.8125
"78" 30.3211 34.0352 53.9192
"79" 30.0614 34.6514 53.1839
"80" 29.7721 35.4736 52.7024
"81" 29.2093257904053 36.2591361999512 52.817253112793
"82" 24.7016944885254 12.0775594711304 60.3473701477051
"83" 22.6289596557617 7.69017648696899 51.2406234741211
"84" 21.7611 7.4121 50.2739
"85" 20.7198 6.8326 49.681
"86" 19.5956 6.2546 49.2538
"87" 18.4151 5.748 48.8846
"88" 17.2478 5.1775 48.5786
"89" 16.033 4.6595 48.3921
"90" 14.8313 4.0797 48.3575
"91" 13.5725 3.6441 48.4079
"92" 12.2926 3.3374 48.6295
"93" 11.0773 2.9119 48.9727
"94" 9.8219 2.6741 49.3517
"95" 8.5066 2.6299 49.548
"96" 7.1804 2.5573 49.6663
"97" 5.902 2.8336 49.7835
"98" 4.65323352813721 3.29703140258789 49.7784843444824
"99" 30.2635555267334 20.7111206054688 46.812671661377
"100" 31.0323 20.088 46.9826
"101" 32.0252 19.7518 47.06
"102" 32.784 19.0719 47.1581
"103" 33.3822 18.2128 47.0594
"104" 34.0421 17.52 46.7886
"105" 34.9103 17.6835 46.33
"106" 35.3208 18.3543 45.7164
"107" 34.8842 19.1506 45.4535
"108" 34.1829 19.8182 45.8387
"109" 33.5153 20.5767 46.051
"110" 32.7028 21.1818 45.7727
"111" 31.7951 21.5616 45.8786
"112" 30.8506 21.2971 46.2071
"113" 22.6289596557617 7.69017648696899 51.2406234741211
"114" 11.7496280670166 4.72893142700195 58.609245300293
"115" 20.8703269958496 6.67616271972656 54.5186004638672
"116" 13.8738822937012 9.41619110107422 50.4877777099609
"117" 38.2420120239258 31.0719490051269 51.8381309509277
"118" 13.6363458633423 8.23479652404785 62.047664642334
"119" 14.8384 9.0699 62.53
"120" 16.3152 9.4623 62.8112
"121" 17.8744 9.533 62.8079
"122" 19.3727 9.522 62.383
"123" 20.766 9.4234 61.6845
"124" 21.9153 9.4594 60.6438
"125" 22.5064 8.979 59.2845
"126" 22.6034 8.4879 57.8163
"127" 22.3243 7.9662 56.3818
"128" 21.5576 7.239 55.2317
"129" 20.5681 6.436 54.3316
"130" 19.4887 5.6644 53.5025
"131" 18.1123 5.0478 53.0993
"132" 16.6372 4.594 53.0559
"133" 15.1349 4.2506 53.3215
"134" 13.7097 4.0781 53.9264
"135" 12.6226 4.159 55.0097
"136" 12.0876 4.2434 56.4691
"137" 11.68 4.4465 57.9502
"138" 11.6311 5.0745 59.3739
"139" 12.0149 6.0785 60.4795
"140" 12.7743 7.1358 61.3399
"141" 32.7292709350586 40.0781135559082 66.558464050293
"142" 26.6425113677979 26.5916786193848 58.5897102355957
"143" 12.5504741668701 11.9628715515137 53.1353340148926
"144" 15.3238115310669 16.0305099487305 51.9109954833984
"145" 17.0397148132324 17.3611698150635 53.5635528564453
"146" 17.2529106140137 9.60396957397461 62.6552200317383
"147" 22.4101505279541 8.84776782989502 59.4897842407227
"148" 28.5609912872314 21.4847278594971 52.1534080505371
"149" 32.916690826416 26.1079368591309 57.7749900817871
"150" 32.0026 25.7753 57.4536
"151" 31.2419 25.22 57.0185
"152" 30.7774 24.4978 56.4555
"153" 30.9313 23.5892 55.97
"154" 30.4271 22.9982 55.4461
"155" 30.1704 22.5612 54.5907
"156" 29.6192 22.2435 53.7664
"157" 29.1548 21.8527 52.9212
"158" 28.5609912872314 21.4847278594971 52.1534080505371
"159" 34.2263336181641 15.9906005859375 51.6741790771484
"160" 32.916690826416 26.1079368591309 57.7749900817871
"161" 37.918643951416 30.0432319641113 64.3672866821289
"162" 29.7214851379394 32.7347679138184 58.5932540893555
"163" 29.2094790140788 27.9124393463135 57.8208134969076
"164" 42.0925216674805 31.5402488708496 59.4322738647461
"165" 32.7292709350586 40.0781135559082 66.558464050293
"166" 32.6245 39.2565 66.6538
"167" 32.5333 38.4413 66.8052
"168" 32.4797 37.6147 66.929
"169" 32.5461 36.7982 67.0904
"170" 32.5335 35.9876 67.272
"171" 32.7132 35.1787 67.3815
"172" 33.0167 34.4125 67.5305
"173" 33.3481 33.6959 67.6845
"174" 33.6075 32.9612 67.4522
"175" 34.0802 32.2781 67.3644
"176" 34.5038 31.5929 67.1449
"177" 35.0501 31.0086 66.9339
"178" 35.6557 30.6389 66.5096
"179" 36.1486 30.1792 66.0134
"180" 36.6743 29.976 65.4431
"181" 37.3599 30.0377 64.9818
"182" 37.918643951416 30.0432319641113 64.3672866821289
"183" 20.749210357666 11.6962862014771 51.8230972290039
"184" 19.4408 10.5893 51.2217
"185" 17.7263 10.1573 50.7838
"186" 15.9567 9.7351 50.6536
"187" 14.2056 9.2431 50.4702
"188" 12.4344 8.8103 50.364
"189" 10.7111 8.2752 50.4895
"190" 9.1838 7.28 50.4494
"191" 7.9079 6.1878 50.8531
"192" 6.71040153503418 6.05820560455322 51.8889770507812
"193" 20.749210357666 11.6962862014771 51.8230972290039
"194" 4.95915603637695 4.30859375 57.2197494506836
"195" 6.71040153503418 6.05820560455322 51.8889770507812
"196" 25.468599319458 30.6859073638916 49.3226776123047
"197" 18.0085468292236 21.2163543701172 52.6661415100098
"198" 20.0416584014893 23.7995204925537 50.3932266235352
"199" 22.1419048309326 23.2752799987793 53.7169151306152
"200" 21.8849 24.0605 53.3332
"201" 21.7592 24.9 53.0219
"202" 21.3047 25.6264 52.7675
"203" 20.4517 25.853 52.9162
"204" 19.6026 25.7303 53.1269
"205" 18.8664417266846 26.2054023742676 53.3344764709473
"206" 29.0939178466797 37.211856842041 59.401782989502
"207" 5.77091026306152 5.14231300354004 58.9440078735352
"208" 4.95915603637695 4.30859375 57.2197494506836
"209" 5.9863 5.4492 59.095
"210" 7.2543 7.2453 60.431
"211" 8.672 9.0439 61.5903
"212" 9.9568 11.1121 62.4028
"213" 11.3328 13.0848 63.3352
"214" 12.7639 15.1013 64.0578
"215" 14.179 17.2056 64.5299
"216" 15.6996 19.2486 64.9416
"217" 17.1289 21.3496 65.388
"218" 18.5734 23.4288 65.8121
"219" 20.0395 25.5015 66.1667
"220" 21.5341 27.5818 66.4702
"221" 22.9726 29.6894 66.8454
"222" 24.5525 31.6801 67.2818
"223" 26.071 33.7322 67.645
"224" 27.695 35.7216 67.8982
"225" 29.2571 37.6605 67.4109
"226" 30.7313766479492 39.6853828430176 66.8489685058594
"227" 30.1110572814941 37.3675918579102 51.6527786254883
"228" 16.1253967285156 19.7147579193115 65.0624847412109
"229" 30.7313766479492 39.6853828430176 66.8489685058594
"230" 3.73037433624268 2.32749176025391 51.9051933288574
"231" 4.65323352813721 3.29703140258789 49.7784843444824
"232" 34.7126388549805 44.6024703979492 64.7937164306641
"233" 29.2093257904053 36.2591361999512 52.817253112793
"234" 27.0949440002441 37.5876235961914 49.5227279663086
"235" 23.2337627410889 34.8050918579102 49.2282104492188
"236" 18.8664417266846 26.2054023742676 53.3344764709473
"237" 13.1934766769409 40.7090835571289 47.9564437866211
"238" 12.5937 39.3065 46.7847
"239" 11.2818 37.8435 46.3302
"240" 10.1679 36.5106 47.4075
"241" 9.202 35.6968 49.0018
"242" 8.7199 35.6126 50.9759
"243" 8.4942 36.0944 52.9398
"244" 8.8938 37.1869 54.6002
"245" 9.6148 38.7163 55.737
"246" 10.6659 40.4118 56.1305
"247" 12.012 41.7539 55.6384
"248" 12.9568 42.4241 54.0234
"249" 12.8364 42.3551 52.0105
"250" 13.0734 41.7433 50.0971
"251" 13.0769996643066 40.8279838562012 48.2920303344727
"252" 13.0769996643066 40.8279838562012 48.2920303344727
"253" 13.1934766769409 40.7090835571289 47.9564437866211
"254" 3.9797739982605 21.4827690124512 50.1715927124023
"255" 5.292 24.2334 56.8916
"256" 9.3356 26.7525 62.6318
"257" 12.7694 32.8513 64.8484
"258" 14.8337 39.7175 63.5331
"259" 12.3817 42.12 58.4273
"260" 8.0027 36.9189 55.6963
"261" 7.5513744354248 34.4493713378906 48.8571243286133
"262" 28.154109954834 37.450798034668 58.8795928955078
"263" 4.95915603637695 4.30859375 57.2197494506836
"264" 4.0619 4.8186 58.0676
"265" 3.5201 5.9994 58.3404
"266" 3.1501 7.2538 58.1693
"267" 3.1623 8.2246 57.3411
"268" 2.8951 8.2482 56.053
"269" 2.4407 7.5148 55.0147
"270" 2.1625 6.5047 54.1577
"271" 2.1185 5.3953 53.3696
"272" 2.2161 4.2575 52.6355
"273" 2.7789 3.2633 51.9489
"274" 3.73037433624268 2.32749176025391 51.9051933288574
"275" 19.500394821167 32.7487182617188 50.3025283813477
"276" 6.25675201416016 13.9105644226074 61.6550941467285
"277" 6.87829494476318 17.4218921661377 62.3805122375488
"278" 10.8173599243164 24.1646671295166 64.0014953613281
"279" 29.0939178466797 37.211856842041 59.401782989502
"280" 28.4 37.4824 59.1013
"281" 27.6518 37.318 58.491
"282" 27.0119 36.9684 57.844
"283" 26.4984 36.707 57.0577
"284" 26.0519 36.8043 56.2088
"285" 25.9839 37.0308 55.2722
"286" 26.2396 36.8497 54.356
"287" 26.7323 36.6577 53.5355
"288" 27.4267 36.5814 52.8683
"289" 28.3549 36.5734 52.5778
"290" 29.2093257904053 36.2591361999512 52.817253112793
"291" 6.95066404342651 25.3701419830322 59.597827911377
"292" 3.9797739982605 21.4827690124512 50.1715927124023
"293" 3.8926 20.3163 49.2446
"294" 3.6955 18.9422 48.6831
"295" 3.4828 17.5063 48.3189
"296" 3.2419 16.0467 48.0722
"297" 3.1172 14.5534 48.0306
"298" 2.9448 13.0705 47.9002
"299" 2.8308 11.5897 47.9904
"300" 2.8181 10.1437 48.3894
"301" 2.8296 8.7665 48.9811
"302" 2.9375 7.3023 49.2423
"303" 3.1669 5.8284 49.4094
"304" 3.7448 4.4806 49.6886
"305" 4.65323352813721 3.29703140258789 49.7784843444824
"306" 14.6762094497681 32.5024147033691 45.6461715698242
"307" 13.7392 33.0869 45.7179
"308" 13.0444 34.0079 45.6181
"309" 12.0686 34.5398 45.4248
"310" 10.9489 34.8268 45.3626
"311" 10.1594 35.4729 45.0321
"312" 10.4853 36.2718 44.3518
"313" 11.3875 36.5338 43.7408
"314" 12.3789 36.0882 44.0187
"315" 13.2904 35.5196 44.4367
"316" 14.2738 34.9293 44.4289
"317" 15.1831 34.2724 44.4963
"318" 15.1621 33.2006 44.8918
"319" 3.9797739982605 21.4827690124512 50.1715927124023
"320" 3.70737838745117 10.847599029541 57.766674041748
"321" 3.7665376663208 20.7070980072021 54.5340194702148
"322" 8.11698818206787 13.7039012908936 50.1540412902832
"323" 21.7135238647461 43.5281066894531 50.8014068603516
"324" 6.50532913208008 14.7778120040894 62.0769157409668
"325" 6.6948 16.3591 62.3678
"326" 6.4847 17.9491 62.4816
"327" 6.0693 19.43 62.033
"328" 5.6356 20.6632 61.114
"329" 5.303 21.6853 59.8999
"330" 4.8517 22.0816 58.4185
"331" 4.3206 22.0125 56.9072
"332" 3.9256 21.4125 55.4574
"333" 3.5699 20.4447 54.2114
"334" 3.2399 19.1322 53.3213
"335" 2.951 17.6592 52.725
"336" 2.7046 16.1039 52.39
"337" 2.5943 14.4956 52.4536
"338" 2.632 12.9629 52.9256
"339" 2.7899 11.6161 53.8129
"340" 3.1995 11.0526 55.2422
"341" 3.3731 10.803 56.823
"342" 3.7091 10.68 58.4044
"343" 4.2162 11.2885 59.7688
"344" 5.0504 12.198 60.7923
"345" 5.8287 13.4304 61.4803
"346" 31.1243000030518 41.6278114318848 66.266845703125
"347" 19.8045043945312 31.0873241424561 58.0808372497559
"348" 11.0689458847046 12.8906812667847 52.9382209777832
"349" 14.2944669723511 16.692720413208 51.9424362182617
"350" 14.5006599426269 18.9221305847168 53.235279083252
"351" 6.8324146270752 17.5183086395264 62.3539505004883
"352" 4.64474868774414 22.0920009613037 57.5444374084473
"353" 15.5560569763184 31.2698574066162 51.7703132629395
"354" 18.3512439727783 37.5706634521484 56.9306831359863
"355" 17.7386 36.9905 56.3735
"356" 17.4714 36.0905 55.9497
"357" 17.2821 35.1589 55.5835
"358" 16.6388 34.5771 55.0214
"359" 15.9954 33.9953 54.4593
"360" 15.5577 33.7152 53.6161
"361" 15.5347 32.9893 52.8916
"362" 15.5336 32.1889 52.238
"363" 15.5560569763184 31.2698574066162 51.7703132629395
"364" 7.5513744354248 34.4493713378906 48.8571243286133
"365" 18.3512439727783 37.5706634521484 56.9306831359863
"366" 19.9847793579102 42.6935348510742 64.1474990844727
"367" 26.8410453796387 36.7952766418457 58.8096771240234
"368" 20.5250116984049 34.2931772867839 57.0729026794434
"369" 20.5205898284912 47.7296524047852 56.1095314025879
"370" 31.1243000030518 41.6278114318848 66.266845703125
"371" 30.4124 41.4346 66.4318
"372" 29.7244 41.1232 66.4824
"373" 29.0096 40.9173 66.5752
"374" 28.2923 40.697 66.6573
"375" 27.5558 40.5835 66.7827
"376" 26.8029 40.5523 66.7564
"377" 26.0674 40.6855 66.668
"378" 25.3455 40.7495 66.8408
"379" 24.6699 41.0347 66.9549
"380" 23.9576 41.2739 66.858
"381" 23.2385 41.445 66.7025
"382" 22.6736 41.3565 66.2407
"383" 22.0703 41.4817 65.918
"384" 21.573 41.8743 65.52
"385" 21.0031 42.115 65.0892
"386" 20.4497 42.3402 64.6305
"387" 19.9847793579102 42.6935348510742 64.1474990844727
"388" 8.1035737991333 21.1749782562256 51.141716003418
"389" 7.9422 19.5153 50.4384
"390" 7.8314 17.7082 50.2011
"391" 7.8271 15.8822 50.0753
"392" 7.9834 14.0663 50.0615
"393" 8.0232 12.2381 50.1323
"394" 7.9831 10.4766 50.3746
"395" 7.2424 8.894 50.7922
"396" 6.6024 7.3654 50.6853
"397" 6.71040153503418 6.05820560455322 51.8889770507812
"398" 8.1035737991333 21.1749782562256 51.141716003418
"399" 30.7226543426514 20.8250408172607 46.5320205688477
"400" 30.9072399139404 21.1005706787109 46.2021293640137
"401" 30.9661293029785 20.5089321136475 46.6538047790527
"402" 31.2113800048828 20.7551040649414 46.4018135070801
"403" 31.3502597808838 21.0257873535156 46.176097869873
"404" 31.6654739379883 21.2801265716553 46.0293502807617
"405" 31.4473991394043 20.328800201416 46.5195007324219
"406" 31.5655536651611 20.4526100158691 46.4729995727539
"407" 31.7372417449951 20.7858142852783 46.2828521728516
"408" 31.9320507049561 20.9685020446777 46.1034164428711
"409" 32.2402458190918 21.1715126037598 45.9569435119629
"410" 31.7025184631348 20.2866020202637 46.5625038146973
"411" 31.676700592041 20.3278999328613 46.4957008361816
"412" 32.2492485046387 20.5916290283203 46.3373031616211
"413" 32.4769134521484 20.9300212860107 46.0569801330566
"414" 32.2120552062988 19.635856628418 47.1073112487793
"415" 32.2659645080566 20.1317138671875 46.7364959716797
"416" 32.5794486999512 20.3559761047363 46.4620132446289
"417" 32.9467430114746 20.6973819732666 46.1088104248047
"418" 32.8307571411133 19.5468425750732 46.9580688476562
"419" 32.9717864990234 20.1883602142334 46.4757461547852
"420" 33.2209167480469 20.3769874572754 46.2678070068359
"421" 32.7902908325195 19.0393085479736 47.0661201477051
"422" 33.2241592407227 20.0140895843506 46.4878997802734
"423" 33.9007759094238 20.0112533569336 45.9244651794434
"424" 33.0088996887207 19.0629100799561 46.9701957702637
"425" 33.6041030883789 19.6396636962891 46.4286231994629
"426" 33.9388847351074 19.9550609588623 45.9143180847168
"427" 32.8891792297363 18.9562473297119 47.029899597168
"428" 33.5727882385254 18.9833812713623 46.6828842163086
"429" 34.1707763671875 19.3202285766602 46.0127830505371
"430" 34.4763412475586 19.2490673065186 45.72998046875
"431" 33.3200035095215 18.5430393218994 46.9158172607422
"432" 34.1024284362793 18.4419212341309 46.370662689209
"433" 34.6024856567383 18.6945896148682 45.8431549072266
"434" 34.9105949401855 18.7140407562256 45.5421104431152
"435" 34.3466491699219 17.7521114349365 46.158863067627
"436" 34.4325752258301 17.8367595672607 46.0603904724121
"437" 34.2489051818848 17.8333206176758 46.4212112426758
"438" 14.4426002502441 32.8926010131836 45.3105010986328
"439" 14.7738561630249 32.8533821105957 45.1677856445312
"440" 14.909252166748 33.3948211669922 44.9025688171387
"441" 14.2074718475342 33.1902351379395 45.3118438720703
"442" 14.4186534881592 33.384578704834 45.0946388244629
"443" 14.7213096618652 33.6674461364746 44.8302345275879
"444" 14.8695335388184 33.8522300720215 44.6812896728516
"445" 13.8872003555298 33.2085990905762 45.4578018188477
"446" 14.0642004013062 33.5093994140625 45.1953010559082
"447" 14.6190996170044 33.8027992248535 44.7286987304688
"448" 14.6190996170044 33.8027992248535 44.7286987304688
"449" 14.6094999313354 34.268798828125 44.5474014282227
"450" 13.7598009109497 33.6840476989746 45.3097648620605
"451" 13.9365997314453 33.9973983764648 45.0379981994629
"452" 14.2891998291016 34.1347007751465 44.7789993286133
"453" 14.4385995864868 34.3782997131348 44.5717010498047
"454" 13.395299911499 34.0648994445801 45.3468017578125
"455" 13.5251264572144 34.204776763916 45.193675994873
"456" 13.7200164794922 34.4870796203613 44.9449691772461
"457" 14.0064001083374 34.6660003662109 44.6621017456055
"458" 12.2473001480103 34.4110984802246 45.4684982299805
"459" 13.4186191558838 34.4388809204102 45.135814666748
"460" 13.4258508682251 34.9189262390137 44.8831901550293
"461" 13.7551517486572 34.9355010986328 44.6952171325684
"462" 12.3096876144409 34.6173133850098 45.3852882385254
"463" 12.8989000320435 35.1267013549805 44.9575996398926
"464" 13.2910995483398 35.1339988708496 44.8089981079102
"465" 13.6819944381714 35.3378448486328 44.429573059082
"466" 12.4871129989624 34.9989318847656 45.1865119934082
"467" 12.8989000320435 35.1267013549805 44.9575996398926
"468" 12.9611349105835 35.4672927856445 44.6271743774414
"469" 12.9294004440308 35.7188987731934 44.2596015930176
"470" 12.1283531188965 34.6089630126953 45.3730545043945
"471" 12.2615633010864 35.4344635009766 44.7383766174316
"472" 12.6574401855469 35.7646217346191 44.2492980957031
"473" 11.6423864364624 34.6386871337891 45.3552627563477
"474" 11.8948755264282 35.3881072998047 44.757755279541
"475" 12.0916147232056 35.8482894897461 44.1990814208984
"476" 11.2347097396851 34.897331237793 45.2416305541992
"477" 11.5465326309204 35.6959800720215 44.380443572998
"478" 11.5992002487183 36.2127990722656 43.7382011413574
"479" 10.3273000717163 35.3623008728027 44.5429992675781
"480" 10.7320995330811 35.7593994140625 44.1720008850098
"481" 11.407078742981 36.1960906982422 43.8054885864258
"482" 10.6426477432251 35.4937400817871 44.6693077087402
"483" 10.9107503890991 35.9055480957031 44.1846923828125
"484" 21.9781455993652 7.96291446685791 52.0005531311035
"485" 21.7227344512939 8.40792560577393 52.4327087402344
"486" 21.5677394866943 8.71475601196289 52.6236534118652
"487" 21.3425216674805 9.35177803039551 52.7669944763184
"488" 21.3716163635254 10.1091775894165 52.7591361999512
"489" 21.3507652282715 10.8628015518188 52.5092353820801
"490" 21.0379886627197 7.3397650718689 50.9438858032227
"491" 20.7139415740967 7.65651559829712 51.8129768371582
"492" 20.4863052368164 8.03292179107666 52.0996284484863
"493" 20.2114086151123 8.72111892700195 52.038990020752
"494" 20.3513221740723 9.35994243621826 51.8671875
"495" 20.2698993682861 10.5311002731323 51.5833015441895
"496" 20.1464214324951 6.7965235710144 50.3032379150391
"497" 19.8728580474854 6.99655055999756 51.0564804077148
"498" 19.7392272949219 7.2930908203125 51.5270462036133
"499" 19.3729343414307 7.89063692092896 51.5185089111328
"500" 19.2065601348877 8.58510780334473 51.2238159179688
"501" 18.4314002990723 9.745849609375 50.8827018737793
"502" 19.1375999450684 6.23583269119263 49.8065948486328
"503" 18.6862239837646 6.42776775360107 50.6099472045898
"504" 18.5785827636719 6.60556745529175 50.9772262573242
"505" 18.7584857940674 6.33916854858398 50.2641754150391
"506" 17.5572071075439 7.86517286300659 50.5324440002441
"507" 17.2350997924805 9.37977027893066 50.6380004882812
"508" 17.9293651580811 5.63613414764404 49.4968566894531
"509" 17.7251605987549 5.94001960754395 50.4108085632324
"510" 17.5220470428467 6.40179252624512 50.8410491943359
"511" 17.1434764862061 7.46985101699829 50.4364013671875
"512" 16.9502429962158 7.68671846389771 50.4035873413086
"513" 16.5447006225586 9.07240962982178 50.5786018371582
"514" 16.6813926696777 5.14401340484619 49.4427452087402
"515" 16.6913986206055 5.35611391067505 50.074462890625
"516" 16.8067245483398 5.38040590286255 49.8706817626953
"517" 16.0534515380859 7.00022649765015 50.2925033569336
"518" 15.3989629745483 8.68670558929443 50.5251274108887
"519" 15.7601003646851 4.65714979171753 48.6884002685547
"520" 15.7431325912476 4.90641212463379 49.7065658569336
"521" 15.7381572723389 4.90446329116821 49.7067337036133
"522" 15.0898418426514 6.90337181091309 50.2148399353027
"523" 14.5204801559448 8.30318832397461 50.5684089660645
"524" 14.7868824005127 4.21793651580811 48.7703819274902
"525" 14.8765306472778 4.52142143249512 49.7652015686035
"526" 14.7793045043945 4.49108791351318 49.7831954956055
"527" 14.0790548324585 6.50408267974854 50.2029304504395
"528" 13.2205028533936 8.215163230896 50.4158973693848
"529" 13.6046648025513 3.81194281578064 48.8589782714844
"530" 13.2083053588867 5.99239730834961 50.3398475646973
"531" 13.2719259262085 6.00427484512329 50.3338775634766
"532" 13.1310920715332 6.48518753051758 50.415355682373
"533" 12.8354997634888 8.05317974090576 50.2807006835938
"534" 13.0246715545654 3.62558555603027 48.8679389953613
"535" 12.2308969497681 5.7479248046875 50.4404144287109
"536" 12.1105270385742 5.92988777160645 50.3237648010254
"537" 12.2759628295898 6.29417133331299 50.4113502502441
"538" 11.7429304122925 3.31630849838257 49.3354110717773
"539" 11.7607746124268 5.48757648468018 50.5818481445312
"540" 11.5131072998047 5.7221531867981 50.5059509277344
"541" 10.9772996902466 7.65079021453857 50.5667991638184
"542" 11.0609512329102 3.08760786056519 49.3235054016113
"543" 10.494460105896 5.39750671386719 50.6953201293945
"544" 10.6387853622437 5.42784786224365 50.6724586486816
"545" 10.831000328064 5.74561977386475 50.5671997070312
"546" 10.1292572021484 2.91592979431152 49.6297569274902
"547" 10.2064571380615 5.29630374908447 50.7799415588379
"548" 10.0468254089355 5.47592067718506 50.8012275695801
"549" 9.31524753570557 2.83540558815002 49.8818740844727
"550" 9.17779636383057 5.2231183052063 51.0565528869629
"551" 9.06342029571533 5.30288982391357 51.0279998779297
"552" 8.54972553253174 2.79189157485962 49.8917236328125
"553" 8.61705017089844 3.1169011592865 50.6750831604004
"554" 8.73019886016846 5.46340990066528 51.1016998291016
"555" 7.90763568878174 2.81270003318787 50.0618743896484
"556" 7.87657976150513 3.03192520141602 50.6908226013184
"557" 7.0288028717041 4.81978797912598 52.1702995300293
"558" 7.13289022445679 2.85389995574951 50.1133003234863
"559" 7.13289022445679 2.85389995574951 50.1133003234863
"560" 6.80381298065186 3.11119627952576 50.7444305419922
"561" 6.82556056976318 5.7503137588501 51.834041595459
"562" 6.29356718063354 2.84823036193848 49.9273376464844
"563" 6.07024765014648 3.23294281959534 50.7942657470703
"564" 5.45255136489868 3.68816447257996 51.1789245605469
"565" 4.79892063140869 4.2510986328125 51.2192802429199
"566" 5.28836584091187 3.44524025917053 50.5251083374023
"567" 4.7075457572937 4.09077787399292 50.8413887023926
"568" 3.16811156272888 20.2423782348633 51.0158309936523
"569" 3.30729126930237 20.671365737915 51.9803123474121
"570" 4.3643217086792 20.3098335266113 50.550422668457
"571" 6.19673871994019 20.1115226745605 51.209041595459
"572" 7.09434032440186 20.7475280761719 51.3288841247559
"573" 3.88201212882996 19.1394214630127 49.5115928649902
"574" 4.07341957092285 18.4774475097656 49.8738670349121
"575" 4.17281484603882 18.3327331542969 50.1959686279297
"576" 4.67266511917114 18.4886302947998 50.7081298828125
"577" 5.92275953292847 18.846529006958 50.5619506835938
"578" 7.29251003265381 18.8715991973877 50.3133010864258
"579" 3.53290700912476 17.2974376678467 48.848819732666
"580" 3.69251275062561 16.5307483673096 49.3118667602539
"581" 3.90124654769897 16.3223915100098 49.8863067626953
"582" 3.75999331474304 17.0791454315186 49.4161148071289
"583" 5.72073602676392 17.1402454376221 49.8813896179199
"584" 7.10889196395874 17.0930099487305 50.0938949584961
"585" 3.26433968544006 15.4475154876709 48.3187103271484
"586" 3.36662173271179 14.8343734741211 48.9745254516602
"587" 3.42139577865601 14.8692770004272 49.0616188049316
"588" 5.31122446060181 15.3489103317261 49.6727447509766
"589" 5.56572675704956 15.5240831375122 49.6208000183105
"590" 7.25691890716553 15.5546913146973 49.9826431274414
"591" 3.10154819488525 13.8321409225464 48.1851654052734
"592" 3.23134231567383 13.5151739120483 49.0192527770996
"593" 3.31283760070801 13.9251203536987 49.0857467651367
"594" 5.26562070846558 14.1004915237427 49.7090454101562
"595" 5.45224046707153 14.4211654663086 49.6009292602539
"596" 7.03649997711182 14.042799949646 50.0040016174316
"597" 3.00235342979431 12.7439060211182 48.1886177062988
"598" 3.18963694572449 12.6261510848999 49.1292152404785
"599" 3.17837524414062 12.3894548416138 49.1744804382324
"600" 5.27903938293457 12.6066913604736 49.751277923584
"601" 6.98961353302002 13.3049793243408 50.0742950439453
"602" 2.92012906074524 11.6274690628052 48.4248199462891
"603" 3.16708993911743 11.6206998825073 49.3112983703613
"604" 4.65430116653442 11.530632019043 50.1421585083008
"605" 5.41734170913696 11.934476852417 49.8922424316406
"606" 7.12616443634033 12.1576337814331 50.0951499938965
"607" 2.9317262172699 10.5661106109619 48.8973388671875
"608" 4.5315408706665 10.9377374649048 50.2496223449707
"609" 4.65091133117676 10.8893327713013 50.2354316711426
"610" 5.3716402053833 11.0110998153687 49.9924011230469
"611" 7.06158018112183 11.5396995544434 50.1972007751465
"612" 3.14317989349365 9.98381042480469 49.6991996765137
"613" 4.57866334915161 9.69731521606445 50.6261901855469
"614" 5.23387622833252 10.1981048583984 50.2327461242676
"615" 5.47410917282104 10.0989665985107 50.1953735351562
"616" 3.12338352203369 9.30281734466553 49.6755599975586
"617" 4.84642791748047 9.28362369537354 50.6925048828125
"618" 5.10393810272217 9.20116901397705 50.6253356933594
"619" 5.44587993621826 9.5308198928833 50.4007987976074
"620" 3.22711873054504 8.28446865081787 50.0574188232422
"621" 3.32598304748535 7.96413660049438 50.3044624328613
"622" 4.94485473632812 8.42537021636963 50.9664115905762
"623" 5.36891651153564 8.12408447265625 50.9416847229004
"624" 3.25139999389648 7.37091016769409 50.043701171875
"625" 3.5100200176239 7.19483995437622 50.5637016296387
"626" 3.49562239646912 7.1579442024231 50.5282554626465
"627" 3.42912006378174 6.35846996307373 50.0479011535645
"628" 3.52577567100525 6.45588684082031 50.4511451721191
"629" 3.77179574966431 5.87835311889648 50.7626838684082
"630" 6.06521320343018 6.7053017616272 51.4931449890137
"631" 3.59524011611938 5.8218297958374 50.0956001281738
"632" 3.59524011611938 5.8218297958374 50.0956001281738
"633" 4.42228651046753 4.66912937164307 51.1454582214355
"634" 4.79658985137939 4.25426959991455 51.219554901123
"635" 3.80510091781616 5.13129329681396 50.0989646911621
"636" 4.1439471244812 4.69179821014404 50.4043579101562
"637" 4.59923315048218 4.18267154693604 50.7597846984863
"638" 4.92850017547607 4.03947257995605 51.1627502441406
