"V1" "V2" "V3"
"1" 46.4611206054688 39.7821998596191 76.8259658813477
"2" 46.871 39.7907 77.7333
"3" 47.1904 39.8011 78.6731
"4" 47.2857 39.748 79.6524
"5" 47.7117 39.7602 80.5523
"6" 47.151 39.8085 81.1511
"7" 46.4037 39.8438 81.8081
"8" 46.2559 40.0234 82.6176
"9" 45.6899 40.0496 83.4364
"10" 45.4642 39.9909 84.3698
"11" 45.3609 39.932 85.3522
"12" 45.3613 39.8298 86.33
"13" 45.3617782592773 39.9063949584961 87.3227081298828
"14" 47.3424758911133 26.269889831543 100.108528137207
"15" 50.1781959533691 32.4453544616699 91.0759506225586
"16" 36.4265670776367 36.0851669311523 76.3280868530273
"17" 50.8647384643555 12.5314178466797 93.1760025024414
"18" 51.4737 11.6089 90.2394
"19" 49.8255 12.1435 87.8537
"20" 47.3642 11.7769 85.9748
"21" 45.0734 10.0131 84.7849
"22" 42.407 8.3896 84.4502
"23" 39.5417 7.3916 85.3546
"24" 36.8138 6.6366 86.6857
"25" 34.3095 6.1696 88.5651
"26" 32.6304 6.052 91.1169
"27" 32.0329 6.1766 94.1957
"28" 31.9299 6.0629 97.3477
"29" 32.4932 5.8857 100.438
"30" 34.3938 5.819 102.8809
"31" 37.2776 5.4755 103.8426
"32" 40.4047 5.8271 104.0457
"33" 43.0907516479492 6.40429496765137 102.658699035645
"34" 43.0907516479492 6.40429496765137 102.658699035645
"35" 50.8647384643555 12.5314178466797 93.1760025024414
"36" 57.3153381347656 18.4460411071777 51.3857383728027
"37" 56.1868 17.4974 53.1728
"38" 56.2501 16.6281 55.4776
"39" 56.4836 15.7772 57.7642
"40" 56.3384 14.8758 60.0504
"41" 55.8624 13.8643 62.1616
"42" 55.0813 12.6548 64.0939
"43" 54.644 11.8176 66.3629
"44" 54.6481 11.2219 68.75
"45" 54.3732 10.9188 71.1713
"46" 53.8075 10.6651 73.5548
"47" 53.4655 10.4117 75.976
"48" 53.3713 10.4343 78.4366
"49" 53.5283 10.7564 80.8693
"50" 54.4965 11.1033 83.0928
"51" 56.4333 11.3373 84.5498
"52" 58.0843353271484 11.4452896118164 86.365852355957
"53" 24.2164459228516 36.3020362854004 102.516876220703
"54" 30.4064102172852 38.0813827514648 19.9424514770508
"55" 30.95 36.0081 18.9084
"56" 31.2034 33.701 19.1789
"57" 32.6016 31.8043 19.0558
"58" 34.7389 30.771 18.7495
"59" 36.8913 30.3273 18.3318
"60" 38.6648 30.9855 16.8813
"61" 40.3452 31.9785 15.4887
"62" 42.0476 33.2301 14.3525
"63" 43.3249 34.6225 13.138
"64" 43.7845 36.5429 12.5312
"65" 43.4768524169922 38.592212677002 13.7515230178833
"66" 51.0112724304199 27.991849899292 94.7090911865234
"67" 20.3383750915527 20.4281711578369 43.334659576416
"68" 20.2335968017578 19.7010154724121 44.9051361083984
"69" 15.3596057891846 23.8341903686523 51.5862197875977
"70" 20.7417850494385 39.6756324768066 105.76872253418
"71" 21.9433 38.168 105.8919
"72" 22.97 37.3422 103.8973
"73" 24.4069 36.1361 102.5467
"74" 26.3102 34.9021 101.8175
"75" 28.2888 33.6914 101.3619
"76" 30.5386 33.0288 101.4543
"77" 32.8915 33.1573 101.7377
"78" 34.7944 34.4413 102.0111
"79" 36.1547 36.2853 102.2489
"80" 36.9153 38.4941 102.572
"81" 37.5791549682617 40.562572479248 101.686965942383
"82" 34.147762298584 6.03070068359375 75.8061904907227
"83" 57.3153381347656 18.4460411071777 51.3857383728027
"84" 59.5928 19.753 49.3707
"85" 59.4995 21.0113 46.018
"86" 59.186 22.2201 42.6797
"87" 58.7982 23.3463 39.3115
"88" 58.3686 24.3232 35.9264
"89" 57.7413 25.0083 32.4769
"90" 57.5203 25.8919 29.0112
"91" 56.771 26.7708 25.6182
"92" 56.2711 27.7753 22.223
"93" 55.9129 28.8995 18.8466
"94" 55.7347 30.029 15.4972
"95" 55.3647 31.1488 12.3147
"96" 55.1944 32.8553 9.2134
"97" 55.2031 35.28 6.7145
"98" 54.1448745727539 38.6079521179199 6.05805587768555
"99" 59.1828117370605 23.5179939270019 87.4467926025391
"100" 58.3958 21.1328 86.9208
"101" 58.0816 18.4695 87.398
"102" 59.0056 15.9625 86.7813
"103" 59.3539 13.2713 86.7029
"104" 59.3016 11.3291 87.8395
"105" 60.2527 11.2908 90.3623
"106" 60.523 11.5389 93.0547
"107" 61.143 13.3078 94.3629
"108" 61.0072 15.9791 94.1213
"109" 60.3946 18.5742 94.0099
"110" 60.5773 21.2501 94.1899
"111" 60.2748 23.3519 92.5218
"112" 59.8203 24.1992 89.9896
"113" 57.3153381347656 18.4460411071777 51.3857383728027
"114" 35.3468551635742 25.6529769897461 27.157169342041
"115" 50.4540786743164 20.8092422485352 43.6691741943359
"116" 51.3456268310547 33.9776344299316 26.6609497070312
"117" 42.9280738830566 18.5978279113769 108.483947753906
"118" 33.0907325744629 24.8731098175049 27.0290241241455
"119" 28.4708 24.6086 29.1808
"120" 25.1119 23.2021 32.7197
"121" 22.5499 21.46 36.7862
"122" 20.6109 20.7898 41.4165
"123" 20.0188 18.5178 45.9549
"124" 20.5491 14.997 49.5691
"125" 21.3326 12.2988 53.7929
"126" 22.2064 10.7055 58.5079
"127" 25.2963 10.3251 62.3806
"128" 30.1179 9.4184 63.7295
"129" 35.119 9.7519 62.8746
"130" 40.013 10.2953 61.4882
"131" 44.4984 11.3652 59.3171
"132" 47.6675 13.5028 55.9372
"133" 49.2442 16.0587 51.7939
"134" 50.4586 18.7601 47.6255
"135" 50.8291 20.7343 42.886
"136" 50.5969 22.6838 38.1351
"137" 49.5388 24.4689 33.427
"138" 47.3832 25.6662 28.9673
"139" 43.2427 26.1165 26.069
"140" 38.1252 25.8737 26.5427
"141" 6.48063659667969 37.5029373168945 109.625396728516
"142" 24.0428924560547 32.0338745117188 80.5164489746094
"143" 40.0822563171387 35.9314880371094 36.3129844665527
"144" 44.8718948364258 39.5845832824707 50.5833435058594
"145" 39.6197471618652 34.1480369567871 71.3219757080078
"146" 20.2011318206787 19.8239250183106 44.8271560668945
"147" 42.4909286499023 10.7161560058594 60.4856491088867
"148" 37.1718444824219 22.3537082672119 80.5811462402344
"149" 30.2825126647949 22.4057006835938 89.6216278076172
"150" 29.2643 21.015 88.2771
"151" 29.4688 20.5048 86.154
"152" 29.5565 20.393 84.0295
"153" 30.234 19.0313 82.4609
"154" 31.0546 17.5949 81.2623
"155" 32.8247 17.5998 80.0975
"156" 34.5986 18.8086 79.8793
"157" 36.0145 20.4946 80.1687
"158" 37.1718444824219 22.3537082672119 80.5811462402344
"159" 58.0843353271484 11.4452896118164 86.365852355957
"160" 30.2825126647949 22.4057006835938 89.6216278076172
"161" 15.1622743606567 16.3857765197754 100.679069519043
"162" 27.1608772277832 30.4741744995117 97.4929504394531
"163" 27.4343249003092 28.1172472635905 89.8844985961914
"164" 35.9836654663086 9.87776184082031 115.597862243652
"165" 6.48063659667969 37.5029373168945 109.625396728516
"166" 6.1908 36.7794 107.9807
"167" 5.9758 36.6081 106.1762
"168" 5.94 36.3892 104.3728
"169" 5.8524 35.3572 102.8997
"170" 5.9439 33.9651 101.7235
"171" 6.0656 32.3376 101.0109
"172" 6.3781 30.6721 100.4268
"173" 6.5379 29.1558 99.5459
"174" 7.1905 27.5572 99.3166
"175" 7.9741 25.9896 98.9644
"176" 8.9025 24.4961 98.683
"177" 9.7356 22.8781 98.5621
"178" 10.6002 21.3384 98.6814
"179" 11.5797 19.8846 99.0767
"180" 12.6436 18.5445 99.5345
"181" 13.7432 17.1919 99.9005
"182" 15.1622743606567 16.3857765197754 100.679069519043
"183" 49.1475372314453 27.7085189819336 50.2697372436523
"184" 48.9316 28.8704 47.9379
"185" 48.8328 29.8566 45.5132
"186" 48.7636 30.6661 42.9944
"187" 48.7342 31.4202 40.4589
"188" 48.546 32.409 38.0053
"189" 48.9158 33.3002 35.5698
"190" 49.4777 34.3748 33.2261
"191" 49.0413 36.4064 31.8256
"192" 48.3909721374512 38.7973899841309 31.1246566772461
"193" 49.1475372314453 27.7085189819336 50.2697372436523
"194" 30.4064102172852 38.0813827514648 19.9424514770508
"195" 48.3909721374512 38.7973899841309 31.1246566772461
"196" 45.3617782592773 39.9063949584961 87.3227081298828
"197" 40.1177711486816 39.4395484924316 63.2385063171387
"198" 46.4611206054688 39.7821998596191 76.8259658813477
"199" 36.4265670776367 36.0851669311523 76.3280868530273
"200" 36.8826 37.6458 76.0947
"201" 36.6508 38.6135 75.0003
"202" 36.8852 39.1291 73.537
"203" 36.7508 39.8193 75.0354
"204" 36.8581 41.0573 75.998
"205" 36.3071250915527 42.5703926086426 76.6061248779297
"206" 20.7417850494385 39.6756324768066 105.76872253418
"207" 22.411039352417 37.5320358276367 29.6486988067627
"208" 30.4064102172852 38.0813827514648 19.9424514770508
"209" 26.854 37.8506 22.6747
"210" 24.1072 37.6221 26.1881
"211" 21.7617 37.3873 30.0446
"212" 19.5256 37.7125 33.9354
"213" 16.8207 37.781 37.5125
"214" 14.5323 37.5822 41.3642
"215" 12.7728 37.6556 45.5134
"216" 11.4676 37.7816 49.8419
"217" 10.4449 38.0623 54.2287
"218" 9.4289 38.111 58.5782
"219" 8.3171 38.395 62.9357
"220" 8.0056 38.4346 67.4466
"221" 7.9618 38.7707 71.943
"222" 7.5617 38.6436 76.4311
"223" 6.874 39.0554 80.8373
"224" 6.3835 38.9464 85.3196
"225" 5.8336 38.5344 89.776
"226" 5.73786735534668 38.6716995239258 94.2770690917969
"227" 41.1484107971191 40.4384307861328 103.042533874512
"228" 11.6293926239014 37.5929756164551 49.2629432678223
"229" 5.73786735534668 38.6716995239258 94.2770690917969
"230" 43.4768524169922 38.592212677002 13.7515230178833
"231" 54.1448745727539 38.6079521179199 6.05805587768555
"232" 14.3497638702393 39.6798324584961 126.186744689941
"233" 37.5791549682617 40.562572479248 101.686965942383
"234" 44.7330551147461 54.8532180786133 97.9253692626953
"235" 49.5313568115234 46.3568954467773 89.5428314208984
"236" 36.3071250915527 42.5703926086426 76.6061248779297
"237" 49.712718963623 67.6761474609375 91.1843948364258
"238" 48.9432 67.9487 87.8156
"239" 46.6239 67.703 85.1878
"240" 43.9175 69.213 83.5454
"241" 41.1097 71.3076 83.6511
"242" 38.0262 72.7698 84.5567
"243" 34.9645 73.2502 86.3159
"244" 32.3833 73.2287 88.7679
"245" 31.2883 73.2382 92.1543
"246" 30.8779 73.3512 95.7161
"247" 31.0527 73.5856 99.2767
"248" 32.5569 73.8548 102.4884
"249" 35.636 74.413 103.6672
"250" 38.9534 73.265 103.5464
"251" 41.8737564086914 72.6118774414062 101.668128967285
"252" 41.8737564086914 72.6118774414062 101.668128967285
"253" 49.712718963623 67.6761474609375 91.1843948364258
"254" 56.3249053955078 60.7151374816895 50.8333587646484
"255" 54.9792 63.2152 55.4361
"256" 54.6855 65.5181 60.4939
"257" 53.0398 68.0591 65.231
"258" 52.5381 68.9131 70.7446
"259" 51.9332 69.1317 76.3474
"260" 52.3802 68.7753 81.8845
"261" 56.371036529541 68.8524169921875 85.7702178955078
"262" 23.984827041626 43.3840103149414 101.884910583496
"263" 30.4064102172852 38.0813827514648 19.9424514770508
"264" 31.2026 39.9854 18.8766
"265" 31.2132 42.3014 19.1111
"266" 31.981 44.3991 19.193
"267" 34.0261 45.454 18.734
"268" 36.2991 45.9418 18.3671
"269" 38.1527 45.4993 17.0413
"270" 39.9669 44.7772 15.7164
"271" 41.8064 43.6641 14.7644
"272" 42.9449 42.121 13.7121
"273" 43.44 40.6322 12.6329
"274" 43.4768524169922 38.592212677002 13.7515230178833
"275" 50.6281700134277 52.3596115112305 94.3299255371094
"276" 19.1219863891602 54.886589050293 41.8455657958984
"277" 18.717414855957 56.6321716308594 43.8874893188477
"278" 13.9149322509766 52.6470985412598 50.8807830810547
"279" 20.7417850494385 39.6756324768066 105.76872253418
"280" 21.541 41.5432 105.5466
"281" 22.4675 42.3537 103.5366
"282" 23.9017 43.326 101.9806
"283" 25.6927 44.6439 101.1896
"284" 27.5759 46.007 100.7845
"285" 29.6466 47.1007 100.9202
"286" 31.9559 47.3181 101.229
"287" 34.0408 46.2849 101.352
"288" 35.6171 44.6372 101.8492
"289" 36.8022 42.6466 102.2702
"290" 37.5791549682617 40.562572479248 101.686965942383
"291" 34.614429473877 72.4734344482422 73.2464141845703
"292" 56.3249053955078 60.7151374816895 50.8333587646484
"293" 58.4745 59.2884 48.0742
"294" 58.266 57.6326 44.356
"295" 58.0599 56.1167 40.563
"296" 57.8062 54.7441 36.7088
"297" 57.3538 53.5009 32.8405
"298" 56.8428 52.2677 28.979
"299" 56.4959 50.9926 25.1323
"300" 55.7317 49.6135 21.3592
"301" 55.2477 48.2264 17.537
"302" 55.5149 46.8287 13.7087
"303" 54.9274 45.1554 10.0585
"304" 54.7035 42.4482 7.1445
"305" 54.1448745727539 38.6079521179199 6.05805587768555
"306" 58.0238075256348 57.0140647888184 86.5421371459961
"307" 57.1222 59.6994 86.1993
"308" 56.6291 62.5065 86.2763
"309" 57.314 65.1853 85.4945
"310" 57.4429 68.0114 85.9115
"311" 58.4641 69.3056 88.0617
"312" 59.1235 69.352 90.8617
"313" 59.3012 68.045 93.2691
"314" 60.0944 65.3325 93.2513
"315" 59.2653 62.6832 92.9049
"316" 59.7121 59.8532 93.1675
"317" 59.5413 57.4045 91.7586
"318" 58.84 56.3241 89.2071
"319" 56.3249053955078 60.7151374816895 50.8333587646484
"320" 33.8730583190918 50.9120483398438 27.0642166137695
"321" 49.9851531982422 58.4624557495117 44.6361770629883
"322" 50.4943771362305 43.1623802185059 27.0153560638428
"323" 42.4599838256836 61.0230178833008 108.100204467773
"324" 31.985631942749 50.9703750610352 27.5256404876709
"325" 27.1495 51.3991 29.7901
"326" 23.1436 52.9457 32.8957
"327" 20.4451 54.5627 37.2627
"328" 18.7997 55.9269 41.9295
"329" 18.5389 59.5975 45.7307
"330" 18.9514 62.9385 49.9063
"331" 19.3157 65.6392 54.5281
"332" 21.0156 66.4125 59.4389
"333" 25.4456 67.891 61.9565
"334" 30.5898 68.879 62.7492
"335" 35.8442 69.1411 61.5722
"336" 40.7803 68.194 59.6757
"337" 44.8349 66.3386 56.7207
"338" 47.2608 63.791 52.6649
"339" 48.7648 60.8956 48.4298
"340" 50.0596 58.3214 43.967
"341" 50.1568 56.1697 39.0285
"342" 49.3269 53.8852 34.2179
"343" 47.3079 52.0984 29.5831
"344" 42.7324 50.845 27.2137
"345" 37.3548 50.6141 26.9968
"346" 6.14363527297974 40.8521423339844 109.117942810059
"347" 23.2754001617432 46.5990791320801 80.4401092529297
"348" 40.2105598449707 40.5356140136719 36.8162384033203
"349" 44.9059524536133 39.6399116516113 50.4756660461426
"350" 39.5784759521484 44.572208404541 70.8108367919922
"351" 18.5406970977783 56.4374313354492 43.7667236328125
"352" 40.8386726379395 67.8161773681641 59.2541809082031
"353" 35.728443145752 58.094612121582 80.2310485839844
"354" 29.5952320098877 56.9740753173828 89.7542266845703
"355" 28.5338 58.0062 88.2859
"356" 28.6847 58.6378 86.4159
"357" 28.1048 58.9399 84.6091
"358" 28.5865 59.8873 82.8379
"359" 29.3624 60.9839 81.2314
"360" 30.8163 61.4207 79.8143
"361" 32.5852 60.6965 79.1237
"362" 34.1811 59.3795 79.5675
"363" 35.728443145752 58.094612121582 80.2310485839844
"364" 56.371036529541 68.8524169921875 85.7702178955078
"365" 29.5952320098877 56.9740753173828 89.7542266845703
"366" 13.912410736084 63.7185249328613 99.7334899902344
"367" 26.4036350250244 49.0332984924316 96.9620666503906
"368" 26.8953978220622 50.794864654541 89.2875391642253
"369" 34.8068618774414 70.1994018554688 114.642807006836
"370" 6.14363527297974 40.8521423339844 109.117942810059
"371" 5.961 41.3847 107.2884
"372" 5.9659 41.8659 105.4572
"373" 6.0268 42.1988 103.5804
"374" 5.8885 43.174 101.9822
"375" 5.6775 44.4195 100.6003
"376" 5.5787 46.1729 99.9011
"377" 5.6557 47.8491 99.2058
"378" 6.0536 49.7074 99.2916
"379" 6.7209 51.4759 99.2547
"380" 7.3799 53.2217 98.8537
"381" 8.0458 54.9348 98.4088
"382" 8.7954 56.6105 98.0828
"383" 9.692 58.2207 97.7725
"384" 10.5828 59.842 97.7696
"385" 11.6458 61.389 97.9177
"386" 12.6905 62.8083 98.5906
"387" 13.912410736084 63.7185249328613 99.7334899902344
"388" 48.2971572875977 51.3314514160156 51.9298782348633
"389" 48.5518 50.3229 49.2929
"390" 48.6202 49.3676 46.6057
"391" 48.3882 48.0407 44.1013
"392" 48.3227 47.0331 41.435
"393" 48.5865 46.0657 38.7706
"394" 48.8774 44.9873 36.1523
"395" 49.2185 43.7002 33.641
"396" 48.8635 41.4101 32.1066
"397" 48.3909721374512 38.7973899841309 31.1246566772461
"398" 48.2971572875977 51.3314514160156 51.9298782348633
"399" 60.2357864379883 23.6148090362549 88.4018096923828
"400" 60.813045501709 23.5799617767334 89.97119140625
"401" 59.7922630310059 22.4840450286865 88.0025787353516
"402" 60.3536415100098 22.4849224090576 89.4375152587891
"403" 60.785831451416 22.6645393371582 90.6981887817383
"404" 61.1052703857422 22.4420604705811 92.1555252075195
"405" 59.501522064209 21.3088035583496 87.9030227661133
"406" 60.0770950317383 21.3577404022217 89.1681442260742
"407" 60.7215347290039 21.5849838256836 90.6217575073242
"408" 61.0089263916016 21.5494499206543 91.7514343261719
"409" 61.0110206604004 21.286449432373 93.1678619384766
"410" 59.2852210998535 20.1718044281006 88.2739868164062
"411" 59.9107322692871 20.2173442840576 89.6574249267578
"412" 60.4513626098633 20.3560886383057 90.9560928344727
"413" 60.838264465332 20.2863998413086 92.5282135009766
"414" 58.6917953491211 19.2341804504395 88.0023880004883
"415" 59.3651008605957 19.2194709777832 89.1642913818359
"416" 59.8954849243164 19.1419658660889 90.5406188964844
"417" 60.4954795837402 19.0381317138672 92.4813613891602
"418" 59.2034454345703 18.19775390625 88.8107223510742
"419" 59.8335151672363 18.0455207824707 90.382209777832
"420" 60.3407363891602 17.9219341278076 92.0850296020508
"421" 59.3540840148926 17.3503341674805 88.238037109375
"422" 60.2299880981445 17.1434841156006 90.4603729248047
"423" 61.1588554382324 16.6388378143311 92.0231323242188
"424" 60.1462211608887 16.273157119751 88.5224609375
"425" 60.8492279052734 15.973482131958 90.3585739135742
"426" 61.1845321655273 15.6425075531006 91.8301544189453
"427" 60.3311996459961 15.4551706314087 87.240837097168
"428" 60.8376617431641 15.1067981719971 89.0074768066406
"429" 61.4103317260742 14.5511407852173 90.7604904174805
"430" 61.6501350402832 13.968542098999 92.7650375366211
"431" 60.4108505249023 13.9850959777832 87.6642150878906
"432" 61.189266204834 13.4619445800781 89.1620101928711
"433" 61.6925048828125 13.2948751449585 90.7754974365234
"434" 61.4782028198242 12.6331424713135 92.1660308837891
"435" 60.7694854736328 12.5520877838135 88.0382919311523
"436" 60.8728065490723 12.2221250534058 90.1962203979492
"437" 60.4355812072754 11.8715543746948 88.9875564575195
"438" 58.7233428955078 57.5309371948242 86.9842987060547
"439" 59.3029365539551 57.3002662658691 88.0874862670898
"440" 59.8540000915527 57.4103813171387 89.6008453369141
"441" 58.8437423706055 58.4140625 87.3388137817383
"442" 59.4163436889648 58.245418548584 88.4837036132812
"443" 59.9140357971191 58.1064720153809 89.9411468505859
"444" 60.0128898620605 58.1504745483398 90.8339614868164
"445" 58.3713340759277 59.2584800720215 86.9378204345703
"446" 59.1636352539062 59.2843360900879 88.3865966796875
"447" 59.7754402160645 59.1544151306152 89.6111373901367
"448" 60.0680923461914 59.006908416748 90.6589889526367
"449" 60.1684532165527 59.1238021850586 91.9663314819336
"450" 58.2576446533203 60.2693061828613 87.4448318481445
"451" 59.0577201843262 60.2680473327637 88.9742584228516
"452" 59.6563568115234 60.2029190063477 90.34619140625
"453" 59.9547653198242 60.2076225280762 91.7399673461914
"454" 57.7648048400879 61.2842292785645 87.4356155395508
"455" 58.5062828063965 61.2033843994141 88.6263046264648
"456" 58.9099006652832 61.3212432861328 89.6807708740234
"457" 59.5025825500488 61.2430763244629 91.1583862304688
"458" 57.4774017333984 62.3458251953125 86.9977340698242
"459" 58.2852745056152 62.3027496337891 88.3726272583008
"460" 58.8233451843262 62.2958030700684 89.8100967407227
"461" 59.2939567565918 62.1289367675781 91.2466506958008
"462" 58.0434608459473 63.2577209472656 87.1054077148438
"463" 58.7038154602051 63.2424812316895 88.7684478759766
"464" 59.1446418762207 63.1674194335938 90.2125701904297
"465" 59.4750747680664 63.0784759521484 91.8133316040039
"466" 58.5932350158691 64.1598892211914 87.2031555175781
"467" 58.9424133300781 63.9101371765137 88.3988876342773
"468" 59.5086402893066 63.9379348754883 89.9366912841797
"469" 60.0194206237793 64.3217697143555 91.2286376953125
"470" 58.8422660827637 64.6761322021484 87.2746963500977
"471" 59.5680160522461 64.7662353515625 88.8822402954102
"472" 60.3340492248535 65.1906433105469 91.0376358032227
"473" 58.8739814758301 65.7525863647461 86.5375289916992
"474" 59.8183555603027 65.8945465087891 88.542839050293
"475" 60.4522743225098 66.1414184570312 90.6607131958008
"476" 59.2256050109863 67.0834426879883 87.0878524780273
"477" 60.2156181335449 66.9985122680664 89.27490234375
"478" 59.7876930236816 67.0941543579102 91.7359924316406
"479" 59.4612312316895 68.0243911743164 87.7888488769531
"480" 60.0171966552734 67.970100402832 89.5439147949219
"481" 60.2118034362793 68.0140686035156 91.5810775756836
"482" 59.2675857543945 68.8156967163086 88.8543395996094
"483" 59.6852912902832 68.6093063354492 90.47119140625
"484" 56.276439666748 19.4737892150879 50.4734992980957
"485" 55.2795753479004 20.0406608581543 49.6622734069824
"486" 54.1445999145508 23.4752006530762 51.1834983825684
"487" 50.1770973205566 23.242431640625 49.5372505187988
"488" 49.9752998352051 23.3852996826172 49.976001739502
"489" 49.1834983825684 26.2332992553711 50.4347991943359
"490" 56.8148727416992 21.28297996521 47.039737701416
"491" 54.2457008361816 22.0189990997314 46.2369995117188
"492" 51.7031517028809 23.559642791748 45.8152313232422
"493" 51.6491012573242 23.6128005981445 45.8328018188477
"494" 49.6743354797363 26.971643447876 46.5813407897949
"495" 49.4891929626465 27.9727363586426 47.4043006896973
"496" 57.1334991455078 23.5296993255615 44.5595016479492
"497" 56.3120994567871 23.9839992523193 44.1707000732422
"498" 52.9552803039551 23.9393081665039 43.1531448364258
"499" 51.7230987548828 24.5967998504639 42.546501159668
"500" 49.8754997253418 27.3073997497559 42.7704010009766
"501" 49.6211853027344 29.0045890808105 42.9506683349609
"502" 57.112979888916 23.4520606994629 40.4893531799316
"503" 55.4943008422852 24.0725994110107 39.6328010559082
"504" 53.5918006896973 24.6819000244141 39.4418983459473
"505" 50.7160987854004 27.4125995635986 38.192699432373
"506" 49.9933013916016 30.2875995635986 38.0556983947754
"507" 49.8625640869141 30.6201725006104 38.2497253417969
"508" 57.9914016723633 25.9568996429443 35.9348983764648
"509" 54.5088996887207 24.8733997344971 37.274299621582
"510" 52.1691055297852 25.8307971954346 36.3656883239746
"511" 50.9637298583984 28.3198413848877 35.4240684509277
"512" 50.1427040100098 31.3297729492188 35.8298225402832
"513" 49.9595069885254 31.6522407531738 36.0583267211914
"514" 56.4271011352539 25.2236995697021 33.690601348877
"515" 54.9759941101074 25.5080833435059 34.0754089355469
"516" 51.2967796325684 28.8130950927734 33.5064811706543
"517" 51.1526184082031 29.4396095275879 32.9388732910156
"518" 49.6819839477539 31.739128112793 32.5007781982422
"519" 56.1659545898438 26.0403366088867 30.5305194854736
"520" 54.4482002258301 26.297399520874 30.8605995178223
"521" 51.7617416381836 29.7975463867188 30.64524269104
"522" 51.6509017944336 30.8421993255615 30.3498992919922
"523" 50.1171417236328 32.1521415710449 30.3780994415283
"524" 55.8558807373047 26.5679092407227 28.5895004272461
"525" 54.2799415588379 26.675178527832 29.0570182800293
"526" 51.5796775817871 28.959846496582 29.5700950622559
"527" 52.0241165161133 31.1682357788086 29.057300567627
"528" 51.0224418640137 33.5017318725586 28.0032215118408
"529" 54.9853858947754 27.1287460327148 26.370174407959
"530" 52.0936012268066 30.6686191558838 27.7537479400635
"531" 52.241081237793 30.8254699707031 27.9630794525146
"532" 51.9773826599121 32.0647583007812 28.0839595794678
"533" 50.7307548522949 34.5788879394531 28.251501083374
"534" 54.9665985107422 27.5926990509033 24.6683006286621
"535" 51.8706665039062 30.8358345031738 26.576488494873
"536" 52.1293334960938 31.5845642089844 26.9980792999268
"537" 51.1718521118164 33.3912887573242 27.5882892608643
"538" 54.3602638244629 27.9693489074707 23.3314266204834
"539" 51.9872016906738 31.2609004974365 26.0856990814209
"540" 52.2704467773438 32.5117416381836 26.9412879943848
"541" 49.2879447937012 34.6105880737305 27.4944801330566
"542" 54.1181983947754 28.2422676086426 22.5059051513672
"543" 51.9221954345703 31.9032497406006 24.6983489990234
"544" 51.414421081543 33.1088981628418 26.3634147644043
"545" 49.710319519043 34.3271865844727 28.9555320739746
"546" 54.114616394043 28.6202449798584 21.3677749633789
"547" 51.4226722717285 31.5878276824951 24.0806064605713
"548" 51.0253410339355 34.7653160095215 26.922664642334
"549" 53.4214210510254 29.1635055541992 19.8371105194092
"550" 51.7730712890625 32.8311996459961 23.0729789733887
"551" 50.3292541503906 34.4209289550781 25.6095085144043
"552" 53.6296005249023 29.9237003326416 17.5527000427246
"553" 51.3060684204102 33.0609397888184 21.3845615386963
"554" 50.7716293334961 35.1576805114746 25.1829967498779
"555" 53.6103324890137 30.4787864685059 16.074743270874
"556" 51.2275314331055 33.8269119262695 19.7307243347168
"557" 48.7845001220703 36.679515838623 23.482271194458
"558" 53.7560005187988 31.7334995269775 12.6658000946045
"559" 50.9722328186035 34.7393989562988 17.3422069549561
"560" 49.8169288635254 36.3599548339844 21.3274631500244
"561" 48.9567947387695 37.9590492248535 24.7323360443115
"562" 53.2071075439453 33.4354972839355 10.15833568573
"563" 51.1073036193848 36.4118766784668 15.3764390945435
"564" 49.6564865112305 37.3270950317383 17.6112842559814
"565" 47.907283782959 38.6702461242676 21.552490234375
"566" 50.6129989624023 37.0688018798828 14.265700340271
"567" 49.4369888305664 38.5090675354004 16.2098789215088
"568" 54.6508522033691 58.8288345336914 49.0840187072754
"569" 52.3059768676758 58.0014686584473 48.6724700927734
"570" 50.2356376647949 56.6550445556641 48.6699867248535
"571" 49.1318016052246 54.6988983154297 48.8320007324219
"572" 48.5414199829102 52.5240097045898 50.1637191772461
"573" 55.7444534301758 57.7580833435059 46.7611923217773
"574" 54.0151519775391 56.9609298706055 45.8582611083984
"575" 52.5598258972168 56.3181037902832 45.3685455322266
"576" 50.8790016174316 55.2953910827637 45.2199935913086
"577" 49.065071105957 51.7595634460449 44.900333404541
"578" 48.933277130127 50.2392234802246 45.2308464050293
"579" 55.9607925415039 56.1991119384766 43.0858192443848
"580" 53.838680267334 55.2986183166504 42.2867774963379
"581" 52.2247505187988 54.3002052307129 41.7076187133789
"582" 51.1744804382324 53.5716018676758 41.1314315795898
"583" 49.2614212036133 50.0055198669434 41.2084999084473
"584" 49.094856262207 48.4262809753418 41.362964630127
"585" 55.8912086486816 54.7497596740723 39.1035003662109
"586" 53.9701118469238 53.9499588012695 38.5150527954102
"587" 51.9958953857422 52.9787101745605 37.763111114502
"588" 50.1977005004883 50.3339996337891 37.1363983154297
"589" 49.6412620544434 47.6868515014648 36.976692199707
"590" 49.3930358886719 46.2555122375488 36.7382392883301
"591" 55.0468864440918 53.3113784790039 35.0460395812988
"592" 52.9348983764648 52.5414009094238 34.8307991027832
"593" 50.7494239807129 50.0733261108398 34.0734405517578
"594" 50.8198471069336 49.1224517822266 33.4328155517578
"595" 50.0150985717773 46.6176986694336 33.3212013244629
"596" 49.898796081543 44.9281806945801 32.5738410949707
"597" 54.9208106994629 52.3794937133789 31.9575729370117
"598" 53.0423431396484 51.7654151916504 31.4739685058594
"599" 51.0666999816895 48.7574996948242 30.6874008178711
"600" 51.3395652770996 47.2902374267578 30.1553173065186
"601" 50.6781425476074 44.8804016113281 29.3449440002441
"602" 54.5772895812988 51.3534469604492 28.5190467834473
"603" 52.5117034912109 50.8635063171387 28.3255386352539
"604" 51.359447479248 47.6679000854492 28.6532287597656
"605" 51.7911643981934 45.9635734558105 27.9082183837891
"606" 50.8274307250977 44.1830558776855 27.4863605499268
"607" 54.0068016052246 50.5017013549805 25.966100692749
"608" 51.1164474487305 47.4488563537598 27.1589031219482
"609" 51.190845489502 47.0031700134277 26.6258716583252
"610" 52.0098114013672 44.9625701904297 26.9357662200928
"611" 50.8292655944824 43.5957565307617 26.9942035675049
"612" 53.2851638793945 49.8580627441406 24.0974445343018
"613" 51.3557395935059 46.1706314086914 25.4205741882324
"614" 51.8553695678711 45.3295478820801 25.5321826934814
"615" 51.0017127990723 43.3533935546875 26.4390316009521
"616" 52.7675018310547 49.2178230285645 22.5062923431396
"617" 51.1763954162598 45.9762382507324 24.6729946136475
"618" 51.0015983581543 44.2736015319824 25.3987007141113
"619" 50.546085357666 42.1651306152344 26.1973972320557
"620" 53.3690986633301 48.8372993469238 21.0990009307861
"621" 50.8598289489746 45.3707427978516 23.1014823913574
"622" 50.8647766113281 44.3501319885254 24.0774211883545
"623" 50.4625663757324 42.5699844360352 25.8727054595947
"624" 53.0276260375977 48.1660652160645 19.3339195251465
"625" 50.8707542419434 44.4498062133789 21.7533683776855
"626" 49.4803314208984 43.0839996337891 23.6741428375244
"627" 53.139575958252 47.2734489440918 17.0756855010986
"628" 50.7009658813477 43.7334289550781 20.0947685241699
"629" 49.4380035400391 41.8490219116211 22.069055557251
"630" 48.9237670898438 39.5465965270996 25.0653266906738
"631" 50.5934066772461 42.4646186828613 17.1095027923584
"632" 50.6526145935059 42.6170043945312 17.8409576416016
"633" 49.8408813476562 41.0849952697754 20.142951965332
"634" 47.9929351806641 38.878791809082 21.813850402832
"635" 53.1077499389648 45.2400321960449 12.2703456878662
"636" 50.930965423584 40.812068939209 15.3904628753662
"637" 49.4277000427246 39.6814308166504 17.1021537780762
"638" 48.0014457702637 38.9972229003906 17.8061981201172
