"V1" "V2" "V3"
"1" 28.2956161499023 23.7639770507812 5.12837409973145
"2" 28.6776 23.9792 5.0364
"3" 29.0399 24.2306 4.9667
"4" 29.4088 24.4438 4.8299
"5" 29.79 24.6433 4.7089
"6" 30.1678 24.8635 4.6119
"7" 30.5446 25.082 4.5068
"8" 30.9107 25.3172 4.401
"9" 31.2925 25.5356 4.316
"10" 31.6835 25.7388 4.2356
"11" 32.0629 25.9652 4.1648
"12" 32.4384 26.1914 4.0726
"13" 32.8108139038086 26.4263229370117 3.98984909057617
"14" 36.2461929321289 26.6515884399414 4.28092861175537
"15" 34.502025604248 25.1322631835938 3.80155181884766
"16" 29.4081230163574 22.3990345001221 6.66341972351074
"17" 35.2701263427734 18.5861625671387 3.65536260604858
"18" 34.5921 18.0573 3.2917
"19" 33.7417 17.6842 3.2981
"20" 32.9528 17.2074 3.4774
"21" 32.1777 16.8054 3.8156
"22" 31.5308 16.5292 4.4098
"23" 31.1264 16.5422 5.2237
"24" 31.1488 16.4869 6.1568
"25" 31.4506 16.3606 7.0333
"26" 32.0239 16.4772 7.7661
"27" 32.814 16.6296 8.2284
"28" 33.6347 17.0451 8.3541
"29" 34.3853 17.6029 8.3055
"30" 35.0955 18.1246 7.9895
"31" 35.4716 18.3179 7.2713
"32" 35.3375 18.1954 6.3584
"33" 35.3634948730469 18.3891372680664 5.44783687591553
"34" 35.3634948730469 18.3891372680664 5.44783687591553
"35" 35.2701263427734 18.5861625671387 3.65536260604858
"36" 24.5321731567383 14.3751058578491 4.70564365386963
"37" 25.0203 14.3756 5.307
"38" 25.3195 14.1935 5.9862
"39" 25.849 13.9549 6.4968
"40" 26.5533 13.926 6.7899
"41" 27.3205 13.9821 6.791
"42" 28.0058 14.1213 6.4792
"43" 28.5001 14.4211 5.9579
"44" 28.8588 14.7658 5.3798
"45" 29.4968 15.1027 5.0914
"46" 30.0901 15.4885 4.7739
"47" 30.6234 15.809 4.3084
"48" 31.1699 16.0313 3.7995
"49" 31.7257 16.3407 3.3532
"50" 32.3911 16.6545 3.1265
"51" 33.0264 17.0475 2.9101
"52" 33.6001014709473 17.4690284729004 2.59252452850342
"53" 36.5403289794922 27.0546474456787 9.75929260253906
"54" 15.6218566894531 15.9653177261353 9.97751045227051
"55" 16.0327 15.5574 9.9463
"56" 16.4503 15.2343 9.6912
"57" 16.6846 14.7867 9.4515
"58" 16.9298 14.6006 8.9833
"59" 16.8785 14.4696 8.4136
"60" 16.7246 14.3732 7.8537
"61" 16.523 14.3736 7.3001
"62" 16.342 14.5251 6.774
"63" 15.9773 14.7226 6.3568
"64" 15.5402 15.0494 6.1505
"65" 15.237699508667 15.5351409912109 6.02006244659424
"66" 34.2941246032715 22.6052207946777 4.38167190551758
"67" 20.1441326141357 16.5685710906982 12.1962146759033
"68" 22.070276260376 16.4081344604492 12.40784740448
"69" 25.340145111084 18.0642871856689 13.2347869873047
"70" 36.1468811035156 28.6114292144775 10.6850652694702
"71" 36.4719 28.0965 10.4731
"72" 36.5265 27.6049 10.0976
"73" 36.4314 27.1327 9.6659
"74" 36.3132 26.6788 9.2221
"75" 36.2034 26.3829 8.6696
"76" 36.1673 26.2968 8.0341
"77" 36.1595 26.3922 7.3965
"78" 36.1411 26.6234 6.805
"79" 35.9882 27.0339 6.3352
"80" 35.8426 27.6214 6.1402
"81" 35.710880279541 28.2365188598633 5.98838806152344
"82" 28.4057102203369 14.1091232299805 8.61294937133789
"83" 24.5321731567383 14.3751058578491 4.70564365386963
"84" 23.9242 14.3716 4.4642
"85" 23.2841 14.336 4.3288
"86" 22.6263 14.3313 4.2861
"87" 21.9751 14.3892 4.2045
"88" 21.3187 14.4345 4.1713
"89" 20.6714 14.4995 4.2336
"90" 20.029 14.5897 4.3264
"91" 19.3839 14.5956 4.4572
"92" 18.7317 14.6237 4.5404
"93" 18.085 14.6244 4.669
"94" 17.4597 14.6661 4.8621
"95" 16.8603 14.7282 5.1071
"96" 16.2628 14.8564 5.0619
"97" 15.6746 15.0424 5.0229
"98" 15.2774543762207 15.4387178421021 5.35275173187256
"99" 32.5424423217773 20.1531105041504 2.59064555168152
"100" 32.5693 19.713 2.7109
"101" 32.8818 19.3611 2.8366
"102" 33.1397 18.9534 2.8227
"103" 33.2927 18.5459 2.6089
"104" 33.4616 18.1848 2.3313
"105" 33.7932 18.0392 2.0301
"106" 34.0376 18.3807 1.8055
"107" 34.0868 18.8267 1.8958
"108" 34.0312 19.2641 2.0867
"109" 33.8282 19.674 2.0376
"110" 33.5427 20.0443 1.8908
"111" 33.2298 20.3772 2.0182
"112" 32.8534 20.3851 2.2908
"113" 24.5321731567383 14.3751058578491 4.70564365386963
"114" 17.9968223571777 14.5335788726807 9.36677742004395
"115" 24.1685314178467 13.5623893737793 7.29526424407959
"116" 21.2027969360352 17.9023361206055 5.44107484817505
"117" 38.4803085327148 24.3017101287842 6.26890230178833
"118" 17.9408683776856 14.662127494812 9.8870677947998
"119" 18.288 15.1366 10.674
"120" 18.8881 15.5941 11.3043
"121" 19.528 16.1285 11.8081
"122" 20.3986 16.3293 12.2325
"123" 21.3449 16.2985 12.4294
"124" 22.3179 16.2585 12.3784
"125" 23.2091 15.8888 12.2104
"126" 24.0323 15.3971 11.9724
"127" 24.6423 14.8499 11.4424
"128" 24.9938 14.3501 10.688
"129" 25.0694 13.9516 9.7894
"130" 24.9922 13.6944 8.84
"131" 24.5816 13.5597 7.9642
"132" 23.9972 13.6012 7.1684
"133" 23.2488 13.7827 6.5557
"134" 22.3681 13.9395 6.143
"135" 21.411 14.0372 5.9595
"136" 20.4379 14.1708 6.0554
"137" 19.5244 14.2469 6.4067
"138" 18.8787 14.359 7.1396
"139" 18.3874 14.4256 7.9929
"140" 18.0621 14.5001 8.9186
"141" 35.1390762329102 28.2251071929932 13.2890033721924
"142" 33.1744804382324 22.6500625610352 10.0556011199951
"143" 19.992000579834 17.8676624298096 7.38147163391113
"144" 25.2196941375732 21.104061126709 6.47550678253174
"145" 23.9322776794434 18.7425422668457 7.70037698745728
"146" 22.1233196258545 16.4006786346436 12.4249639511108
"147" 24.9577541351318 13.6580772399902 8.66778659820557
"148" 31.2761039733887 20.4110431671143 7.23447132110596
"149" 34.4166145324707 22.1935939788818 9.0927848815918
"150" 33.7625 21.5896 8.9864
"151" 33.376 20.8051 9.1142
"152" 32.6267 20.2865 9.2492
"153" 32.1447 19.4831 9.3667
"154" 31.6358 18.7335 9.0732
"155" 31.1548 18.2465 8.4688
"156" 31.1647 18.8071 7.7908
"157" 31.5334 19.6003 7.4153
"158" 31.2761039733887 20.4110431671143 7.23447132110596
"159" 33.6001014709473 17.4690284729004 2.59252452850342
"160" 34.4166145324707 22.1935939788818 9.0927848815918
"161" 31.7590599060059 16.3060722351074 10.0377693176269
"162" 36.0387115478516 26.0887489318848 9.49505996704102
"163" 33.8683204650879 23.0518054962158 9.61389350891113
"164" 39.8756828308105 23.9002799987793 8.04911613464355
"165" 35.1390762329102 28.2251071929932 13.2890033721924
"166" 34.1351 27.4424 13.2158
"167" 33.0292 26.8141 13.3231
"168" 31.9273 26.2065 13.527
"169" 30.9457 25.4294 13.7139
"170" 30.1276 24.4608 13.8623
"171" 29.4712 23.3759 13.9784
"172" 28.9337 22.2238 14.0836
"173" 28.3428 21.0935 14.0706
"174" 27.6463 20.0424 13.9144
"175" 27.0072 18.9693 13.6403
"176" 26.6844 17.8678 13.243
"177" 26.5571 16.7448 12.6451
"178" 27.3264 16.02 12.035
"179" 28.3713 15.617 11.442
"180" 29.5681 15.6805 10.9998
"181" 30.6592 15.8398 10.4086
"182" 31.7590599060059 16.3060722351074 10.0377693176269
"183" 26.7055606842041 18.2285823822021 5.30595016479492
"184" 25.8836 18.9426 5.5615
"185" 24.7877 19.2267 5.7558
"186" 23.585 19.0346 5.7508
"187" 22.3966 18.8584 5.5577
"188" 21.3292 18.556 5.3159
"189" 20.2901 17.9465 5.1093
"190" 19.3224 17.2138 5.0872
"191" 18.3576 16.5015 5.2611
"192" 17.5662879943848 16.9145774841309 5.68373775482178
"193" 26.7055606842041 18.2285823822021 5.30595016479492
"194" 15.6218566894531 15.9653177261353 9.97751045227051
"195" 17.5662879943848 16.9145774841309 5.68373775482178
"196" 32.8108139038086 26.4263229370117 3.98984909057617
"197" 25.6018562316894 21.9799251556396 6.53327131271362
"198" 28.2956161499023 23.7639770507812 5.12837409973145
"199" 29.4081230163574 22.3990345001221 6.66341972351074
"200" 29.3442 22.9258 6.3404
"201" 29.0646 23.3536 6.0354
"202" 28.6702 23.8103 5.9103
"203" 28.365 24.3353 6.0068
"204" 28.1467 24.8727 6.2238
"205" 27.7705936431885 25.2456912994385 6.51663446426392
"206" 36.1468811035156 28.6114292144775 10.6850652694702
"207" 19.450080871582 18.1406497955322 12.3252182006836
"208" 15.6218566894531 15.9653177261353 9.97751045227051
"209" 16.6555 16.4912 10.6635
"210" 17.7296 17.0106 11.3023
"211" 18.7221 17.6684 11.9454
"212" 19.7553 18.3407 12.5069
"213" 20.809 19.0756 12.929
"214" 21.9583 19.7282 13.2167
"215" 23.0199 20.5324 13.4613
"216" 24.155 21.2502 13.6395
"217" 25.2638 21.989 13.7974
"218" 26.3455 22.782 13.8981
"219" 27.5195 23.4247 14.0788
"220" 28.6391 24.1809 14.0325
"221" 29.7748 24.9117 13.9599
"222" 30.8998 25.6377 13.7696
"223" 32.0212 26.3672 13.5627
"224" 33.1083 27.1495 13.3716
"225" 34.238 27.8853 13.2756
"226" 35.387638092041 28.5832901000977 13.4203090667725
"227" 36.2550048828125 28.525369644165 5.75964736938477
"228" 23.5319805145264 20.8759078979492 13.5073184967041
"229" 35.387638092041 28.5832901000977 13.4203090667725
"230" 15.237699508667 15.5351409912109 6.02006244659424
"231" 15.2774543762207 15.4387178421021 5.35275173187256
"232" 40.3985595703125 31.4009342193604 11.1383762359619
"233" 35.710880279541 28.2365188598633 5.98838806152344
"234" 34.491870880127 29.2236042022705 3.99779033660889
"235" 32.7791328430176 28.7543144226074 3.70520210266113
"236" 27.7705936431885 25.2456912994385 6.51663446426392
"237" 26.8565139770508 31.8914985656738 2.94638347625732
"238" 26.0334 31.3334 2.6126
"239" 25.1218 30.8177 2.7426
"240" 24.3159 30.2688 3.1178
"241" 23.6151 29.7861 3.7385
"242" 23.2583 29.4817 4.651
"243" 23.115 29.5748 5.6807
"244" 23.2646 29.9561 6.6409
"245" 23.6449 30.5089 7.4444
"246" 24.3481 31.1798 7.7921
"247" 25.2051 31.7973 7.7895
"248" 26.1009 32.2665 7.52
"249" 26.7767 32.5737 6.8922
"250" 26.5846 32.4366 5.8908
"251" 26.8412017822266 32.2676773071289 4.89984703063965
"252" 26.8412017822266 32.2676773071289 4.89984703063965
"253" 26.8565139770508 31.8914985656738 2.94638347625732
"254" 18.4975051879883 24.8374366760254 5.03114986419678
"255" 18.5137 25.8865 6.2704
"256" 19.2732 27.2729 6.3779
"257" 20.3279 27.9829 5.263
"258" 21.6094 28.828 4.4923
"259" 22.7879 29.5253 3.4608
"260" 24.0251 30.2554 2.5407
"261" 25.4385452270508 31.0243949890137 1.92517590522766
"262" 35.0309677124023 29.6426696777344 9.62832260131836
"263" 15.6218566894531 15.9653177261353 9.97751045227051
"264" 15.4578 16.4926 9.8496
"265" 15.2639 16.9676 9.6027
"266" 15.0289 17.3674 9.3057
"267" 15.0199 17.5259 8.784
"268" 14.9345 17.5899 8.2261
"269" 14.7999 17.3981 7.706
"270" 14.8055 17.2738 7.1579
"271" 14.8157 16.8929 6.7562
"272" 14.8824 16.5578 6.3101
"273" 14.975 16.0108 6.1841
"274" 15.237699508667 15.5351409912109 6.02006244659424
"275" 30.2479820251465 29.3350448608398 4.0710277557373
"276" 18.2993946075439 19.5339107513428 11.9809379577637
"277" 18.696928024292 21.7908706665039 12.3043842315674
"278" 22.3679962158203 23.6477508544922 13.2665500640869
"279" 36.1468811035156 28.6114292144775 10.6850652694702
"280" 35.616 28.9589 10.613
"281" 35.4947 29.4608 10.2175
"282" 35.1137 29.6267 9.7539
"283" 34.7199 29.6572 9.2147
"284" 34.3717 29.7128 8.6509
"285" 34.2392 29.6257 8.0092
"286" 34.2641 29.5214 7.3487
"287" 34.4142 29.3784 6.7162
"288" 34.7302 29.0641 6.2258
"289" 35.2546 28.7218 6.0467
"290" 35.710880279541 28.2365188598633 5.98838806152344
"291" 19.8341064453125 28.3409309387207 8.34539794921875
"292" 18.4975051879883 24.8374366760254 5.03114986419678
"293" 18.2561 24.306 4.476
"294" 17.9039 23.6108 4.2217
"295" 17.5507 22.8849 4.1214
"296" 17.217 22.1357 4.0486
"297" 16.9173 21.3702 4.0395
"298" 16.647 20.5996 4.1315
"299" 16.3905 19.8402 4.3122
"300" 16.0555 19.113 4.5011
"301" 15.7319 18.3936 4.731
"302" 15.4201 17.6622 4.9286
"303" 15.2144 16.9164 5.0298
"304" 15.0536 16.1237 5.0276
"305" 15.2774543762207 15.4387178421021 5.35275173187256
"306" 27.2470550537109 28.6891250610352 2.31811809539795
"307" 26.8191 29.0409 2.3208
"308" 26.6597 29.5795 2.4332
"309" 26.3331 30.0235 2.3966
"310" 26.0185 30.3618 2.0702
"311" 25.8767 30.7306 1.66
"312" 26.1472 31.1173 1.4183
"313" 26.6436 31.0407 1.3127
"314" 27.028 30.6968 1.5155
"315" 27.3903 30.3341 1.7077
"316" 27.6225 29.8278 1.5821
"317" 27.8033 29.3056 1.686
"318" 27.6381 28.8138 1.9272
"319" 18.4975051879883 24.8374366760254 5.03114986419678
"320" 15.6134977340698 18.4727115631104 9.55749893188477
"321" 17.2886333465576 24.2575359344482 6.99407863616943
"322" 20.0847415924072 19.7509002685547 5.36423349380493
"323" 33.4992485046387 32.4789276123047 6.11931228637695
"324" 15.6097211837769 18.3999576568604 9.99142932891846
"325" 16.2231 18.6435 10.8038
"326" 17.055 18.9314 11.365
"327" 17.8283 19.4067 11.841
"328" 18.4572 20.119 12.2705
"329" 18.7729 21.0833 12.398
"330" 18.8953 22.052 12.2709
"331" 18.852 23.0483 12.0141
"332" 18.8386 23.9981 11.6257
"333" 18.4861 24.6729 10.9221
"334" 18.1492 25.073 10.0185
"335" 17.8505 25.2071 9.0266
"336" 17.5502 25.0256 8.0469
"337" 17.3603 24.4307 7.2149
"338" 17.1943 23.6468 6.54
"339" 16.9694 22.7516 6.0488
"340" 16.616 21.7837 5.8586
"341" 16.2892 20.7974 5.9309
"342" 15.8947 19.9013 6.2769
"343" 15.6236 19.2377 7.0191
"344" 15.4933 18.7642 7.9448
"345" 15.472 18.4906 8.9551
"346" 34.8752403259277 28.4464302062988 13.3376302719116
"347" 29.5181198120117 28.6315612792969 9.76462173461914
"348" 19.5849838256836 18.6971988677979 7.29238128662109
"349" 24.6493663787842 22.0950622558594 6.47842264175415
"350" 21.8538513183594 22.285623550415 7.43539905548096
"351" 18.7062454223633 21.7690563201904 12.3127737045288
"352" 17.6596565246582 25.1669254302979 8.33119583129883
"353" 26.8711891174316 27.8335227966309 6.63375568389893
"354" 29.5492248535156 30.0960330963135 8.66593647003174
"355" 28.6169 29.8864 8.7135
"356" 27.6671 29.7101 8.7292
"357" 26.8174 29.3038 8.9634
"358" 25.9743 28.884 9.1031
"359" 25.2571 28.629 8.6467
"360" 24.6913 28.2855 8.0447
"361" 25.4476 28.4046 7.5123
"362" 26.3048 28.3665 7.0792
"363" 26.8711891174316 27.8335227966309 6.63375568389893
"364" 25.4385452270508 31.0243949890137 1.92517590522766
"365" 29.5492248535156 30.0960330963135 8.66593647003174
"366" 23.4516410827637 30.3427581787109 9.54815864562988
"367" 33.8592109680176 29.6602325439453 9.37586212158203
"368" 30.0784282684326 29.1174278259277 9.19839668273926
"369" 33.6548690795898 33.7754058837891 7.58839559555054
"370" 34.8752403259277 28.4464302062988 13.3376302719116
"371" 33.7307 27.6974 13.2595
"372" 32.5863 26.9481 13.3008
"373" 31.4698 26.1959 13.559
"374" 31.1789 26.0397 13.6066
"375" 29.953 25.46 13.7504
"376" 28.6226 25.1602 13.8586
"377" 27.2591 25.0691 13.8565
"378" 25.8907 25.0586 13.8768
"379" 24.5534 24.8323 13.7434
"380" 23.2343 24.6167 13.4791
"381" 22.0116 24.8748 12.9511
"382" 21.0898 25.5909 12.2386
"383" 20.4712 26.4783 11.4355
"384" 20.7842 27.6244 10.9104
"385" 21.6401 28.6419 10.5906
"386" 22.4815 29.6279 10.1446
"387" 23.4516410827637 30.3427581787109 9.54815864562988
"388" 22.6543140411377 24.7328968048096 5.23801898956299
"389" 23.0422 23.6863 5.4222
"390" 23.061 22.5533 5.7107
"391" 22.2527 21.6087 5.6702
"392" 21.5582 20.5891 5.4868
"393" 20.7436 19.6723 5.2813
"394" 19.7564 18.9273 5.1016
"395" 18.6677 18.3178 5.0425
"396" 17.5594 17.7764 5.2299
"397" 17.5662879943848 16.9145774841309 5.68373775482178
"398" 22.6543140411377 24.7328968048096 5.23801898956299
"399" 32.0270843505859 20.0255680084229 1.97523725032806
"400" 32.6208038330078 20.0989933013916 1.92948532104492
"401" 32.2351608276367 19.6244087219238 2.02709341049194
"402" 32.6545333862305 19.7823257446289 2.01542377471924
"403" 32.8737640380859 19.9523429870605 2.01150155067444
"404" 33.2431488037109 20.1343421936035 2.08575582504272
"405" 32.5641059875488 19.4076290130615 2.27285742759705
"406" 32.6536407470703 19.4194831848145 1.92216277122498
"407" 32.8712196350098 19.657169342041 1.89134085178375
"408" 33.0930366516113 19.7934265136719 1.95080733299255
"409" 33.0518798828125 19.4089107513428 1.79979002475739
"410" 32.7043304443359 19.09108543396 2.16229033470154
"411" 32.8413429260254 19.1874599456787 1.92190551757812
"412" 32.9962158203125 19.3558902740479 1.82255017757416
"413" 33.3587837219238 19.6407699584961 1.93749308586121
"414" 32.6636390686035 18.7290992736816 2.16686797142029
"415" 33.1688842773438 19.2800426483154 2.49179983139038
"416" 33.3203887939453 19.3528690338135 2.29705214500427
"417" 33.4981842041016 19.3820781707764 1.92408394813538
"418" 32.7719421386719 18.8167419433594 1.93352997303009
"419" 33.4113235473633 19.1734218597412 2.29248595237732
"420" 33.5549011230469 19.2245597839355 1.96499156951904
"421" 33.1950187683105 18.9297771453857 2.46537899971008
"422" 33.4693908691406 19.1121006011963 2.23783922195435
"423" 33.5989990234375 19.1549701690674 1.91342043876648
"424" 33.0994453430176 18.9539279937744 2.19097495079041
"425" 33.1235885620117 19.2072677612305 1.81212687492371
"426" 33.4360656738281 19.2214813232422 1.9018532037735
"427" 32.9274406433105 18.8404350280762 2.21643710136414
"428" 33.2379531860352 18.8619995117188 2.07554888725281
"429" 33.5908432006836 18.8438053131104 2.01016712188721
"430" 33.7682075500488 19.013973236084 1.70309543609619
"431" 32.8117713928223 18.8225326538086 1.82115912437439
"432" 33.1970443725586 18.6639957427979 1.75060951709747
"433" 33.4786796569824 18.722146987915 1.69193577766418
"434" 33.75244140625 18.6859817504883 1.67662525177002
"435" 33.5498580932617 18.2993659973145 2.12131285667419
"436" 33.7712364196777 18.3674831390381 1.96420192718506
"437" 33.6958541870117 18.1809539794922 1.99760580062866
"438" 26.9734172821045 28.757905960083 1.81029975414276
"439" 27.2309913635254 28.8845100402832 1.80689775943756
"440" 27.4937477111816 29.1177043914795 1.80624222755432
"441" 26.9583778381348 29.026294708252 1.92290675640106
"442" 27.1979961395264 29.1442890167236 1.90794372558594
"443" 27.4127712249756 29.2760047912598 1.80288755893707
"444" 27.5213851928711 29.368278503418 1.70998632907867
"445" 26.6264972686768 29.1235733032227 1.81014430522919
"446" 26.906063079834 29.2643966674805 1.70335221290588
"447" 27.1139698028564 29.3573799133301 1.61573576927185
"448" 27.3842525482178 29.4943027496338 1.7457594871521
"449" 27.5363063812256 29.6189994812012 1.61625099182129
"450" 26.7614498138428 29.4363059997559 2.0427987575531
"451" 26.8762989044189 29.5138607025146 1.72587502002716
"452" 27.0674877166748 29.6012954711914 1.58662557601929
"453" 27.3936252593994 29.7794456481934 1.68767166137695
"454" 26.6684722900391 29.6524105072021 2.13076519966125
"455" 26.5874652862549 29.6650447845459 1.67060589790344
"456" 26.710298538208 29.7708969116211 1.60467958450317
"457" 27.0763568878174 29.8657875061035 1.56270325183868
"458" 26.1964321136475 29.724925994873 2.07165837287903
"459" 26.3761348724365 29.7646999359131 1.62064754962921
"460" 26.6498756408691 29.9158782958984 1.53511297702789
"461" 26.9432277679443 30.0179386138916 1.48114097118378
"462" 26.1576805114746 29.817024230957 1.59294140338898
"463" 26.5842838287354 29.9626522064209 1.74054574966431
"464" 26.7287616729736 29.9379940032959 1.47510838508606
"465" 27.0570411682129 30.1547813415527 1.45581889152527
"466" 26.5497035980225 29.8478317260742 1.8112119436264
"467" 26.4893836975098 29.9126987457275 1.65626609325409
"468" 26.7201728820801 30.0559425354004 1.58365738391876
"469" 26.869722366333 30.1860160827637 1.42058336734772
"470" 26.4036922454834 30.0967102050781 1.92915976047516
"471" 26.5300922393799 30.0211200714111 1.56916975975037
"472" 26.7795333862305 30.2186450958252 1.36379396915436
"473" 26.162202835083 30.00461769104 1.66039216518402
"474" 26.448657989502 30.3111972808838 1.65349555015564
"475" 26.6549339294434 30.4001617431641 1.39117825031281
"476" 26.1302604675293 30.3463973999023 1.55507624149323
"477" 26.3961906433105 30.4713172912598 1.43278741836548
"478" 26.6847438812256 30.6942615509033 1.39073705673218
"479" 26.1331901550293 30.6685771942139 1.53458213806152
"480" 26.2600002288818 30.4148998260498 1.33215999603271
"481" 26.6749992370605 30.4839992523193 1.18991994857788
"482" 26.1921005249023 30.4794006347656 1.31286001205444
"483" 26.4708003997803 30.5109004974365 1.24600994586945
"484" 24.3390998840332 16.0958995819092 5.80597019195557
"485" 24.6046657562256 16.0511283874512 5.97116565704346
"486" 24.6263694763184 16.0349445343018 5.9884295463562
"487" 25.2318935394287 16.6557312011719 5.91932106018066
"488" 25.6487083435059 17.2091598510742 5.6522855758667
"489" 26.1552867889404 17.671459197998 5.47103548049927
"490" 24.2786769866943 14.4555435180664 4.84243106842041
"491" 24.1285991668701 15.8253002166748 5.86031007766724
"492" 24.3370609283447 16.0920085906982 5.80788516998291
"493" 24.8802471160889 16.513988494873 5.83561086654663
"494" 25.3085250854492 17.3802146911621 5.46302604675293
"495" 25.7762565612793 18.1635799407959 5.36747932434082
"496" 24.0758647918701 14.4172973632812 4.5725564956665
"497" 23.9686298370361 15.9094648361206 5.76973056793213
"498" 23.9827003479004 15.898699760437 5.77929019927979
"499" 24.2138862609863 16.2258033752441 5.70379734039307
"500" 24.472827911377 17.0698261260986 5.50389766693115
"501" 24.669885635376 18.0928936004639 5.65310001373291
"502" 23.4298000335693 14.3865995407104 4.430260181427
"503" 23.3157691955566 15.8584957122803 5.56779289245605
"504" 23.4188995361328 15.8263063430786 5.60536003112793
"505" 23.3481292724609 16.2918395996094 5.44586563110352
"506" 23.4298000335693 17.0046997070312 5.50736999511719
"507" 23.8444995880127 18.0842514038086 5.79558181762695
"508" 22.8076992034912 14.3886995315552 4.49948978424072
"509" 22.800651550293 15.8852891921997 5.4242262840271
"510" 22.851900100708 15.790976524353 5.46579360961914
"511" 22.9393997192383 16.5291004180908 5.43001985549927
"512" 22.8768997192383 17.4193992614746 5.63570022583008
"513" 22.9422149658203 18.541187286377 5.7613091468811
"514" 22.1166000366211 15.6913003921509 5.35762977600098
"515" 22.0964794158936 15.7024478912354 5.35552787780762
"516" 22.1166000366211 15.6913003921509 5.35762977600098
"517" 22.2548007965088 16.391300201416 5.39421987533569
"518" 21.5918445587158 18.3332042694092 5.39514350891113
"519" 21.3777103424072 14.4644794464111 4.22379493713379
"520" 21.5366992950439 15.6463003158569 5.34679985046387
"521" 21.5871086120605 15.706205368042 5.34570360183716
"522" 21.6320915222168 16.3563652038574 5.44442749023438
"523" 20.8824768066406 17.772439956665 5.3084831237793
"524" 20.8579349517822 14.5184001922607 4.18963718414307
"525" 21.0799007415771 15.5530996322632 5.36780977249146
"526" 20.8175086975098 14.5315370559692 4.29264354705811
"527" 20.3502197265625 16.5478916168213 5.36799144744873
"528" 20.2684116363525 17.4373378753662 5.0899019241333
"529" 20.2122001647949 14.605299949646 4.36620998382568
"530" 19.9413948059082 16.142541885376 5.29698991775513
"531" 20.1761112213135 14.606071472168 4.36475801467896
"532" 20.0415000915527 16.452299118042 5.27639007568359
"533" 20.2282447814941 17.0761528015137 5.20507049560547
"534" 19.5937995910645 14.6555004119873 4.5026798248291
"535" 19.4902992248535 15.9678001403809 5.22914981842041
"536" 19.5459232330322 14.6557312011719 4.49706888198853
"537" 19.6284999847412 16.7282009124756 5.08799982070923
"538" 19.1475582122803 15.8836135864258 5.204833984375
"539" 19.4185447692871 14.6566534042358 4.48965930938721
"540" 19.1446990966797 15.898699760437 5.20194005966187
"541" 19.3263320922852 16.6534748077393 5.06924343109131
"542" 18.8172855377197 15.7689847946167 5.22738933563232
"543" 18.6368083953857 15.9456882476807 5.21807813644409
"544" 18.8534832000732 15.6841316223145 5.24175453186035
"545" 18.911205291748 16.3079967498779 5.1370906829834
"546" 18.30299949646 15.9160995483398 5.27239990234375
"547" 18.339693069458 14.6547222137451 4.63772773742676
"548" 18.5323181152344 15.8164939880371 5.25906038284302
"549" 17.9696998596191 14.6545000076294 4.66698980331421
"550" 18.1079998016357 15.8296003341675 5.30456018447876
"551" 18.1014442443848 15.5230875015259 5.41502141952515
"552" 17.6086006164551 14.6545000076294 4.77950000762939
"553" 17.6086006164551 14.6545000076294 4.77950000762939
"554" 17.7923927307129 15.5193328857422 5.51115608215332
"555" 17.4413452148438 15.8296003341675 5.50720977783203
"556" 17.3477001190186 14.7025995254517 4.98404979705811
"557" 17.6933002471924 14.6747999191284 4.98404979705811
"558" 16.8722991943359 14.7236003875732 4.92104005813599
"559" 16.8722991943359 14.7236003875732 4.92104005813599
"560" 17.154052734375 15.9239921569824 5.59743404388428
"561" 16.8794746398926 16.3826007843018 5.6413197517395
"562" 16.1051998138428 14.8613004684448 4.9129900932312
"563" 16.7941188812256 15.9678001403809 5.71876287460327
"564" 16.7775001525879 16.3134002685547 5.66985988616943
"565" 16.5604934692383 16.1817588806152 5.7520112991333
"566" 16.4491996765137 16.1361351013184 5.77194023132324
"567" 16.40966796875 16.6158771514893 5.67513370513916
"568" 19.840892791748 23.678316116333 5.80183744430542
"569" 18.6613998413086 24.5436992645264 4.92501020431519
"570" 19.974100112915 23.7789001464844 5.83298015594482
"571" 21.0329265594482 24.0234966278076 5.57531261444092
"572" 21.7667999267578 24.3573608398438 5.41286945343018
"573" 18.6609001159668 24.5415992736816 4.84560012817383
"574" 19.6975994110107 23.5715999603271 5.77608013153076
"575" 18.6613998413086 24.5436992645264 4.92501020431519
"576" 19.8358001708984 23.6406993865967 5.78078985214233
"577" 21.0334129333496 23.5569953918457 5.34819173812866
"578" 21.971923828125 23.3489246368408 5.37103796005249
"579" 18.2180442810059 24.0234699249268 4.70285701751709
"580" 19.4916591644287 23.1077766418457 5.58260345458984
"581" 18.1988677978516 23.9593296051025 4.83169174194336
"582" 19.7894172668457 23.0971050262451 5.50058746337891
"583" 20.8828372955322 22.777473449707 5.43773317337036
"584" 21.6704044342041 22.7803173065186 5.50857877731323
"585" 17.9165859222412 23.5459365844727 4.29490184783936
"586" 19.1446990966797 22.6037998199463 5.42474985122681
"587" 19.0065002441406 22.5347003936768 5.42795991897583
"588" 19.6596412658691 22.2611904144287 5.29920673370361
"589" 20.5270004272461 21.9817008972168 5.48532009124756
"590" 21.0831317901611 21.4977855682373 5.65449810028076
"591" 17.551664352417 22.7301216125488 4.33004808425903
"592" 18.7232513427734 21.9749526977539 5.27786016464233
"593" 18.6427917480469 21.8223781585693 5.27190160751343
"594" 19.1966361999512 21.9124031066895 5.26911783218384
"595" 19.8358001708984 21.2903995513916 5.43697023391724
"596" 20.8724994659424 20.1942005157471 5.39086008071899
"597" 17.209400177002 21.9818000793457 4.15336990356445
"598" 18.3008499145508 21.3599414825439 5.22665357589722
"599" 18.1340885162354 21.0901527404785 5.24072217941284
"600" 18.6937847137451 20.9738788604736 5.29714202880859
"601" 20.0235481262207 19.4856433868408 5.24459028244019
"602" 16.9342994689941 21.2873992919922 4.07621002197266
"603" 17.8314990997314 20.8756999969482 5.23988008499146
"604" 16.8164215087891 20.8325271606445 4.41247081756592
"605" 18.6625003814697 19.6214008331299 5.28772020339966
"606" 19.2075004577637 19.2847003936768 5.16809988021851
"607" 16.6524505615234 20.3929843902588 4.40893936157227
"608" 17.6383056640625 20.3227005004883 5.29912328720093
"609" 17.7723007202148 19.3514003753662 5.23744010925293
"610" 18.3843994140625 19.1536998748779 5.18849992752075
"611" 18.9001045227051 18.9412021636963 5.05281734466553
"612" 17.5927085876465 19.1476001739502 5.20900774002075
"613" 17.2662944793701 19.0093002319336 5.20640325546265
"614" 17.5695266723633 18.939079284668 5.16624927520752
"615" 18.303581237793 18.6327075958252 5.03832530975342
"616" 17.2437572479248 18.765495300293 5.18420219421387
"617" 17.260913848877 18.7195587158203 5.17931461334229
"618" 17.2383403778076 18.6881542205811 5.18250513076782
"619" 17.8095855712891 18.3811950683594 5.09310817718506
"620" 17.0197677612305 18.4230556488037 5.21616458892822
"621" 15.8967819213867 18.7288589477539 4.578369140625
"622" 15.895299911499 18.7313995361328 4.56678009033203
"623" 16.9357662200928 18.1268215179443 5.27471828460693
"624" 15.8275995254517 18.5249004364014 4.7076997756958
"625" 16.6566009521484 17.8341999053955 5.3759298324585
"626" 15.5506000518799 17.9736003875732 4.77554988861084
"627" 16.6502590179443 17.4862289428711 5.40527725219727
"628" 16.5355205535889 17.4697284698486 5.43808698654175
"629" 16.5726699829102 17.0052795410156 5.50663566589355
"630" 16.5515766143799 17.0898590087891 5.50260019302368
"631" 16.5874996185303 17.2812004089355 5.43875980377197
"632" 15.3432998657227 17.3512992858887 4.98298978805542
"633" 16.4461917877197 16.931697845459 5.55568933486938
"634" 16.3608779907227 16.5553913116455 5.73912620544434
"635" 16.4133777618408 16.8947353363037 5.58036088943481
"636" 16.3525428771973 16.6541938781738 5.67384052276611
"637" 16.4486999511719 16.5897006988525 5.67617988586426
"638" 16.6710777282715 16.1821212768555 5.72396612167358
