"V1" "V2" "V3"
"1" 193.531341552734 160.941925048828 352.963897705078
"2" 193.2935 159.7381 345.4214
"3" 193.3895 158.1716 337.9707
"4" 192.979 157.7107 330.3551
"5" 192.6216 155.0962 323.3705
"6" 192.782 153.3745 316.0482
"7" 192.5487 152.7685 308.4455
"8" 191.7337 151.9037 300.9396
"9" 191.7952 150.075 293.5251
"10" 191.8 148.7459 286.0146
"11" 191.8399 146.1801 278.8179
"12" 191.4619 144.9875 271.3538
"13" 191.769012451172 145.591313680013 263.742248535156
"14" 230.590042114258 138.556625366211 221.862640380859
"15" 213.001815795898 137.431747436523 257.371643066406
"16" 217.120300292969 182.212371826172 324.170471191406
"17" 336.94775390625 133.91162109375 291.690612792969
"18" 340.4916 130.6925 303.3162
"19" 340.3834 131.4737 315.7189
"20" 340.4354 136.3301 327.3266
"21" 340.0649 144.6748 336.6069
"22" 338.4286 155.949 341.7909
"23" 336.6768 168.3167 343.6368
"24" 334.7875 180.4173 340.7794
"25" 333.8417 191.3783 334.5987
"26" 333.5611 200.1473 325.6284
"27" 332.7764 204.7755 313.9909
"28" 333.2464 207.2757 301.624
"29" 334.6753 205.5566 289.3474
"30" 338.3649 198.7919 279.4602
"31" 340.2149 189.395 271.1927
"32" 338.1811 178.0706 266.1786
"33" 333.401916503906 167.215484619141 265.141845703125
"34" 333.401916503906 167.215484619141 265.141845703125
"35" 336.94775390625 133.91162109375 291.690612792969
"36" 305.041442871094 156.993072509766 448.362518310547
"37" 308.7083 169.8082 452.832
"38" 315.0424 179.8224 444.8746
"39" 316.8493 188.6782 433.0371
"40" 316.8499 200.1971 423.3461
"41" 315.6359 211.3643 413.2356
"42" 316.3044 213.101 400.1717
"43" 320.8857 207.489 386.8377
"44" 325.467 201.877 373.5036
"45" 330.0483 196.265 360.1696
"46" 334.6296 190.653 346.8356
"47" 337.2842 179.4513 348.9844
"48" 339.2189 165.1357 353.2829
"49" 342.0074 150.6229 351.4557
"50" 342.5326 137.7703 343.5878
"51" 343.4299 126.6666 333.3907
"52" 343.055053710938 116.458312988281 322.334289550781
"53" 221.212417602539 227.500625610352 211.677444458008
"54" 196.037170410156 262.585815429688 546.001892089844
"55" 205.5472 257.0752 549.5474
"56" 216.4328 252.6692 549.488
"57" 226.2263 247.4071 545.9763
"58" 231.7257 239.6763 539.6526
"59" 233.4857 232.4894 542.8553
"60" 233.4722 225.0477 551.4171
"61" 228.3362 216.4869 557.2215
"62" 221.9747 207.8237 561.9531
"63" 214.1185 199.9629 565.2333
"64" 203.6105 195.9592 568.2031
"65" 192.210479736328 195.429016113281 565.597351074219
"66" 253.675552368164 142.263793945312 279.653839111328
"67" 250.16032409668 272.503479003906 437.651214599609
"68" 250.641326904297 272.320343017578 437.209197998047
"69" 248.396148681641 273.745178222656 402.529479980469
"70" 195.535934448242 239.101806640625 210.016876220703
"71" 203.9713 237.0931 210.8483
"72" 211.0843 232.5522 212.7857
"73" 214.7709 224.9265 213.2134
"74" 215.5847 216.7844 215.9125
"75" 218.3851 209.0403 218.7761
"76" 220.4135 200.7631 220.0497
"77" 219.4439 192.1499 220.1566
"78" 215.9586 184.2546 219.1325
"79" 209.8271 178.644 216.5217
"80" 202.3635 174.6274 215.1681
"81" 194.620315551758 170.666020711263 216.202631632487
"82" 308.924285888672 232.570220947266 393.019287109375
"83" 305.041442871094 156.993072509766 448.362518310547
"84" 300.879 149.701 455.5232
"85" 293.7635 146.4892 463.7083
"86" 285.9501 143.0732 471.1821
"87" 277.901 141.4543 479.0566
"88" 269.6811 141.1479 486.9146
"89" 261.986 140.6134 495.2651
"90" 254.2529 141.4254 503.5332
"91" 247.2799 143.6151 512.2553
"92" 240.2495 147.8749 520.1141
"93" 232.9864 151.1671 528.1912
"94" 226.1383 153.8356 536.8604
"95" 218.2816 153.368 545.0754
"96" 211.5193 151.0254 553.5487
"97" 201.4746 155.2551 554.9802
"98" 191.871475219727 161.116424560547 555.922119140625
"99" 303.456359863281 109.624145507812 317.066833496094
"100" 311.5648 113.551 319.2566
"101" 320.3768 114.0315 316.619
"102" 329.4801 112.5251 316.9843
"103" 338.5651 112.8481 319.4114
"104" 344.6093 111.9708 313.5648
"105" 347.9709 108.7946 305.3135
"106" 346.5785 104.6313 298.0379
"107" 339.7116 100.2324 300.823
"108" 330.734 100.7091 302.1762
"109" 321.8019 101.1603 299.6777
"110" 313.2049 98.6705 299.0454
"111" 305.1583 99.1362 303.6045
"112" 300.7667 103.1005 310.7618
"113" 305.041442871094 156.993072509766 448.362518310547
"114" 254.409301757812 244.361267089844 505.993347167969
"115" 309.528442382812 194.464965820312 447.112426757812
"116" 238.64875793457 154.523498535156 484.661071777344
"117" 280.665161132812 190.78125 204.402496337891
"118" 256.101928710938 250.606918334961 500.43359375
"119" 260.369 256.8986 489.0045
"120" 262.3972 261.2366 476.4792
"121" 266.7875 263.575 463.8225
"122" 273.3443 263.0773 452.1003
"123" 281.5539 259.4838 441.7458
"124" 289.9645 255.1313 431.7911
"125" 296.4132 245.0305 425.7999
"126" 303.1614 233.1137 425.1496
"127" 308.4709 220.8584 427.9446
"128" 310.6285 208.451 433.4733
"129" 310.569 197.889 441.9056
"130" 308.4302 190.1502 453.0959
"131" 304.3006 182.2104 463.4418
"132" 296.4636 176.7667 473.2891
"133" 287.2503 174.5409 483.0893
"134" 277.5253 175.0314 492.816
"135" 268.9026 179.3464 502.5358
"136" 262.1862 188.25 510.4347
"137" 257.7178 200.05 515.7611
"138" 256.0652 213.5102 516.9834
"139" 255.0714 226.9122 514.1166
"140" 255.0885 239.1996 508.0841
"141" 203.198181152344 278.772583007812 205.4912109375
"142" 247.261072794596 222.74983215332 280.168711344401
"143" 208.266845703125 186.561706542969 459.407928466797
"144" 214.405044555664 166.240112304688 412.580169677734
"145" 209.483779907227 178.457977294922 393.720581054688
"146" 269.029693603516 263.4541015625 455.042663574219
"147" 310.175140380859 213.267669677734 431.402221679688
"148" 274.258514404297 181.326141357422 316.787017822266
"149" 268.221740722656 212.760284423828 273.918579101562
"150" 273.3932 213.6262 279.9434
"151" 276.1064 212.732 287.0551
"152" 275.8882 213.8313 294.1869
"153" 279.4626 210.2384 300.244
"154" 282.4384 205.6221 305.9345
"155" 281.8066 200.7397 311.9758
"156" 279.258 193.5844 313.7765
"157" 278.9826 185.9248 312.9319
"158" 274.258514404297 181.326141357422 316.787017822266
"159" 343.055053710938 116.458312988281 322.334289550781
"160" 268.221740722656 212.760284423828 273.918579101562
"161" 331.583587646484 216.058547973633 284.623779296875
"162" 237.739059448242 224.08723449707 224.388061523438
"163" 250.483200073242 216.601359049479 270.527384440104
"164" 302.142639160156 213.436630249023 196.169860839844
"165" 203.198181152344 278.772583007812 205.4912109375
"166" 201.2872 277.1819 227.0556
"167" 200.0108 275.9094 248.7697
"168" 201.6201 276.6503 270.4285
"169" 203.9047 281.0394 291.6517
"170" 208.4862 283.9792 312.7422
"171" 217.0261 285.5936 332.4867
"172" 229.2002 283.1902 350.2974
"173" 245.2323 278.7631 364.3005
"174" 262.5329 271.825 375.5815
"175" 280.3638 263.3141 384.7978
"176" 297.1015 251.1872 390.4754
"177" 307.9544 236.8 387.0407
"178" 313.7595 230.8312 366.8473
"179" 319.5646 224.8625 346.6539
"180" 325.3696 218.8937 326.4605
"181" 330.8667 213.4267 306.1587
"182" 331.583587646484 216.058547973633 284.623779296875
"183" 269.229309082031 160.859436035156 418.741668701172
"184" 266.9211 156.6193 435.1314
"185" 263.9661 154.7816 451.8546
"186" 255.8826 153.0539 466.5472
"187" 246.112 152.4697 480.4008
"188" 236.8994 155.1801 494.4529
"189" 230.0399 160.3535 509.1409
"190" 220.1321 168.9697 519.9075
"191" 206.1416 176.7654 525.0416
"192" 190.409317016602 182.780334472656 526.781372070312
"193" 269.229309082031 160.859436035156 418.741668701172
"194" 196.037170410156 262.585815429688 546.001892089844
"195" 190.409317016602 182.780334472656 526.781372070312
"196" 191.769012451172 145.591313680013 263.742248535156
"197" 190.968124389648 172.524841308594 363.504791259766
"198" 193.531341552734 160.941925048828 352.963897705078
"199" 217.120300292969 182.212371826172 324.170471191406
"200" 211.7603 174.6615 317.7506
"201" 201.5257 169.7616 316.7859
"202" 191.9645 165.6626 312.5183
"203" 182.6903 170.7208 315.7273
"204" 173.2649 175.0269 315.9229
"205" 165.315673828125 182.361373901367 319.789947509766
"206" 195.535934448242 239.101806640625 210.016876220703
"207" 195.685958862305 276.193420410156 497.665954589844
"208" 196.037170410156 262.585815429688 546.001892089844
"209" 195.308 272.0633 529.2398
"210" 195.9399 275.7908 510.4629
"211" 195.556 274.88 491.2205
"212" 195.085 273.8985 472.0135
"213" 194.7075 274.9048 452.7292
"214" 195.95 279.1427 433.9679
"215" 195.194 282.767 415.0175
"216" 196.6416 284.5733 395.9036
"217" 196.9167 286.1997 376.6674
"218" 197.5856 288.6977 357.5342
"219" 198.0785 290.3342 338.2919
"220" 198.5905 289.7376 318.9967
"221" 198.1583 285.4644 300.3094
"222" 197.5828 280.7639 281.7727
"223" 197.7473 276.5846 262.9463
"224" 198.6492 276.2458 243.6952
"225" 199.69 278.0488 224.4827
"226" 201.024703979492 280.20751953125 205.322311401367
"227" 193.08381652832 154.023788452148 206.370788574219
"228" 195.197418212891 285.832977294922 378.582641601562
"229" 201.024703979492 280.20751953125 205.322311401367
"230" 192.210479736328 195.429016113281 565.597351074219
"231" 191.871475219727 161.116424560547 555.922119140625
"232" 197.599838256836 256.9599609375 128.534408569336
"233" 194.620315551758 170.666020711263 216.202631632487
"234" 156.798126220703 145.409912109375 217.000335693359
"235" 170.333694458008 139.606048583984 256.506134033203
"236" 165.315673828125 182.361373901367 319.789947509766
"237" 45.8384170532227 139.12971496582 288.700012207031
"238" 44.8041 137.2551 302.9848
"239" 44.5599 141.5054 316.7153
"240" 45.6358 149.6221 328.6215
"241" 47.1419 161.4709 336.5904
"242" 50.2953 175.318 338.8674
"243" 53.1291 189.3202 336.7921
"244" 54.5453 201.1775 328.8573
"245" 55.6353 209.985 317.5939
"246" 56.052 215.3473 304.1772
"247" 55.066 215.9081 289.8755
"248" 50.9121 209.1942 278.0086
"249" 47.603 199.3891 267.8189
"250" 48.3642 186.8309 260.7221
"251" 48.8707733154297 172.774291992188 260.205383300781
"252" 48.8707733154297 172.774291992188 260.205383300781
"253" 45.8384170532227 139.12971496582 288.700012207031
"254" 81.9713287353516 160.098373413086 443.78369140625
"255" 72.6359 188.356 434.554
"256" 73.5986 215.654 410.5677
"257" 70.455 218.9183 379.6462
"258" 58.9264 206.4224 347.0362
"259" 49.5756 182.9538 347.0745
"260" 44.7058 149.7312 341.8329
"261" 42.7091064453125 122.567329406738 318.345611572266
"262" 172.300720214844 226.784103393555 208.606643676758
"263" 196.037170410156 262.585815429688 546.001892089844
"264" 186.0839 258.6488 550.1035
"265" 174.5343 257.3006 548.327
"266" 164.1983 252.6789 545.6776
"267" 156.6557 245.4664 540.3508
"268" 153.2744 236.962 541.0465
"269" 153.9039 227.8468 547.9361
"270" 157.8965 220.5727 556.3868
"271" 163.3251 211.08 561.1371
"272" 170.6586 202.1207 563.8429
"273" 180.5377 196.9149 567.3481
"274" 192.210479736328 195.429016113281 565.597351074219
"275" 131.836761474609 145.366027832031 274.811218261719
"276" 137.707870483398 274.782592773438 439.411834716797
"277" 137.46159362793 274.919036865234 438.874816894531
"278" 136.895935058594 275.040863037109 404.126220703125
"279" 195.535934448242 239.101806640625 210.016876220703
"280" 187.427 237.2566 211.4222
"281" 181.0645 232.2007 212.8024
"282" 177.6355 224.5248 213.1784
"283" 174.7653 216.6565 213.9193
"284" 172.0461 208.8708 215.6851
"285" 170.5357 200.7757 216.7247
"286" 171.6154 192.557 215.734
"287" 175.5328 185.3514 214.3258
"288" 181.6309 180.0316 212.2339
"289" 188.2526 175.0742 212.8454
"290" 194.620315551758 170.666020711263 216.202631632487
"291" 80.9443893432617 240.257049560547 388.42578125
"292" 81.9713287353516 160.098373413086 443.78369140625
"293" 88.1712 153.3133 452.7225
"294" 95.9958 149.4581 462.4659
"295" 104.6297 145.2557 471.3184
"296" 113.3993 143.0842 480.7661
"297" 122.0243 142.4072 490.5819
"298" 130.4018 142.9218 500.6205
"299" 138.0653 145.6767 510.8338
"300" 145.9536 149.9048 520.3799
"301" 154.3014 152.7771 529.9589
"302" 162.144 153.6431 540.4087
"303" 169.2848 151.4223 550.5789
"304" 181.0299 154.5653 555.1246
"305" 191.871475219727 161.116424560547 555.922119140625
"306" 81.4098815917969 114.876373291016 314.083557128906
"307" 72.8285 119.1773 315.5111
"308" 62.8732 119.1599 313.0807
"309" 53.0667 118.2755 314.6386
"310" 43.5781 120.7802 316.3479
"311" 39.7678 117.6707 307.4684
"312" 37.4084 113.493 298.4645
"313" 43.0838 107.8571 296.1061
"314" 52.0068 106.6656 300.0866
"315" 61.4959 107.5151 297.1174
"316" 70.8601 104.41 295.4519
"317" 79.7671 104.3623 299.4819
"318" 84.6728 108.4007 307.0204
"319" 81.9713287353516 160.098373413086 443.78369140625
"320" 131.076705932617 252.894577026367 496.278533935547
"321" 78.3713226318359 201.454483032227 439.902954101562
"322" 147.337768554688 155.661163330078 484.987182617188
"323" 102.034240722656 197.730072021484 198.890579223633
"324" 128.318908691406 258.670135498047 490.5087890625
"325" 123.8803 262.2599 477.3248
"326" 121.6808 265.725 463.451
"327" 114.6295 265.1412 451.2165
"328" 106.0425 261.2957 440.4595
"329" 97.9634 258.167 428.9291
"330" 91.2916 247.3135 422.3812
"331" 83.4873 235.4414 420.8679
"332" 80.0229 222.4521 425.4906
"333" 78.7983 209.4833 431.7017
"334" 78.9232 199.3554 441.9369
"335" 80.5502 190.4824 453.1807
"336" 86.6355 183.084 463.9801
"337" 95.1285 178.2202 474.3776
"338" 104.4571 176.5047 485.3016
"339" 113.4102 177.8682 496.5253
"340" 121.3409 184.0179 506.5656
"341" 126.3436 195.6472 513.3306
"342" 129.6457 209.4165 515.47
"343" 130.9378 223.7128 513.7341
"344" 131.3584 237.4187 509.2123
"345" 131.2247 249.2847 501.1599
"346" 197.286804199219 280.317810058594 211.260284423828
"347" 142.488744099935 225.363042195638 278.142771402995
"348" 180.225128173828 183.841918945312 456.064147949219
"349" 175.948883056641 167.749633789062 411.069122314453
"350" 179.11408996582 179.519958496094 395.817932128906
"351" 116.991844177246 264.753234863281 450.704193115234
"352" 78.6341094970703 217.756866455078 427.071228027344
"353" 115.108749389648 186.18229675293 314.572265625
"354" 123.086578369141 215.494842529297 270.743347167969
"355" 116.836 217.2824 276.0935
"356" 113.4653 218.5013 283.5697
"357" 113.0539 218.8107 291.9606
"358" 109.7456 215.802 298.9225
"359" 106.1217 212.6944 305.5185
"360" 104.4068 206.5749 309.6051
"361" 107.2502 198.8688 310.3641
"362" 110.2386 190.9951 310.3416
"363" 115.108749389648 186.18229675293 314.572265625
"364" 42.7091064453125 122.567329406738 318.345611572266
"365" 123.086578369141 215.494842529297 270.743347167969
"366" 58.1363945007324 223.866668701172 274.49365234375
"367" 156.623962402344 223.717102050781 221.972885131836
"368" 140.402404785156 220.058893839518 268.976084391276
"369" 91.6690444946289 226.363845825195 196.805572509766
"370" 197.286804199219 280.317810058594 211.260284423828
"371" 196.6371 277.2755 232.7306
"372" 196.003 275.9439 254.4064
"373" 193.2947 277.7958 275.6878
"374" 189.1539 282.2678 296.4777
"375" 182.6751 284.2746 317.1154
"376" 171.5702 285.2834 335.7095
"377" 158.1052 284.2678 352.5881
"378" 140.8025 280.0969 364.9509
"379" 122.9927 272.9854 374.844
"380" 105.5267 264.8283 384.3874
"381" 89.0299 251.3348 387.7156
"382" 79.121 241.4554 374.0884
"383" 72.3469 233.6514 354.9585
"384" 65.5729 225.8474 335.8286
"385" 58.7988 218.0433 316.6988
"386" 58.6242 221.1464 295.8232
"387" 58.1363945007324 223.866668701172 274.49365234375
"388" 120.833618164062 161.328048706055 417.027893066406
"389" 121.6489 158.4894 433.0106
"390" 125.2073 157.3499 448.9023
"391" 130.7756 155.1082 463.9612
"392" 139.2517 154.4502 477.9249
"393" 146.9585 156.657 491.906
"394" 154.6579 161.3199 505.451
"395" 163.4365 169.2594 516.4443
"396" 175.6826 176.1943 524.454
"397" 190.409317016602 182.780334472656 526.781372070312
"398" 120.833618164062 161.328048706055 417.027893066406
"399" 303.766937255859 106.318550109863 314.164978027344
"400" 303.348876953125 103.782661437988 310.424713134766
"401" 306.959014892578 108.712158203125 315.741424560547
"402" 307.497253417969 106.435745239258 311.826232910156
"403" 307.083038330078 103.959899902344 308.730102539062
"404" 307.986114501953 101.205131530762 304.875671386719
"405" 311.314117431641 110.489692687988 316.051940917969
"406" 311.564422607422 108.054756164551 312.256378173828
"407" 311.210876464844 105.334701538086 308.383605957031
"408" 311.545867919922 103.162635803223 305.681823730469
"409" 312.430847167969 100.514526367188 301.914245605469
"410" 315.860961914062 110.906036376953 314.548553466797
"411" 315.717102050781 108.599815368652 310.570159912109
"412" 315.836669921875 105.957633972168 307.021942138672
"413" 316.174102783203 102.738578796387 302.906616210938
"414" 319.153198242188 111.847724914551 315.140258789062
"415" 319.759613037109 110.143524169922 311.77099609375
"416" 320.128479003906 107.592269897461 307.728149414062
"417" 320.676788330078 103.868202209473 302.961700439453
"418" 323.350646972656 110.190933227539 311.988922119141
"419" 324.412261962891 107.648567199707 308.557373046875
"420" 324.96435546875 104.842880249023 304.761566162109
"421" 326.703979492188 109.715309143066 313.452514648438
"422" 327.575866699219 106.768409729004 308.809326171875
"423" 329.129943847656 103.878295898438 305.811004638672
"424" 330.754455566406 108.406631469727 313.412048339844
"425" 331.878631591797 105.705757141113 309.714477539062
"426" 333.386199951172 103.419410705566 306.587463378906
"427" 333.613220214844 109.673156738281 316.601501464844
"428" 334.70068359375 107.275512695312 312.511810302734
"429" 336.340484619141 104.615547180176 308.764434814453
"430" 337.911804199219 102.255599975586 304.598876953125
"431" 337.476959228516 109.803070068359 315.602386474609
"432" 338.875061035156 107.205474853516 311.703857421875
"433" 339.79833984375 104.750579833984 307.645843505859
"434" 342.222900390625 103.105918884277 303.234710693359
"435" 341.333740234375 109.70662689209 313.443328857422
"436" 343.670257568359 106.725280761719 307.463470458984
"437" 344.665008544922 109.091346740723 310.268615722656
"438" 80.7800827026367 113.360443115234 312.923278808594
"439" 81.1823654174805 110.940803527832 309.389495849609
"440" 80.1398544311523 108.327751159668 305.202514648438
"441" 77.0597076416016 113.972068786621 311.137451171875
"442" 77.2367553710938 111.856002807617 308.065948486328
"443" 77.2680435180664 108.603866577148 304.033233642578
"444" 77.1205825805664 106.707572937012 301.759765625
"445" 74.2196197509766 115.906623840332 312.669311523438
"446" 73.3914947509766 113.258483886719 308.248199462891
"447" 73.7204742431641 110.616676330566 304.767700195312
"448" 74.2063598632812 108.248573303223 302.004302978516
"449" 73.7138748168945 105.32788848877 298.372955322266
"450" 69.8094329833984 116.127075195312 311.042449951172
"451" 69.9440383911133 112.957397460938 306.288177490234
"452" 70.0102005004883 110.583999633789 303.205993652344
"453" 69.9129409790039 107.325538635254 298.734252929688
"454" 65.7716903686523 116.486442565918 310.535919189453
"455" 66.1862869262695 114.681922912598 307.235961914062
"456" 65.8631362915039 112.509841918945 303.878662109375
"457" 66.3914184570312 109.879859924316 300.559295654297
"458" 62.4119987487793 116.716026306152 310.796661376953
"459" 61.9938011169434 115.223007202148 308.212982177734
"460" 61.5958404541016 112.911254882812 304.304046630859
"461" 62.7187728881836 110.528007507324 300.965728759766
"462" 58.9778366088867 116.075317382812 310.603973388672
"463" 58.6377487182617 113.917533874512 307.096740722656
"464" 58.4445190429688 111.675392150879 303.992401123047
"465" 59.3293571472168 109.383811950684 300.530334472656
"466" 54.9011764526367 115.8203125 311.921600341797
"467" 55.99560546875 113.783714294434 308.546691894531
"468" 56.010799407959 111.583755493164 305.241760253906
"469" 54.8745994567871 109.572334289551 302.952117919922
"470" 52.5581092834473 115.417190551758 311.572113037109
"471" 52.535816192627 112.964874267578 308.074645996094
"472" 51.6136894226074 109.909759521484 303.720855712891
"473" 48.8020362854004 117.03263092041 313.563812255859
"474" 49.3470420837402 113.738265991211 309.125823974609
"475" 48.6250534057617 110.283340454102 304.372894287109
"476" 45.9779281616211 117.127990722656 312.253540039062
"477" 45.9983329772949 112.81209564209 307.257293701172
"478" 45.8709754943848 108.907722473145 301.662994384766
"479" 43.1485061645508 116.427947998047 309.796752929688
"480" 42.8221855163574 113.352020263672 305.614532470703
"481" 42.7694511413574 109.52384185791 300.312286376953
"482" 40.0715751647949 115.431671142578 306.127532958984
"483" 40.2702255249023 112.352165222168 301.854187011719
"484" 305.175994873047 167.364700317383 448.778625488281
"485" 303.525146484375 172.542694091797 445.137512207031
"486" 298.148223876953 174.504623413086 440.216461181641
"487" 290.434692382812 172.729446411133 435.540161132812
"488" 284.233764648438 170.68505859375 429.826507568359
"489" 278.617034912109 167.048965454102 423.803405761719
"490" 303.826812744141 161.955795288086 454.650360107422
"491" 300.039459228516 173.02424621582 450.800354003906
"492" 294.111175537109 172.637222290039 446.75
"493" 288.449340820312 167.233779907227 443.271636962891
"494" 280.419006347656 163.410629272461 439.080200195312
"495" 273.989837646484 159.374557495117 433.033905029297
"496" 297.848999023438 156.357757568359 459.073120117188
"497" 296.928985595703 166.919006347656 458.617004394531
"498" 294.352386474609 167.410522460938 454.508483886719
"499" 287.840606689453 163.078964233398 450.841644287109
"500" 281.477508544922 162.159790039062 449.63623046875
"501" 274.376007080078 158.625701904297 446.376922607422
"502" 292.111999511719 152 465.5
"503" 290.735504150391 160.080047607422 465.416809082031
"504" 288.853057861328 164.960052490234 464.055847167969
"505" 280.597381591797 157.385009765625 463.0400390625
"506" 274.788421630859 159.172821044922 461.648071289062
"507" 268.950286865234 156.149551391602 459.133514404297
"508" 282.088989257812 151.945999145508 472.360992431641
"509" 284.296356201172 158.600509643555 470.933441162109
"510" 283.037536621094 160.585433959961 470.584289550781
"511" 275.8857421875 155.669692993164 470.326202392578
"512" 267.022033691406 157.318328857422 467.491729736328
"513" 264.615692138672 155.416305541992 465.010070800781
"514" 276.045989990234 149.977996826172 478.993988037109
"515" 276.668090820312 156.068710327148 478.343597412109
"516" 275.004486083984 157.259078979492 478.542846679688
"517" 269.780609130859 153.564651489258 479.624877929688
"518" 259.5 155.987686157227 474.39013671875
"519" 269.934997558594 145.914993286133 487.036987304688
"520" 271.488403320312 156.126556396484 487.505767822266
"521" 265.404663085938 155.437545776367 484.880096435547
"522" 264.449005126953 156.464477539062 485.599609375
"523" 255.858047485352 157.585327148438 481.151733398438
"524" 263.244995117188 146.128997802734 494.695007324219
"525" 264.124389648438 154.772735595703 493.652282714844
"526" 262.912994384766 157.726531982422 493.893615722656
"527" 258.430999755859 157 493.5
"528" 248.484680175781 158.188873291016 490.411071777344
"529" 256.0546875 151.011108398438 500.694671630859
"530" 254.776000976562 156.985992431641 501.210998535156
"531" 254.207992553711 158.093002319336 501.519012451172
"532" 252.687805175781 158.382736206055 500.920806884766
"533" 242.98176574707 158.240249633789 496.679931640625
"534" 248.610870361328 151.526824951172 508.852172851562
"535" 249.003997802734 158 510.747009277344
"536" 247.149978637695 160.29621887207 507.489776611328
"537" 241.687652587891 161.382583618164 504.526123046875
"538" 243.15364074707 153.900390625 514.576782226562
"539" 245.371200561523 161.697036743164 513.605285644531
"540" 242.447662353516 162.461883544922 512.402221679688
"541" 235.229202270508 162.14518737793 510.87255859375
"542" 238.207778930664 156.046081542969 519.682800292969
"543" 238.123138427734 163.58869934082 519.270141601562
"544" 236.021865844727 164.641708374023 518.335571289062
"545" 231.587966918945 165.196334838867 516.480102539062
"546" 233.329238891602 159.399642944336 524.86376953125
"547" 233.178771972656 165.779647827148 522.698181152344
"548" 229.106719970703 168.048202514648 522.185913085938
"549" 228.891616821289 162.856063842773 531.523742675781
"550" 228.828018188477 169.956832885742 530.971252441406
"551" 222.746475219727 171.253692626953 527.774963378906
"552" 222.317031860352 161.741821289062 535.752380371094
"553" 223.737747192383 170.611114501953 534.59814453125
"554" 218.881942749023 175.800109863281 531.35986328125
"555" 218.204254150391 162.03987121582 540.413879394531
"556" 217.051513671875 171.162811279297 538.734252929688
"557" 210.129333496094 178.28532409668 534.348205566406
"558" 212.842544555664 161.947479248047 547.177429199219
"559" 210.1875 171.945755004883 543.939270019531
"560" 206.101669311523 178.81282043457 540.195861816406
"561" 200.779098510742 183.396591186523 535.949951171875
"562" 205.788345336914 162.556457519531 551.037780761719
"563" 203.50212097168 172.40478515625 548.223266601562
"564" 200.165512084961 179.200927734375 546.948181152344
"565" 194.029083251953 186.294418334961 542.687683105469
"566" 199.017593383789 170.035491943359 551.888854980469
"567" 193.216934204102 179.926773071289 549.461059570312
"568" 86.8346862792969 165.500793457031 444.270843505859
"569" 86.1575546264648 171.312362670898 442.640625
"570" 96.9386291503906 171.949432373047 441.904449462891
"571" 105.46125793457 170.14892578125 434.048797607422
"572" 111.998779296875 166.453674316406 427.373992919922
"573" 89.8024063110352 158.214370727539 451.053344726562
"574" 92.0035781860352 160.870040893555 449.544769287109
"575" 92.8871917724609 163.729583740234 446.940277099609
"576" 96.4900436401367 166.381881713867 446.596588134766
"577" 110.593368530273 163.795623779297 443.084320068359
"578" 115.014320373535 159.997314453125 439.779327392578
"579" 95.7759475708008 152.882415771484 459.699249267578
"580" 98.1370086669922 155.852767944336 458.699096679688
"581" 100.321220397949 157.869262695312 457.603668212891
"582" 104.310569763184 159.550933837891 458.333312988281
"583" 114.804626464844 160.967147827148 453.24609375
"584" 118.825630187988 158.331939697266 451.24560546875
"585" 104.933738708496 148.913513183594 468.309753417969
"586" 104.005882263184 151.425186157227 471.772521972656
"587" 109.82942199707 153.719573974609 469.159576416016
"588" 112.031684875488 154.860534667969 470.423370361328
"589" 122.36499786377 159.089996337891 465.343994140625
"590" 124.993446350098 157.42839050293 464.434051513672
"591" 113.987487792969 147.839660644531 478.690307617188
"592" 115.661422729492 149.749603271484 480.089233398438
"593" 117.269844055176 152.885940551758 479.963745117188
"594" 118.56192779541 153.946243286133 479.934478759766
"595" 119.761001586914 154.891006469727 481.246002197266
"596" 131.802474975586 156.679290771484 476.57177734375
"597" 120.625511169434 146.623397827148 486.907043457031
"598" 123.078598022461 150.733047485352 488.018859863281
"599" 125.322257995605 153.569519042969 490.082855224609
"600" 126.345001220703 153.130996704102 491.233001708984
"601" 137.544998168945 157.947998046875 487.56298828125
"602" 126.629997253418 148.106002807617 496.924987792969
"603" 126.915016174316 153.997177124023 500.201232910156
"604" 131.290893554688 155.691268920898 498.699188232422
"605" 132.70085144043 155.619338989258 500.29345703125
"606" 142.563339233398 158.82991027832 495.091735839844
"607" 132.716033935547 151.951797485352 506.64208984375
"608" 132.518783569336 156.095031738281 508.155670166016
"609" 136.917785644531 158.243408203125 506.411987304688
"610" 138.042465209961 157.809555053711 507.604705810547
"611" 146.688461303711 159.693939208984 501.65283203125
"612" 139.521514892578 155.484161376953 512.58837890625
"613" 140.024002075195 161.992004394531 513.216979980469
"614" 141.686492919922 161.627090454102 512.3876953125
"615" 150.016189575195 162.228439331055 508.117248535156
"616" 143.648406982422 159.841674804688 520.119506835938
"617" 146.584411621094 163.695022583008 518.208312988281
"618" 148.164581298828 165.704803466797 517.624206542969
"619" 153.694702148438 166.101531982422 514.284973144531
"620" 149.515762329102 159.529754638672 521.849609375
"621" 148.634994506836 164.992004394531 524.491027832031
"622" 153.889999389648 168.063003540039 523.848022460938
"623" 157.866989135742 170.304473876953 523.580383300781
"624" 156.552795410156 161.725997924805 528.868530273438
"625" 156.31462097168 169.055374145508 533.451538085938
"626" 163.345077514648 172.148345947266 531.187683105469
"627" 161.067047119141 163.832290649414 538.260864257812
"628" 162.901107788086 170.115386962891 536.711669921875
"629" 168.980987548828 176.609283447266 536.578674316406
"630" 177.330307006836 179.73991394043 534.6357421875
"631" 168.72297668457 165.106414794922 542.342895507812
"632" 170.568984985352 171.816909790039 543.73583984375
"633" 175.47038269043 177.004577636719 542.095886230469
"634" 184.966598510742 184.39274597168 541.274108886719
"635" 172.910522460938 161.26611328125 548.438293457031
"636" 178.156311035156 170.555633544922 547.1484375
"637" 182.000396728516 179.933166503906 547.934753417969
"638" 187.364151000977 182.629928588867 547.034973144531
