"V1" "V2" "V3"
"1" 14.0151214599609 13.2074422836304 32.2794990539551
"2" 14.0941 13.1872 30.9303
"3" 14.173 12.8606 29.604
"4" 14.2239 12.5586 28.2662
"5" 14.3365 12.2482 26.9345
"6" 14.4215 11.9568 25.5959
"7" 14.4798 11.6778 24.253
"8" 14.4597 11.4317 22.9051
"9" 14.5672 11.2586 21.5484
"10" 14.6705 10.9981 20.2064
"11" 14.7552 10.7404 18.8621
"12" 14.8681 10.5663 17.5096
"13" 14.916051864624 10.5112209320068 16.1389560699463
"14" 17.3707866668701 11.3007526397705 12.6353750228882
"15" 17.1381893157959 11.2426786422729 16.1266059875488
"16" 17.2154960632324 14.3519649505615 22.1937084197998
"17" 28.0369911193848 10.6593914031982 18.6076259613037
"18" 28.2695 10.0688 19.498
"19" 28.0887 10.0266 20.5564
"20" 28.0346 10.4745 21.5207
"21" 27.9943 11.2806 22.2507
"22" 27.9839 12.2676 22.703
"23" 28.0987 13.3337 22.706
"24" 28.2945 14.2425 22.1723
"25" 28.6405 14.858 21.3494
"26" 28.6631 15.1074 20.2908
"27" 28.6622 15.2249 19.205
"28" 28.6458 15.0484 18.1334
"29" 28.6152 14.5893 17.1559
"30" 28.4264 13.7268 16.5607
"31" 28.3206 12.6833 16.652
"32" 28.2909 11.7805 17.2456
"33" 28.0328922271729 10.9337911605835 17.8914432525635
"34" 28.0328922271729 10.9337911605835 17.8914432525635
"35" 28.0369911193848 10.6593914031982 18.6076259613037
"36" 24.7652549743652 15.1482286453247 38.9160919189453
"37" 22.7732 17.6528 36.6835
"38" 20.7624 18.7277 33.3806
"39" 19.0784 19.2326 29.7905
"40" 17.3329 19.8008 26.223
"41" 15.9949 20.0241 22.4511
"42" 15.3749 19.8615 18.4701
"43" 15.0795 19.4434 14.4718
"44" 15.5052 19.1829 10.4833
"45" 17.4622 19.028 6.9874
"46" 20.9135 18.3296 5.6893
"47" 23.5461 17.5288 8.3219
"48" 25.2788 17.137 11.8889
"49" 27.5044 16.0747 15.0678
"50" 28.3705 15.7482 18.9229
"51" 28.2906 15.0644 22.8684
"52" 28.004264831543 11.6514854431152 23.8554534912109
"53" 14.8232173919678 18.7579536437988 3.97026348114014
"54" 13.0899677276611 18.2106781005859 47.3568267822266
"55" 13.8717 18.1745 47.4947
"56" 14.648 18.2414 47.2548
"57" 15.3548 18.2271 46.8587
"58" 15.8517 17.8193 47.1628
"59" 15.9877 17.3013 47.7858
"60" 15.9047 16.8572 48.4736
"61" 15.7746 16.4274 49.1633
"62" 15.3523 16.0413 49.7212
"63" 14.6619 15.7268 50.0267
"64" 13.8976 15.5145 50.2321
"65" 13.091025352478 15.6019229888916 50.1735916137695
"66" 19.9759674072266 12.0311107635498 18.7651653289795
"67" 15.0457000732422 19.6052570343018 42.9880142211914
"68" 17.9284019470215 19.8969116210938 37.4085159301758
"69" 17.594877243042 19.8368110656738 30.8765811920166
"70" 14.8273935317993 17.2534980773926 5.7674732208252
"71" 15.6089 17.2842 5.9668
"72" 16.1252 16.9868 6.2535
"73" 16.5759 16.7346 6.8659
"74" 17.074 16.2894 7.3177
"75" 17.4262 15.6909 7.7243
"76" 17.561 15.0873 8.2303
"77" 17.1603 14.5598 8.4975
"78" 16.9544 13.8531 8.2243
"79" 16.5393 13.2394 7.912
"80" 16.0231 12.8732 7.4292
"81" 15.2803726196289 12.8097877502441 7.14409255981445
"82" 21.7686328887939 18.2091178894043 34.7746124267578
"83" 24.7652549743652 15.1482286453247 38.9160919189453
"84" 24.6567 14.406 39.7732
"85" 24.2584 14.2577 40.754
"86" 23.6019 14.2642 41.6947
"87" 22.9455 14.2707 42.6354
"88" 22.289 14.2772 43.5761
"89" 21.6325 14.2837 44.5168
"90" 20.9012 14.1998 45.3848
"91" 20.0145 14.1404 46.1063
"92" 19.0546 14.0693 46.7159
"93" 18.0969 13.9717 47.3382
"94" 17.1082 13.9357 47.914
"95" 16.184 13.5919 47.9075
"96" 15.4952 13.9106 48.5905
"97" 14.4 13.8237 48.9089
"98" 13.2763624191284 13.6570358276367 48.9798469543457
"99" 23.7340087890625 9.66113758087158 23.0196304321289
"100" 24.5524 9.8303 22.85
"101" 25.236 9.8051 22.3059
"102" 25.7775 10.3829 22.1061
"103" 26.4957 10.7105 22.4501
"104" 27.1837 10.4912 22.247
"105" 27.5326 9.9501 21.7173
"106" 27.453 9.3874 21.0794
"107" 27.0007 8.7627 20.6832
"108" 26.1861 8.4917 20.5943
"109" 25.3364 8.3021 20.6733
"110" 24.5797 8.3563 21.0881
"111" 24.0019 8.7605 21.5799
"112" 23.7624 9.2336 22.2651
"113" 24.7652549743652 15.1482286453247 38.9160919189453
"114" 16.0098114013672 18.5806865692139 45.0030479431152
"115" 22.2282447814941 16.3023452758789 42.076000213623
"116" 21.2269077301025 14.970139503479 41.3560829162598
"117" 21.5996437072754 13.5922765731812 7.10788917541504
"118" 15.5771684646606 19.1143951416016 44.5395927429199
"119" 15.1652 19.4933 43.448
"120" 15.0065 19.7276 42.2449
"121" 15.1832 20.0276 41.077
"122" 15.6599 20.1442 39.9458
"123" 16.3231 20.191 38.9131
"124" 17.1653 20.1031 38.0205
"125" 18.1609 19.8617 37.3346
"126" 19.2366 19.5177 36.8629
"127" 20.363 19.0563 36.7344
"128" 21.4012 18.6349 37.0883
"129" 22.1565 18.1235 37.9107
"130" 22.6846 17.6228 38.9071
"131" 22.9198 17.1978 40.0388
"132" 22.7805 16.7527 41.1826
"133" 22.2828 16.3762 42.2281
"134" 21.6515 16.1208 43.2558
"135" 20.7994 16.1382 44.1434
"136" 19.8672 16.1686 44.9299
"137" 18.8804 16.4402 45.6099
"138" 17.8016 16.865 45.9814
"139" 16.8546 17.6257 45.9478
"140" 16.1712 18.4482 45.3945
"141" 15.0067911148071 19.3393077850342 10.8567514419556
"142" 17.3656196594238 17.6839065551758 18.7666397094727
"143" 15.4207382202148 13.8886165618897 37.8316116333008
"144" 15.4029407501221 13.9040107727051 37.8591117858887
"145" 15.7620716094971 14.1937503814697 34.7296562194824
"146" 18.0424270629883 19.8029956817627 37.3931503295898
"147" 20.5410060882568 18.9578380584717 36.6235427856445
"148" 20.9830627441406 13.3669204711914 21.6982822418213
"149" 20.4836292266846 16.3244323730469 16.0040836334229
"150" 21.0167 16.1232 16.6879
"151" 21.1221 15.9599 17.4732
"152" 21.4572 15.7965 18.1908
"153" 21.6206 15.4902 18.9424
"154" 21.9175 15.1382 19.6552
"155" 21.3516 15.0901 20.2168
"156" 21.1486 14.6924 20.6869
"157" 21.2056 13.9211 21.063
"158" 20.9830627441406 13.3669204711914 21.6982822418213
"159" 28.004264831543 11.6514854431152 23.8554534912109
"160" 20.4836292266846 16.3244323730469 16.0040836334229
"161" 19.8844718933106 18.4543628692627 4.63031673431396
"162" 16.1245918273926 16.3977813720703 12.1941556930542
"163" 18.8841133117676 16.8687744140625 16.8793888092041
"164" 22.397705078125 17.4539604187012 2.83095645904541
"165" 15.0067911148071 19.3393077850342 10.8567514419556
"166" 15.0829 19.3507 10.3128
"167" 15.1854 19.3177 9.7748
"168" 15.2491 19.2686 9.2324
"169" 15.3015 19.1912 8.6924
"170" 15.3674 19.1819 8.1499
"171" 15.5053 19.1261 7.6231
"172" 15.6258 19.0979 7.0898
"173" 15.7603 19.0632 6.5606
"174" 16.0413 19.033 6.1084
"175" 16.5045 18.9615 5.8397
"176" 17.0281 18.9907 5.791
"177" 17.5572 18.9741 5.7528
"178" 18.0696 19.0085 5.6288
"179" 18.5759 18.9589 5.4337
"180" 19.0663 18.8473 5.2324
"181" 19.4878 18.6776 4.9378
"182" 19.8844718933106 18.4543628692627 4.63031673431396
"183" 22.9395427703857 14.7489576339722 37.6600608825684
"184" 22.7057 14.6973 39.1989
"185" 22.0682 14.5884 40.6166
"186" 21.2228 14.4605 41.927
"187" 20.1114 14.377 43.0131
"188" 18.7293 14.4903 43.7278
"189" 17.3732 14.3783 44.497
"190" 15.9424 14.2867 45.1111
"191" 14.6016 14.4997 45.8838
"192" 13.3446187973022 15.0930671691894 46.5646820068359
"193" 22.9395427703857 14.7489576339722 37.6600608825684
"194" 13.0899677276611 18.2106781005859 47.3568267822266
"195" 13.3446187973022 15.0930671691894 46.5646820068359
"196" 14.916051864624 10.5112209320068 16.1389560699463
"197" 13.883731842041 14.2573890686035 33.9942092895508
"198" 14.0151214599609 13.2074422836304 32.2794990539551
"199" 17.2154960632324 14.3519649505615 22.1937084197998
"200" 16.5025 13.5624 22.4559
"201" 15.4874 13.1933 22.5896
"202" 14.4136 13.099 22.3733
"203" 13.3238 13.0342 22.4183
"204" 12.3081 13.3458 22.1767
"205" 11.5886459350586 14.0391778945923 21.7163963317871
"206" 14.8273935317993 17.2534980773926 5.7674732208252
"207" 13.1082592010498 18.8217468261719 46.8854446411133
"208" 13.0899677276611 18.2106781005859 47.3568267822266
"209" 13.0751 19.3246 45.8334
"210" 13.2488 19.7316 43.9951
"211" 13.2235 20.0072 42.1204
"212" 13.254 20.2656 40.2414
"213" 13.3569 20.4715 38.3674
"214" 13.4022 20.4861 36.4732
"215" 13.4602 20.3557 34.5798
"216" 13.4952 20.0854 32.7037
"217" 13.6171 19.9318 30.8197
"218" 13.7328 19.9047 28.9285
"219" 13.7907 20.1287 27.0497
"220" 13.9543 20.1599 25.1695
"221" 14.0035 20.1159 23.2749
"222" 14.1588 20.0609 21.3866
"223" 14.1546 19.8091 19.5065
"224" 14.2425 19.7769 17.6128
"225" 14.3048 19.5776 15.7292
"226" 14.3290615081787 19.3797225952148 13.8437023162842
"227" 15.3861484527588 11.8729877471924 4.5450267791748
"228" 13.6932201385498 19.9524116516113 30.2023830413818
"229" 14.3290615081787 19.3797225952148 13.8437023162842
"230" 13.091025352478 15.6019229888916 50.1735916137695
"231" 13.2763624191284 13.6570358276367 48.9798469543457
"232" 14.5886487960815 19.1357536315918 7.70621061325073
"233" 15.2803726196289 12.8097877502441 7.14409255981445
"234" 12.5990037918091 10.9850978851318 12.626127243042
"235" 12.6950798034668 10.9466676712036 16.029670715332
"236" 11.5886459350586 14.0391778945923 21.7163963317871
"237" 1.6127815246582 9.00867557525635 17.6311779022217
"238" 1.3373 8.599 18.6847
"239" 1.4399 8.7524 19.8407
"240" 1.1863 9.4536 20.7932
"241" 1.1754 10.4108 21.5064
"242" 0.9335 11.5713 21.6336
"243" 0.7093 12.6274 21.1001
"244" 0.4462 13.2389 20.1172
"245" 0.4169 13.598 18.9778
"246" 0.4964 13.7173 17.7837
"247" 0.6678 13.553 16.5977
"248" 0.8672 12.8726 15.633
"249" 1.1792 11.7899 15.3746
"250" 1.3904 10.7285 15.8897
"251" 1.61863803863525 9.76661777496338 16.5843467712402
"252" 1.61863803863525 9.76661777496338 16.5843467712402
"253" 1.6127815246582 9.00867557525635 17.6311779022217
"254" 2.77269172668457 14.715654373169 37.2868690490723
"255" 7.9103 18.5673 31.5183
"256" 11.8268 19.8351 23.6126
"257" 13.598 19.3605 14.8626
"258" 11.4488 18.8655 6.3282
"259" 5.3938 16.4415 9.0199
"260" 0.9852 14.4567 16.3969
"261" 1.14018583297729 10.5229940414429 22.8392829895019
"262" 14.7854776382446 18.7666893005371 3.99875855445862
"263" 13.0899677276611 18.2106781005859 47.3568267822266
"264" 12.3499 17.9275 47.2106
"265" 11.6799 17.8643 46.9178
"266" 10.9866 18.0631 46.6283
"267" 10.503 17.6612 46.8277
"268" 10.3794 17.1061 47.4092
"269" 10.4196 16.5892 48.0352
"270" 10.6033 16.1903 48.7205
"271" 10.9766 15.8484 49.3481
"272" 11.5801 15.6709 49.863
"273" 12.3228 15.4227 50.0567
"274" 13.091025352478 15.6019229888916 50.1735916137695
"275" 9.4641752243042 11.5160627365112 18.6814880371094
"276" 11.3627281188965 19.5335941314697 42.7239761352539
"277" 9.09949111938477 19.5013580322266 37.0144348144531
"278" 10.0050144195557 19.5132827758789 30.0029487609863
"279" 14.8273935317993 17.2534980773926 5.7674732208252
"280" 14.0649 17.0672 5.8406
"281" 13.4386 16.7777 6.3371
"282" 12.9851 16.3214 6.8744
"283" 12.5615 15.672 7.2358
"284" 12.2988 14.9302 7.5223
"285" 12.3384 14.408 8.1535
"286" 12.9761 14.0801 8.2823
"287" 13.2215 13.4004 7.8607
"288" 13.7619 12.8607 7.4874
"289" 14.4693 12.7463 7.043
"290" 15.2803726196289 12.8097877502441 7.14409255981445
"291" 5.78484916687012 17.7107028961182 33.7637329101562
"292" 2.77269172668457 14.715654373169 37.2868690490723
"293" 2.5325 13.7733 38.0724
"294" 2.9312 13.6173 39.3267
"295" 3.4896 13.6494 40.5394
"296" 4.1343 13.6837 41.7057
"297" 4.9131 13.7181 42.7923
"298" 5.7137 13.7037 43.8623
"299" 6.6024 13.6863 44.8616
"300" 7.5239 13.6449 45.8288
"301" 8.4832 13.6203 46.7582
"302" 9.5411 13.6012 47.5673
"303" 10.7302 13.6362 48.1788
"304" 11.9893 13.6516 48.6149
"305" 13.2763624191284 13.6570358276367 48.9798469543457
"306" 5.41813373565674 8.57926368713379 22.1849479675293
"307" 4.6496 8.8877 22.1086
"308" 4.1549 8.645 21.4342
"309" 3.7149 9.0351 21.0055
"310" 2.9565 9.3515 21.157
"311" 2.1922 8.9662 21.0785
"312" 1.8678 8.3956 20.5339
"313" 2.2112 7.8156 19.9564
"314" 3.0046 7.4542 19.787
"315" 3.8944 7.2839 19.883
"316" 4.758 7.2791 20.1615
"317" 5.3946 7.6553 20.6819
"318" 5.5738 8.2013 21.3698
"319" 2.77269172668457 14.715654373169 37.2868690490723
"320" 10.3959407806397 18.3887557983398 44.8500556945801
"321" 4.51443958282471 15.7711057662964 40.4682464599609
"322" 6.06090450286865 14.1732616424561 41.0922775268555
"323" 8.09986019134521 12.8001470565796 6.63946151733398
"324" 10.7652082443237 18.8886661529541 44.3537788391113
"325" 11.2362 19.4519 43.2924
"326" 11.4387 19.6874 42.0295
"327" 11.3154 19.917 40.7683
"328" 10.9072 19.964 39.5401
"329" 10.2779 19.9618 38.4076
"330" 9.4929 19.677 37.417
"331" 8.5455 19.3525 36.5873
"332" 7.4895 18.804 36.0782
"333" 6.3423 18.2549 35.9655
"334" 5.3413 17.6734 36.4877
"335" 4.6272 17.0335 37.3498
"336" 4.233 16.5412 38.4799
"337" 4.2472 16.1163 39.6751
"338" 4.5343 15.6391 40.8278
"339" 5.0757 15.4248 41.967
"340" 5.7943 15.4259 43.0497
"341" 6.6565 15.5233 44.0098
"342" 7.6026 15.7671 44.846
"343" 8.5965 16.2548 45.5013
"344" 9.5302 17.0896 45.6241
"345" 10.1591 18.1196 45.2096
"346" 13.8327751159668 19.3106822967529 10.7662353515625
"347" 11.6197910308838 17.3850536346436 18.5256729125977
"348" 12.4725933074951 13.7665748596191 38.3185005187988
"349" 12.4808444976807 13.7652931213379 38.3014755249023
"350" 11.6778116226196 14.0574932098389 34.3380355834961
"351" 9.03820419311523 19.4941177368164 36.9787673950195
"352" 6.7431230545044 18.3748283386231 35.9832153320312
"353" 7.99740552902222 12.6632881164551 21.2637691497803
"354" 8.73774147033691 15.7576971054077 16.0904579162598
"355" 8.227 15.5137 16.7732
"356" 7.6335 15.2357 17.3586
"357" 7.7808 15.1523 18.1976
"358" 7.2911 14.814 18.7939
"359" 7.8015 14.881 19.4688
"360" 7.9055 14.5219 19.9037
"361" 7.5572 13.7692 20.0294
"362" 7.7872 13.0691 20.5047
"363" 7.99740552902222 12.6632881164551 21.2637691497803
"364" 1.14018583297729 10.5229940414429 22.8392829895019
"365" 8.73774147033691 15.7576971054077 16.0904579162598
"366" 9.91337490081787 17.9593486785889 4.02439403533936
"367" 13.350604057312 16.2124538421631 12.0954685211182
"368" 10.2225761413574 16.4032649993896 16.4696235656738
"369" 7.56400108337402 16.344259262085 1.99279975891113
"370" 13.8327751159668 19.3106822967529 10.7662353515625
"371" 13.8113 19.3233 10.2157
"372" 13.7751 19.3173 9.6666
"373" 13.7554 19.3061 9.1163
"374" 13.7437 19.2716 8.5664
"375" 13.7108 19.2362 8.0179
"376" 13.6608 19.1757 7.4749
"377" 13.6319 19.1317 6.9271
"378" 13.5562 19.0832 6.3891
"379" 13.3714 19.0086 5.923
"380" 12.8527 18.93 5.8939
"381" 12.3403 18.9223 5.7188
"382" 11.8176 18.8423 5.5711
"383" 11.3082 18.7478 5.4001
"384" 10.8723 18.618 5.1078
"385" 10.4884 18.43 4.8149
"386" 10.1765 18.1593 4.4655
"387" 9.91337490081787 17.9593486785889 4.02439403533936
"388" 4.04343748092651 14.3554077148438 36.9302177429199
"389" 4.2439 14.2957 38.4763
"390" 5.0027 14.1804 39.8495
"391" 5.9967 14.1292 41.071
"392" 7.0819 14.0309 42.2038
"393" 8.3687 14.0455 43.1135
"394" 9.6106 14.0214 44.0813
"395" 10.9656 14.0968 44.8702
"396" 12.2529 14.4157 45.7063
"397" 13.3446187973022 15.0930671691894 46.5646820068359
"398" 4.04343748092651 14.3554077148438 36.9302177429199
"399" 24.0151233673096 9.43611621856689 22.5672416687012
"400" 23.9795398712158 9.18284702301025 22.1919898986816
"401" 24.2983512878418 9.52415370941162 22.5916423797607
"402" 24.3059940338135 9.26070976257324 22.2288913726807
"403" 24.2591609954834 9.00987815856934 21.9434051513672
"404" 24.3200168609619 8.71400260925293 21.5964965820312
"405" 24.6364498138428 9.56015300750732 22.4640846252441
"406" 24.5533638000488 9.22216033935547 22.078197479248
"407" 24.5837631225586 8.9693489074707 21.8486232757568
"408" 24.6097087860107 8.71471977233887 21.6097373962402
"409" 24.674108505249 8.48454761505127 21.267183303833
"410" 24.8546409606934 9.51519012451172 22.2863254547119
"411" 24.9339027404785 9.20906162261963 21.8595695495605
"412" 24.9403972625732 8.87196922302246 21.6139316558838
"413" 24.959774017334 8.51949405670166 21.293586730957
"414" 25.5638008117676 9.45380020141602 21.8040008544922
"415" 25.218376159668 9.35140419006348 21.8367881774902
"416" 25.2910480499268 8.97894859313965 21.5853786468506
"417" 25.3139591217041 8.51058864593506 21.1652584075928
"418" 25.5540199279785 9.45631408691406 21.8061084747314
"419" 25.6280193328857 9.05400848388672 21.5290946960449
"420" 25.6597309112549 8.64499092102051 21.1619873046875
"421" 25.7661972045898 9.6971607208252 21.7871398925781
"422" 25.8554573059082 9.07037258148193 21.4818134307861
"423" 26.0366230010986 8.71629333496094 21.1082611083984
"424" 25.9938850402832 9.71697330474854 21.7705726623535
"425" 26.1298484802246 9.16958332061768 21.524055480957
"426" 26.1973686218262 8.85928153991699 21.2237567901611
"427" 25.4568996429443 9.86734008789062 22.149299621582
"428" 26.2999172210693 9.62020397186279 21.8145732879639
"429" 26.5012645721436 9.19490242004395 21.5025520324707
"430" 26.7314414978027 8.83484172821045 21.0837497711182
"431" 26.5285110473633 10.1630487442017 22.1130924224854
"432" 26.7245006561279 9.64452743530273 21.8896026611328
"433" 26.8272590637207 9.27237224578857 21.5471687316895
"434" 27.0670433044434 9.08066558837891 21.2277488708496
"435" 26.8962745666504 9.98544406890869 22.2037582397461
"436" 27.1313571929932 9.58808422088623 21.6843738555908
"437" 27.2146472930908 9.90631580352783 22.0085430145264
"438" 5.25924015045166 8.58843994140625 22.2390995025635
"439" 5.2136173248291 8.36613464355469 21.6888198852539
"440" 5.29377794265747 8.06223678588867 21.3060855865479
"441" 4.86433410644531 8.48363971710205 21.7485904693604
"442" 4.97045755386353 8.25339889526367 21.461877822876
"443" 5.0886869430542 7.92934656143188 21.1417350769043
"444" 5.14403390884399 7.75336503982544 20.9481582641602
"445" 4.61187839508057 8.56154251098633 21.7130317687988
"446" 4.7083797454834 8.23916435241699 21.3131160736084
"447" 4.78606367111206 7.95043802261353 21.064905166626
"448" 4.88410902023315 7.72277784347534 20.8718090057373
"449" 4.95566320419312 7.51033020019531 20.5593585968018
"450" 4.40391063690186 8.40980434417725 21.3565254211426
"451" 4.47832679748535 8.07716369628906 21.0299625396729
"452" 4.54501485824585 7.75100708007812 20.7796039581299
"453" 4.62223339080811 7.45805931091309 20.5224227905273
"454" 4.15812301635742 8.4071216583252 21.1245613098145
"455" 4.22984933853149 8.153244972229 20.9394855499268
"456" 4.18741464614868 7.88773965835571 20.7477397918701
"457" 4.30338764190674 7.56192350387573 20.5066776275635
"458" 3.9264554977417 8.53072738647461 20.938232421875
"459" 3.90711307525635 8.19914150238037 20.8050651550293
"460" 3.9378080368042 7.86205768585205 20.6149349212646
"461" 4.05080604553223 7.55129766464233 20.3754253387451
"462" 3.64531493186951 8.54926013946533 20.8143005371094
"463" 3.65643715858459 8.10262775421143 20.6897754669189
"464" 3.71581411361694 7.78429079055786 20.4610176086426
"465" 3.7913134098053 7.45072650909424 20.1470394134521
"466" 3.40540409088135 8.66351413726807 20.7862186431885
"467" 3.48128032684326 8.20846271514893 20.7180366516113
"468" 3.50756025314331 7.85840654373169 20.4490642547607
"469" 3.42166328430176 7.61223363876343 20.197925567627
"470" 3.31334280967712 8.59607315063477 20.792121887207
"471" 3.28224515914917 8.11995792388916 20.6358890533447
"472" 3.19744491577148 7.70113706588745 20.240047454834
"473" 3.0121283531189 8.80208396911621 20.8959445953369
"474" 3.0824408531189 8.26935291290283 20.7040100097656
"475" 2.97207832336426 7.82800245285034 20.3304100036621
"476" 2.77317953109741 8.73800277709961 20.9402542114258
"477" 2.79254937171936 8.18490314483643 20.6256580352783
"478" 2.73223638534546 7.69230651855469 20.198543548584
"479" 2.54645657539368 8.59703063964844 20.935001373291
"480" 2.50930857658386 8.20762157440186 20.6448650360107
"481" 2.45866513252258 7.79420375823975 20.198356628418
"482" 2.23674321174622 8.38078498840332 20.8785800933838
"483" 2.24376726150513 8.07958126068115 20.4474868774414
"484" 24.2248821258545 16.0104694366455 39.4350662231445
"485" 23.8045291900635 16.5623931884766 39.8263511657715
"486" 23.8167495727539 15.2478122711182 39.126033782959
"487" 23.8047046661377 16.4734306335449 38.7288398742676
"488" 23.8511047363281 16.0922927856445 38.0361633300781
"489" 23.2626953125 15.4577302932739 37.5889129638672
"490" 24.027961730957 14.7486619949341 40.2675399780273
"491" 22.9851379394531 14.9784002304077 40.5125923156738
"492" 24.0086097717285 15.2531061172485 40.6534385681152
"493" 24.341646194458 15.7516651153564 40.1065483093262
"494" 23.8566398620605 15.1396808624268 39.510368347168
"495" 24.2285003662109 15.0174999237061 39.0343017578125
"496" 23.4931488037109 14.7549772262573 41.2174377441406
"497" 23.0301418304443 14.975471496582 41.37548828125
"498" 23.1405429840088 14.9286127090454 41.4283905029297
"499" 24.0799045562744 15.4629430770874 41.4683456420898
"500" 23.5444202423096 14.9693622589111 40.7852172851562
"501" 22.9288482666016 14.8771295547485 40.3784675598145
"502" 23.2019996643066 14.5994539260864 41.9241371154785
"503" 22.6791591644287 14.945255279541 42.1273574829102
"504" 22.7843952178955 14.8783493041992 42.2140464782715
"505" 23.7431697845459 14.8068075180054 42.5023422241211
"506" 23.3883628845215 13.9941940307617 41.8723945617676
"507" 23.5403995513916 13.7937002182007 41.5141983032227
"508" 22.7192363739014 14.6277828216553 42.7093696594238
"509" 22.3587646484375 14.932900428772 42.6543197631836
"510" 22.886360168457 14.9587516784668 42.8314819335938
"511" 23.0730934143066 14.0308809280396 42.5005416870117
"512" 23.1364002227783 13.753399848938 42.2579002380371
"513" 23.2548046112061 13.7538709640503 42.0268630981445
"514" 22.6048679351807 14.6796760559082 43.6312866210938
"515" 22.013370513916 14.8727674484253 43.1961441040039
"516" 22.5152263641357 14.7391681671143 43.4029579162598
"517" 22.7377319335938 13.8989486694336 43.0718193054199
"518" 22.9407005310059 13.7307996749878 42.6206016540527
"519" 21.6961250305176 14.5073823928833 43.9296798706055
"520" 21.5926284790039 14.8318452835083 43.7274780273438
"521" 22.1560001373291 14.3678588867188 43.8366241455078
"522" 22.3099842071533 14.1750192642212 43.5765190124512
"523" 21.3454265594482 14.6347198486328 42.3645858764648
"524" 20.4246234893799 14.7265996932983 43.6855773925781
"525" 20.5740299224854 14.7040033340454 43.5289497375488
"526" 21.5779991149902 14.1642999649048 44.2169990539551
"527" 21.2223815917969 14.9691553115845 43.586597442627
"528" 21.1764869689941 14.7131538391113 42.9501190185547
"529" 20.7416591644287 14.6551313400269 45.1324615478516
"530" 19.9344005584717 14.7259998321533 44.2271995544434
"531" 21.1567687988281 14.3022232055664 45.0691833496094
"532" 21.5501003265381 14.1532001495361 44.279598236084
"533" 20.4652347564697 14.6533651351929 43.5042533874512
"534" 20.2402000427246 14.2357997894287 45.8308982849121
"535" 19.3837127685547 14.6738653182983 44.5866203308105
"536" 20.3799514770508 14.2577037811279 45.7230415344238
"537" 19.6715183258057 14.6582431793213 44.3272933959961
"538" 18.6976070404053 14.6258859634399 45.0354194641113
"539" 18.8806991577148 14.6795997619629 44.9771995544434
"540" 19.5835990905762 14.2477998733521 46.1952018737793
"541" 18.6304931640625 14.3641948699951 44.6130561828613
"542" 18.9239864349365 14.0737085342407 46.7597618103027
"543" 17.9232635498047 14.4845905303955 45.2909812927246
"544" 18.0413703918457 14.5228929519653 45.2729187011719
"545" 17.7931346893311 14.3679485321045 45.0738487243652
"546" 17.8206005096436 13.6253004074097 46.9305000305176
"547" 17.8206005096436 13.6253004074097 46.9305000305176
"548" 17.2610530853271 14.450719833374 45.6926345825195
"549" 17.5316009521484 13.5738000869751 47.1337013244629
"550" 16.5738639831543 14.4182062149048 46.0455131530762
"551" 16.535514831543 14.6077747344971 46.3185119628906
"552" 16.1305999755859 13.5223999023438 47.7997016906738
"553" 16.0839004516602 13.5771999359131 47.7806015014648
"554" 15.8475971221924 14.4723739624023 46.3372802734375
"555" 16.0279998779297 13.5689001083374 47.7836990356445
"556" 16.0279998779297 13.5689001083374 47.7836990356445
"557" 14.7785167694092 14.9571866989136 47.060848236084
"558" 14.5767002105713 13.5746002197266 48.3333015441895
"559" 14.5767002105713 13.5746002197266 48.3333015441895
"560" 14.5255002975464 13.6176996231079 48.3348999023438
"561" 14.0747003555298 14.8924999237061 46.8322982788086
"562" 14.520299911499 13.5683002471924 48.3303985595703
"563" 14.0606546401978 13.6237154006958 48.4879875183105
"564" 13.6596002578735 13.7618999481201 48.4887008666992
"565" 13.3024768829346 13.6157083511353 48.415943145752
"566" 13.5116996765137 13.6276998519897 48.4361000061035
"567" 13.4072256088257 14.6276416778564 48.4932975769043
"568" 4.00935983657837 14.4211692810059 38.0982360839844
"569" 3.60531568527222 14.4471864700317 38.1249008178711
"570" 3.11017441749573 15.3256254196167 38.2289123535156
"571" 3.00336623191833 15.1912298202515 37.8263244628906
"572" 3.06250476837158 14.8716526031494 37.4018020629883
"573" 3.28359222412109 14.2782850265503 38.7779655456543
"574" 3.76344203948975 14.4577445983887 39.1947021484375
"575" 3.10456490516663 14.1575517654419 39.3085327148438
"576" 3.01429653167725 14.8146629333496 39.3413352966309
"577" 2.85413002967834 13.8754997253418 39.1147003173828
"578" 3.17919993400574 13.8242998123169 38.9684982299805
"579" 3.40223813056946 14.0773830413818 39.6978073120117
"580" 3.78511786460876 14.3613443374634 40.0725479125977
"581" 3.57930660247803 14.0001411437988 40.2344856262207
"582" 3.18703150749207 14.4763307571411 40.2921333312988
"583" 3.31256294250488 13.6475038528442 40.1056976318359
"584" 3.45352506637573 13.7771644592285 40.2189483642578
"585" 3.76271462440491 14.012975692749 40.5962295532227
"586" 4.08758401870728 14.3020753860474 40.8081665039062
"587" 3.71190857887268 13.8333473205566 41.1364250183105
"588" 3.69139218330383 13.7339677810669 41.0532836914062
"589" 3.78967952728271 13.670464515686 41.0126304626465
"590" 3.89917182922363 13.7208843231201 41.1329116821289
"591" 4.25570631027222 14.018271446228 41.5326309204102
"592" 4.47964477539062 14.3204174041748 41.5548362731934
"593" 4.02158069610596 14.1765937805176 41.9274635314941
"594" 4.03287363052368 13.8079986572266 41.7648124694824
"595" 4.18020153045654 13.7014360427856 41.6424255371094
"596" 4.22788667678833 13.7214593887329 41.6936950683594
"597" 4.72333335876465 14.059853553772 42.1859474182129
"598" 4.92528438568115 14.3423900604248 42.2725296020508
"599" 4.61286926269531 13.9591121673584 42.7220230102539
"600" 4.75835990905762 13.6906995773315 42.5247001647949
"601" 5.92278861999512 14.2073163986206 41.5387535095215
"602" 5.32039213180542 14.0830335617065 42.9889144897461
"603" 5.51525115966797 14.3745317459106 43.0492210388184
"604" 5.24864196777344 13.756685256958 43.3352699279785
"605" 5.28900718688965 13.7638645172119 43.2124328613281
"606" 6.46926689147949 14.2428350448608 42.4257736206055
"607" 5.98178195953369 14.1598768234253 43.7788429260254
"608" 6.19861030578613 14.3859052658081 43.7949638366699
"609" 5.89534759521484 13.7028837203979 43.9881439208984
"610" 5.9990758895874 13.726505279541 44.0749435424805
"611" 7.22469615936279 14.1517133712769 42.9739646911621
"612" 6.71925115585327 14.16921043396 44.5599517822266
"613" 6.72534275054932 13.7224235534668 44.9008255004883
"614" 6.62224578857422 13.7157278060913 44.7951316833496
"615" 8.11425971984863 14.1402997970581 43.7267990112305
"616" 7.05190992355347 13.7068996429443 45.2415008544922
"617" 8.31460952758789 14.2992000579834 44.2778015136719
"618" 7.41791009902954 13.6691999435425 45.625
"619" 9.01728439331055 14.1521806716919 44.4427642822266
"620" 7.83562231063843 13.7717132568359 45.9795875549316
"621" 8.08473110198975 13.6714305877686 46.2691535949707
"622" 8.34784412384033 13.7313270568848 46.4493179321289
"623" 9.87835025787354 14.2066583633423 45.237964630127
"624" 9.41654014587402 13.2231998443604 47.0091018676758
"625" 9.48136520385742 13.5484933853149 46.9897270202637
"626" 9.92433929443359 13.3300085067749 47.2277374267578
"627" 9.81649398803711 13.892128944397 47.1711158752441
"628" 10.1481676101685 13.358546257019 47.3570785522461
"629" 11.7053985595703 14.5504531860352 46.3810348510742
"630" 12.3216924667358 14.6993131637573 46.6327972412109
"631" 10.7591276168823 13.2234411239624 47.6257057189941
"632" 10.9214000701904 13.1719999313354 47.7808990478516
"633" 11.9961977005005 13.4432764053345 48.1593399047852
"634" 12.9943075180054 13.5797719955444 48.3818664550781
"635" 11.8124895095825 13.3016328811646 48.0824012756348
"636" 12.212682723999 13.4556074142456 48.2149391174316
"637" 12.8329334259033 13.5856800079346 48.3835754394531
"638" 12.821587562561 14.8372220993042 48.3189926147461
