"V1" "V2" "V3"
"1" 19.0928764343262 20.425350189209 19.8120613098144
"2" 19.1915 20.4679 20.2925
"3" 19.2148 20.4656 20.784
"4" 19.186 20.4212 21.272
"5" 19.2078 20.4247 21.7613
"6" 19.2726 20.5074 22.2315
"7" 19.2747 20.4993 22.708
"8" 19.288 20.5431 23.188
"9" 19.2103 20.4677 23.6644
"10" 19.1912 20.4139 24.1488
"11" 19.2073 20.3856 24.6403
"12" 19.1966 20.3621 25.1322
"13" 19.1875457763672 20.3273200988769 25.623477935791
"14" 21.0541610717773 19.105863571167 29.2515296936035
"15" 21.2502555847168 19.0849418640137 25.7220764160156
"16" 19.5971221923828 18.5057735443115 19.6846237182617
"17" 25.5538806915283 14.4737424850464 23.94260597229
"18" 26.7887 14.7812 23.8317
"19" 27.9646 15.1259 23.5937
"20" 28.8104 15.3108 22.8669
"21" 28.7064 15.0725 21.6576
"22" 28.1407 14.572 20.6283
"23" 27.279 13.7451 20.2719
"24" 26.3641 12.848 20.2856
"25" 25.5358 11.9949 20.6846
"26" 24.9155 11.3104 21.5663
"27" 24.5003 10.877 22.6912
"28" 24.329 10.7106 23.9241
"29" 24.4445 10.8529 25.1933
"30" 24.9919 11.4967 25.8418
"31" 25.7304 12.4454 25.4346
"32" 25.8818 13.4407 24.7082
"33" 25.3490447998047 14.3682165145874 24.0067043304443
"34" 25.3490447998047 14.3682165145874 24.0067043304443
"35" 25.5538806915283 14.4737424850464 23.94260597229
"36" 28.3518333435059 17.9593772888184 12.9899291992188
"37" 27.7208 17.6277 12.3492
"38" 27.1732 16.9737 12.0971
"39" 26.9866 16.1792 12.5912
"40" 27.0215 15.325 13.0386
"41" 26.9779 14.555 13.6109
"42" 26.7386 13.9042 14.2777
"43" 26.7234 13.3406 15.0684
"44" 26.6793 12.928 15.9345
"45" 26.7995 12.9871 16.8725
"46" 27.0438 13.2281 17.775
"47" 27.4305 13.7076 18.5228
"48" 27.9694 14.2625 19.0871
"49" 28.5918 14.7466 19.6431
"50" 29.1263 15.2038 20.3106
"51" 29.6602 15.763 20.8939
"52" 30.3034763336182 16.1685485839844 21.4975891113281
"53" 17.6473445892334 14.8364849090576 28.9489326477051
"54" 17.6847267150879 21.1243286132812 1.1368522644043
"55" 18.3187 20.389 0.9462
"56" 19.0871 19.836 0.8349
"57" 20.0238 19.7036 1.0948
"58" 20.6865 19.5956 1.7977
"59" 21.2843 19.7699 2.4709
"60" 21.707 20.6503 2.3235
"61" 21.9113 21.5771 2.0649
"62" 22.1072 22.5469 2.0482
"63" 22.0015 23.446 2.1255
"64" 21.3453 24.1493 1.962
"65" 20.6150283813477 24.7698593139648 2.13616180419922
"66" 23.5083312988281 17.7775802612305 24.8956680297852
"67" 18.3442249298096 15.5372180938721 7.04348754882812
"68" 18.5217189788818 13.9897270202637 10.38356590271
"69" 18.1073760986328 13.6536703109741 10.9822912216187
"70" 15.7108182907104 15.1993618011475 29.8035564422607
"71" 16.251 15.0265 29.5801
"72" 16.7785 14.9234 29.3009
"73" 17.3033 14.8838 29.0109
"74" 17.875 15.0823 28.9492
"75" 18.3159 15.4574 29.1334
"76" 18.6098 15.9806 29.2343
"77" 18.8099 16.5368 29.3112
"78" 18.8131 17.102 29.5236
"79" 18.6636 17.6226 29.7966
"80" 18.4039 18.1499 29.8765
"81" 17.9457149505615 18.5507850646973 29.8464813232422
"82" 24.5497303009033 11.4703969955444 14.0919380187988
"83" 28.3518333435059 17.9593772888184 12.9899291992188
"84" 28.0241 18.4108 12.1566
"85" 27.519 18.8132 11.374
"86" 26.8784 19.0405 10.6129
"87" 26.5119 19.5236 9.8138
"88" 26.1776 20.106 9.0423
"89" 25.7434 20.5946 8.2529
"90" 25.3144 21.1479 7.5027
"91" 24.9044 21.6569 6.7118
"92" 24.4998 22.205 5.947
"93" 24.1703 22.8421 5.2135
"94" 23.8905 23.5008 4.4785
"95" 23.7402 24.3099 3.8711
"96" 23.352 24.9866 3.2347
"97" 22.6535 25.5476 2.7663
"98" 22.2559547424316 26.4467048645019 2.59895181655884
"99" 28.8523826599121 18.3360538482666 21.3022270202637
"100" 29.3548 18.0096 21.5757
"101" 29.6715 17.4949 21.8394
"102" 30.0237 16.9421 21.7069
"103" 30.6311 16.7431 21.4731
"104" 31.1984 16.8204 21.7399
"105" 31.3533 17.1178 22.3057
"106" 31.0112 17.4643 22.6503
"107" 30.4236 17.8234 22.6961
"108" 30.1776 18.4309 22.6275
"109" 29.9294 19.0074 22.8351
"110" 29.4488 19.371 22.6902
"111" 29.1136 19.3364 22.1119
"112" 28.9034 18.9274 21.653
"113" 28.3518333435059 17.9593772888184 12.9899291992188
"114" 21.010009765625 17.8378620147705 4.69705390930176
"115" 25.4042434692383 16.0606670379639 10.8661193847656
"116" 22.2629776000977 21.2516841888428 11.1744956970215
"117" 22.9913654327393 13.565806388855 30.0906925201416
"118" 20.4006118774414 17.3046379089356 4.75548076629639
"119" 19.52 16.5475 5.1029
"120" 18.7747 15.9075 5.8076
"121" 18.3923 15.5098 6.8618
"122" 18.1117 15.1404 7.9658
"123" 18.0223 14.6583 9.0714
"124" 18.3946 14.154 10.0895
"125" 19.2323 13.4595 10.602
"126" 20.3106 13.006 10.9188
"127" 21.4628 12.7047 11.0547
"128" 22.616 12.8814 11.2869
"129" 23.6085 13.4952 11.5596
"130" 24.4992 14.3104 11.5287
"131" 25.2618 15.186 11.2454
"132" 25.5013 16.2492 10.7541
"133" 25.4127 17.2513 10.1125
"134" 25.3058 18.1207 9.2949
"135" 24.8534 18.71 8.3429
"136" 24.346 19.2158 7.374
"137" 23.7474 19.5546 6.3764
"138" 23.0153 19.5935 5.4888
"139" 22.1448 18.9024 5.0126
"140" 21.2726 18.1452 4.6966
"141" 13.9982299804688 13.3052473068237 27.1946830749512
"142" 18.3592853546143 13.6574068069458 23.0227375030518
"143" 19.4989643096924 20.3920288085938 9.24642372131348
"144" 19.0269451141357 20.3790721893311 17.0349082946777
"145" 20.2054862976074 18.0887718200684 14.6160936355591
"146" 18.6085453033447 13.9798812866211 10.3878402709961
"147" 24.3951683044434 14.2500724792481 11.6380977630615
"148" 22.3846015930176 15.3681373596191 20.2893505096436
"149" 19.3058338165283 13.5269804000854 24.2247524261475
"150" 19.5091 13.2603 23.4345
"151" 19.744 13.3756 22.6144
"152" 19.8525 13.6851 21.8508
"153" 20.4644 13.8016 21.2848
"154" 21.1916 13.792 20.8724
"155" 21.9416 13.4358 20.6312
"156" 22.5745 13.6833 20.4113
"157" 22.6251 14.5377 20.3109
"158" 22.3846015930176 15.3681373596191 20.2893505096436
"159" 30.3034763336182 16.1685485839844 21.4975891113281
"160" 19.3058338165283 13.5269804000854 24.2247524261475
"161" 23.1953468322754 9.09471130371094 22.7152404785156
"162" 17.9178161621094 14.4898338317871 28.0198497772217
"163" 18.8687553405762 14.1690940856934 23.7929649353027
"164" 22.8123531341553 11.8143682479858 29.7140884399414
"165" 13.9982299804688 13.3052473068237 27.1946830749512
"166" 14.1523 13.5458 25.3606
"167" 14.4986 13.8137 23.5472
"168" 14.8122 13.8587 21.7073
"169" 15.2806 13.6955 19.9102
"170" 15.7822 13.4301 18.1316
"171" 16.4246 13.2434 16.3876
"172" 16.9773 13.013 14.6195
"173" 17.8348 13.097 13.0275
"174" 19.3903 12.5404 12.2375
"175" 21.0389 11.8234 12.1726
"176" 22.6929 11.715 12.5867
"177" 23.6554 11.1433 14.0506
"178" 24.2469 10.6608 15.7311
"179" 24.4455 10.324 17.4596
"180" 24.2363 9.8987 19.2381
"181" 23.7642 9.4428 20.9826
"182" 23.1953468322754 9.09471130371094 22.7152404785156
"183" 23.3670997619629 19.7195682525635 13.6125621795654
"184" 22.9409 20.5043 12.85
"185" 22.5278 20.934 11.7565
"186" 22.3201 21.3283 10.5705
"187" 22.2634 21.7772 9.3607
"188" 22.3814 22.2566 8.1663
"189" 22.5504 22.7303 6.9835
"190" 22.3072 23.1556 5.8423
"191" 21.503 23.5153 4.9074
"192" 20.3247261047363 23.9067611694336 4.57809257507324
"193" 23.3670997619629 19.7195682525635 13.6125621795654
"194" 17.6847267150879 21.1243286132812 1.1368522644043
"195" 20.3247261047363 23.9067611694336 4.57809257507324
"196" 19.1875457763672 20.3273200988769 25.623477935791
"197" 19.1065864562988 20.2262573242188 19.3825225830078
"198" 19.0928764343262 20.425350189209 19.8120613098144
"199" 19.5971221923828 18.5057735443115 19.6846237182617
"200" 19.4119 18.8292 20.5281
"201" 19.2118 19.2356 21.3187
"202" 18.777 19.893 21.7101
"203" 18.0174 20.1677 21.3674
"204" 17.4458 20.4499 20.7103
"205" 16.9052906036377 20.7466793060303 20.0260391235352
"206" 15.7108182907104 15.1993618011475 29.8035564422607
"207" 15.402774810791 17.7167167663574 5.73495244979858
"208" 17.6847267150879 21.1243286132812 1.1368522644043
"209" 16.7991 20.112 1.8782
"210" 16.2681 19.1283 2.9669
"211" 15.8374 18.3295 4.2339
"212" 15.576 17.6964 5.6344
"213" 15.2042 17.0269 6.9974
"214" 14.8627 16.4275 8.3977
"215" 14.6333 16.0019 9.8838
"216" 14.385 15.7051 11.3984
"217" 14.2607 15.3378 12.909
"218" 14.0456 14.9885 14.4157
"219" 13.927 14.6545 15.9329
"220" 13.8462 14.5416 17.4842
"221" 14.0307 14.3631 19.0256
"222" 14.1116 14.3222 20.5853
"223" 14.2214 14.1858 22.1347
"224" 14.0247 14.0614 23.6764
"225" 13.8834 13.7905 25.2074
"226" 13.6265125274658 13.3929061889648 26.6793308258057
"227" 18.517614364624 19.1117649078369 31.0474357604981
"228" 14.2023706436157 16.0125179290771 11.0586700439453
"229" 13.6265125274658 13.3929061889648 26.6793308258057
"230" 20.6150283813477 24.7698593139648 2.13616180419922
"231" 22.2559547424316 26.4467048645019 2.59895181655884
"232" 14.4823942184448 13.5138111114502 33.5556869506836
"233" 17.9457149505615 18.5507850646973 29.8464813232422
"234" 17.7403106689453 22.1209659576416 28.5615177154541
"235" 17.7937355041504 21.8196182250977 25.7440719604492
"236" 16.9052906036377 20.7466793060303 20.0260391235352
"237" 12.4219779968262 25.3346824645996 24.992826461792
"238" 12.5352 26.7173 24.8825
"239" 12.7232 28.0534 24.7219
"240" 12.672 28.7579 23.8498
"241" 12.1101 28.4384 22.6035
"242" 11.3497 27.7474 21.682
"243" 10.5093 26.6562 21.4351
"244" 9.7027 25.5611 21.7361
"245" 9.1047 24.6131 22.5762
"246" 8.8008 23.9238 23.7552
"247" 8.8441 23.711 25.1221
"248" 9.1744 23.7741 26.4781
"249" 10.0123 24.6437 26.7515
"250" 11.051 25.2465 26.0383
"251" 12.0724334716797 25.4032897949219 25.128044128418
"252" 12.0724334716797 25.4032897949219 25.128044128418
"253" 12.4219779968262 25.3346824645996 24.992826461792
"254" 14.2393970489502 29.4935607910156 13.1993684768677
"255" 12.6483 28.2943 13.5895
"256" 11.513 28.5101 14.8374
"257" 10.7166 28.2445 16.6906
"258" 10.5417 27.8157 18.547
"259" 11.2322 28.261 20.4009
"260" 12.2528 29.1677 21.8923
"261" 13.2377510070801 30.4700126647949 23.1199703216553
"262" 14.8270797729492 17.3866386413574 28.8641738891602
"263" 17.6847267150879 21.1243286132812 1.1368522644043
"264" 16.8746 21.6984 1.1203
"265" 16.1994 22.3998 1.169
"266" 15.9442 23.2846 1.3731
"267" 15.6292 23.8385 2.0989
"268" 15.7188 24.1804 2.8187
"269" 16.4729 24.7804 2.8267
"270" 17.2854 25.2448 2.5055
"271" 18.1891 25.6205 2.3691
"272" 19.1187 25.9001 2.3907
"273" 19.8964 25.427 2.1125
"274" 20.6150283813477 24.7698593139648 2.13616180419922
"275" 15.6725463867188 24.0283508300781 25.4448127746582
"276" 12.6559638977051 20.2373046875 7.59225606918335
"277" 11.923638343811 19.4493732452393 11.0522060394287
"278" 12.0074634552002 18.3797817230225 11.378851890564
"279" 15.7108182907104 15.1993618011475 29.8035564422607
"280" 15.3804 15.6108 29.5067
"281" 15.1162 16.1218 29.38
"282" 14.9455 16.6758 29.2207
"283" 14.9009 17.2412 29.0341
"284" 15.0888 17.7705 28.9407
"285" 15.484 18.2088 29.0357
"286" 15.8971 18.6178 29.1897
"287" 16.3495 19.0168 29.2057
"288" 16.8837 18.9165 29.4571
"289" 17.4275 18.8057 29.6718
"290" 17.9457149505615 18.5507850646973 29.8464813232422
"291" 9.11792850494385 25.492862701416 15.5351791381836
"292" 14.2393970489502 29.4935607910156 13.1993684768677
"293" 14.6869 29.1838 12.2527
"294" 15.0972 28.833 11.3035
"295" 15.6636 28.6012 10.3991
"296" 16.2596 28.4399 9.4964
"297" 16.818 28.183 8.5898
"298" 17.3604 27.9291 7.6734
"299" 17.9388 27.6339 6.7918
"300" 18.543 27.4914 5.8925
"301" 19.2331 27.372 5.0517
"302" 19.9782 27.4265 4.2561
"303" 20.6588 27.3256 3.5117
"304" 21.241 26.6861 2.8724
"305" 22.2559547424316 26.4467048645019 2.59895181655884
"306" 15.8897075653076 29.4753551483154 22.3957939147949
"307" 15.324 29.7424 22.6689
"308" 14.815 30.0336 23.1302
"309" 14.193 30.4204 23.1296
"310" 13.8278 31.0473 23.1306
"311" 13.986 31.635 23.4805
"312" 14.3743 31.6609 24.1024
"313" 14.7475 31.1612 24.3752
"314" 15.1972 30.5806 24.344
"315" 15.8229 30.474 24.2002
"316" 16.4686 30.3466 23.8925
"317" 16.7866 29.9499 23.4035
"318" 16.4802 29.6483 22.8122
"319" 14.2393970489502 29.4935607910156 13.1993684768677
"320" 14.2618026733398 23.3606357574463 5.17061138153076
"321" 12.4394454956055 26.7453727722168 11.4003686904907
"322" 17.6979675292969 24.9144382476807 10.436936378479
"323" 12.1345310211182 22.1081352233887 30.6794872283936
"324" 13.9212055206299 22.8353061676025 5.11341047286987
"325" 13.2369 21.7574 5.4999
"326" 12.8623 20.8426 6.3938
"327" 12.6471 20.176 7.5331
"328" 12.4323 19.6611 8.7462
"329" 12.1236 19.4549 10.0219
"330" 11.5543 19.6494 11.193
"331" 10.7032 20.4082 11.8252
"332" 9.8183 21.2863 12.3368
"333" 9.011 22.2125 12.8235
"334" 8.9294 23.531 13.0371
"335" 9.4571 24.7545 13.0929
"336" 10.3008 25.8035 13.1517
"337" 11.1635 26.4902 12.4258
"338" 12.0222 26.7699 11.4601
"339" 13.261 27.0046 10.9845
"340" 14.2379 27.0724 10.1194
"341" 14.868 26.9189 8.9407
"342" 15.3797 26.4396 7.7985
"343" 15.7117 25.8771 6.6202
"344" 15.3778 24.9939 5.7602
"345" 14.7023 23.9056 5.3588
"346" 13.5966329574585 13.6039295196533 26.6589164733887
"347" 12.7544593811035 18.2469520568848 23.4189414978027
"348" 17.3730850219727 22.280632019043 9.44166088104248
"349" 18.0592041015625 20.7158069610596 17.0092220306396
"350" 15.3890876770019 21.7199954986572 15.0524110794067
"351" 11.9912900924683 19.4102249145508 10.9149980545044
"352" 9.7767505645752 25.0193347930908 12.9576663970947
"353" 13.5635080337524 22.7615413665771 20.91526222229
"354" 12.2905960083008 19.0861892700195 24.5652484893799
"355" 12.1008 19.2604 23.7902
"356" 11.8709 19.8737 23.3607
"357" 11.7921 20.4696 22.7958
"358" 11.6026 20.995 22.1849
"359" 11.4031 21.6097 21.6863
"360" 11.6114 22.2915 21.3153
"361" 12.1516 22.8014 21.4908
"362" 12.7771 22.7089 21.0905
"363" 13.5635080337524 22.7615413665771 20.91526222229
"364" 13.2377510070801 30.4700126647949 23.1199703216553
"365" 12.2905960083008 19.0861892700195 24.5652484893799
"366" 7.89301681518555 21.9137897491455 24.6008682250977
"367" 14.2252960205078 17.5779151916504 28.2588081359863
"368" 12.5749855041504 18.9324417114258 24.7381610870361
"369" 10.971097946167 21.5136566162109 30.3080081939697
"370" 13.5966329574585 13.6039295196533 26.6589164733887
"371" 13.8233 14.1487 24.9012
"372" 13.8035 14.5225 23.0638
"373" 13.6867 15.0461 21.2671
"374" 13.2223 15.5093 19.5241
"375" 12.7691 15.9595 17.7623
"376" 12.2 16.56 16.0823
"377" 11.5659 17.4382 14.5561
"378" 11.0328 18.8349 13.5047
"379" 9.8364 20.2422 13.6643
"380" 8.8968 21.7636 14.0869
"381" 8.6366 23.4021 14.7981
"382" 8.7167 24.3633 16.3848
"383" 8.4896 24.7382 18.0182
"384" 8.0606 23.8663 19.6095
"385" 7.8283 22.9193 21.1943
"386" 7.5912 21.9477 22.7493
"387" 7.89301681518555 21.9137897491455 24.6008682250977
"388" 16.4550647735596 25.4994201660156 14.2951107025147
"389" 17.3007 25.2005 13.3496
"390" 17.6308 25.0209 12.083
"391" 17.9131 24.9693 10.7913
"392" 18.2719 25.0483 9.5117
"393" 18.7863 25.3471 8.3446
"394" 19.1938 25.7085 7.1566
"395" 19.4706 25.7705 5.9225
"396" 19.7756 25.047 4.8984
"397" 20.3247261047363 23.9067611694336 4.57809257507324
"398" 16.4550647735596 25.4994201660156 14.2951107025147
"399" 28.9361667633057 18.8452529907227 21.329252243042
"400" 29.2374744415283 19.1850471496582 21.5970478057861
"401" 29.1047382354736 18.6174201965332 21.2399997711182
"402" 28.4135150909424 18.3335151672363 22.2650909423828
"403" 29.5254650115967 19.145227432251 21.7758560180664
"404" 29.6523361206055 19.4283390045166 22.2262096405029
"405" 29.4108486175537 18.3879680633545 21.3120002746582
"406" 29.6380443572998 18.6421928405762 21.537088394165
"407" 29.7498435974121 18.9550132751465 21.812858581543
"408" 29.8317413330078 19.1513195037842 22.1034126281738
"409" 29.9477405548096 19.3939666748047 22.5241546630859
"410" 28.9783554077148 17.7463550567627 22.2840003967285
"411" 29.8929843902588 18.4539470672607 21.7560844421387
"412" 30.0381603240967 18.7458553314209 21.9430618286133
"413" 30.1583156585693 19.0262260437012 22.3271713256836
"414" 29.7647399902344 17.8344306945801 21.5279998779297
"415" 29.9945278167725 18.0576057434082 21.6785278320312
"416" 30.1505184173584 18.292573928833 21.9439697265625
"417" 30.4559288024902 18.6646251678467 22.3560619354248
"418" 29.9010906219482 17.7315940856934 21.7094974517822
"419" 30.176342010498 17.9737129211426 21.9259471893311
"420" 30.5723533630371 18.3054981231689 22.1399993896484
"421" 29.8337268829346 17.4698219299316 21.7793426513672
"422" 30.1461391448975 17.8174304962158 22.010139465332
"423" 30.3932838439941 17.9386520385742 22.2493667602539
"424" 30.1271324157715 17.3869018554688 21.7846622467041
"425" 30.3506908416748 17.6061229705811 22.034122467041
"426" 30.5362606048584 17.7772235870361 22.2076435089111
"427" 30.2867641448975 17.1322765350342 21.6682758331299
"428" 30.5031700134277 17.3901615142822 21.8181610107422
"429" 30.7263984680176 17.5763263702393 22.061653137207
"430" 30.8764629364014 17.82080078125 22.4130783081055
"431" 30.6492595672607 17.1666812896729 21.5814228057861
"432" 30.899076461792 17.4917964935303 21.6570701599121
"433" 31.0401954650879 17.637186050415 21.9954166412354
"434" 31.1481246948242 17.6399993896484 22.3172969818115
"435" 31.0655460357666 17.2270698547363 21.5256366729736
"436" 31.1399993896484 17.496000289917 21.8880004882812
"437" 31.2119998931885 17.3159999847412 21.6720008850098
"438" 16.1848201751709 29.7688407897949 22.3572273254395
"439" 16.4664134979248 30.0143775939941 22.5262680053711
"440" 16.6429557800293 30.0949382781982 22.9309368133545
"441" 16.0094242095947 29.9288349151611 22.513370513916
"442" 16.2509441375732 30.1319999694824 22.742223739624
"443" 16.5158195495605 30.2467384338379 23.0385589599609
"444" 16.7587394714355 30.506441116333 23.1406078338623
"445" 15.7276411056519 29.9465503692627 22.4945507049561
"446" 15.9899873733521 30.2476215362549 22.808687210083
"447" 16.218433380127 30.406795501709 23.0625820159912
"448" 16.4038639068604 30.4955043792725 23.2803382873535
"449" 16.5271396636963 30.4922695159912 23.6514987945557
"450" 15.5339908599854 30.5281257629395 22.5181179046631
"451" 15.8149290084839 30.4560317993164 23.054084777832
"452" 16.0334014892578 30.6562843322754 23.3107414245605
"453" 16.216480255127 30.6836853027344 23.6636848449707
"454" 15.1258153915405 30.7228317260742 22.578311920166
"455" 15.4849624633789 30.3942890167236 23.1212692260742
"456" 15.5650634765625 30.5571384429932 23.3338718414307
"457" 15.8286142349243 30.6467952728271 23.6675720214844
"458" 14.9914617538452 30.1335105895996 23.0055103302002
"459" 15.1490793228149 30.3674087524414 23.2034091949463
"460" 15.3214521408081 30.5808334350586 23.4683322906494
"461" 15.5617561340332 30.7041816711426 23.7848224639893
"462" 14.7967433929443 30.2793350219727 23.0859909057617
"463" 15.0177478790283 30.4958839416504 23.3497638702393
"464" 15.2935771942139 30.9744319915771 23.4504337310791
"465" 15.4012975692749 30.6033401489258 24.0261707305908
"466" 14.8290252685547 30.445348739624 23.2049884796143
"467" 14.8970832824707 30.5248165130615 23.2819004058838
"468" 15.0834798812866 30.7030601501465 23.5723457336426
"469" 15.2410898208618 30.8997192382812 23.7959995269775
"470" 14.6078100204468 30.5194988250732 23.1480007171631
"471" 14.8361959457397 30.6975765228271 23.3990497589111
"472" 15.0952863693237 30.9520454406738 23.7880458831787
"473" 14.3413486480713 30.8467998504639 23.0173492431641
"474" 14.6534662246704 30.9573001861572 23.3267650604248
"475" 14.9040002822876 31.1321773529053 23.7347145080566
"476" 14.3610181808472 31.2577819824219 22.968620300293
"477" 15.0839996337891 31.3920001983643 23.3640003204346
"478" 14.8315334320068 31.3126945495605 23.9752998352051
"479" 14.3640003204346 31.3560009002686 22.6439990997314
"480" 14.6034002304077 31.5044002532959 23.2907009124756
"481" 14.6582012176514 31.5297985076904 24.0149612426758
"482" 14.1334924697876 31.7160701751709 23.5190582275391
"483" 14.4226732254028 31.7403202056885 23.8346385955811
"484" 27.7199993133545 17.92799949646 12.5279998779297
"485" 27.2880001068115 17.9640007019043 12.0240001678467
"486" 26.9640007019043 18.07200050354 11.6999998092651
"487" 23.7968997955322 18.6558990478516 13.0572996139526
"488" 23.7959995269775 18.7560005187988 13.0679998397827
"489" 23.6520004272461 19.1848659515381 14.108118057251
"490" 27.3047733306885 18.3767738342285 11.8439998626709
"491" 26.6760005950928 18.2880001068115 11.3760004043579
"492" 26.2800006866455 18.1439990997314 11.1960000991821
"493" 24.5520000457764 19.1879997253418 11.9160003662109
"494" 23.6520004272461 19.2240009307861 13.6800003051758
"495" 23.4360008239746 20.0520000457764 13.7159996032715
"496" 27.2411842346191 18.5346012115479 11.6585826873779
"497" 26.2800006866455 18.1439990997314 11.1960000991821
"498" 26.3880004882812 18.2880001068115 11.1599998474121
"499" 24.5520000457764 19.1879997253418 11.9160003662109
"500" 24.5520000457764 19.2240009307861 11.9160003662109
"501" 23.1119995117188 20.4479999542236 12.8159999847412
"502" 27.0193901062012 18.9213523864746 11.0486631393433
"503" 24.5879993438721 19.2668724060059 11.6211280822754
"504" 26.3159999847412 18.6119995117188 10.7639999389648
"505" 24.5879993438721 19.4039993286133 11.5920000076294
"506" 24.4080009460449 19.7999992370605 11.5200004577637
"507" 24.0839996337891 19.1159992218018 12.1680002212524
"508" 26.496000289917 19.0921535491943 10.427845954895
"509" 24.5160007476807 19.5464420318604 11.2679996490479
"510" 26.2080001831055 19.1159992218018 10.2239999771118
"511" 24.4799995422363 19.7675819396973 11.2266387939453
"512" 24.2280006408691 20.0160007476807 11.2320003509521
"513" 23.0405006408691 20.5177001953125 12.6022996902466
"514" 26.2254619598389 19.8719997406006 9.91746139526367
"515" 24.4080009460449 19.7999992370605 10.5120000839233
"516" 26.2080001831055 19.8719997406006 9.89999961853027
"517" 24.3659038543701 20.1987152099609 10.6690855026245
"518" 24.0480003356934 20.2679996490479 10.8360004425049
"519" 25.7292232513428 19.8204879760742 9.14872264862061
"520" 25.5240001678467 20.4479999542236 8.85599994659424
"521" 25.5240001678467 20.4479999542236 8.85599994659424
"522" 24.084156036377 20.4751758575439 10.1209497451782
"523" 23.7959995269775 20.7719993591309 10.043999671936
"524" 25.407169342041 20.2499961853027 8.61318683624268
"525" 25.4780006408691 20.4589996337891 8.79496002197266
"526" 25.4780006408691 20.4589996337891 8.79496002197266
"527" 23.8680000305176 20.4869937896729 9.26785850524902
"528" 23.7600002288818 21.0599994659424 9.57600021362305
"529" 24.9362983703613 20.72580909729 7.99200010299683
"530" 24.6067066192627 20.4735221862793 7.81881523132324
"531" 24.9479999542236 20.8545532226562 7.98144912719727
"532" 23.6879997253418 20.9005584716797 8.66505813598633
"533" 23.8680000305176 21.2040004730225 9.35999965667725
"534" 24.6666870117188 21.2211055755615 7.2548942565918
"535" 24.3345031738281 21.0240001678467 7.20498371124268
"536" 24.8522758483887 21.324275970459 7.3439998626709
"537" 23.4403877258301 21.5588092803955 8.21916961669922
"538" 24.3613662719727 21.6024417877197 6.68292331695557
"539" 23.98557472229 21.26686668396 6.75070905685425
"540" 24.7029724121094 21.6789741516113 6.84000015258789
"541" 23.0817089080811 21.9608554840088 7.56214618682861
"542" 24.1532020568848 21.9959983825684 6.15600109100342
"543" 23.7949199676514 21.7779426574707 6.1569881439209
"544" 24.3719997406006 22.1629981994629 6.16900253295898
"545" 23.086067199707 22.2739334106445 6.73007297515869
"546" 23.8753089904785 22.4063625335693 5.57294416427612
"547" 23.5697898864746 22.1637382507324 5.61804533004761
"548" 23.9759998321533 22.7159996032715 5.43599987030029
"549" 23.6080837249756 22.9060211181641 5.02206420898438
"550" 23.2534580230713 22.6642932891846 5.01970624923706
"551" 23.6718444824219 23.1678447723389 4.8600001335144
"552" 23.4763240814209 23.4026165008545 4.53769636154175
"553" 23.093090057373 23.1386699676514 4.58131456375122
"554" 22.6560478210449 23.2440967559814 4.75457811355591
"555" 23.2476367950439 23.8215770721436 4.18642282485962
"556" 22.8224315643311 23.8615684509277 4.48652172088623
"557" 21.5466957092285 23.684886932373 4.11818981170654
"558" 23.0151786804199 24.491605758667 3.59957361221313
"559" 22.5240497589111 24.0958862304688 3.58811402320862
"560" 21.996000289917 23.9400005340576 4.10401010513306
"561" 21.3840007781982 24.8400001525879 4.7519998550415
"562" 22.7274265289307 24.8968105316162 3.19461584091187
"563" 22.2248306274414 24.6567096710205 3.17129039764404
"564" 21.4446449279785 24.5474948883057 3.6765730381012
"565" 20.7360000610352 25.0811061859131 3.7079963684082
"566" 21.5514812469482 26.0514812469482 3.42000007629395
"567" 21.3120002746582 25.7399997711182 3.45600008964539
"568" 14.3280000686646 28.4759998321533 12.5640001296997
"569" 14.286416053772 28.326416015625 12.456000328064
"570" 14.2919998168945 28.3320007324219 12.456000328064
"571" 15.4327964782715 26.2773494720459 12.8880863189697
"572" 15.9119997024536 25.5960006713867 14.076000213623
"573" 14.4143362045288 28.6510753631592 12.5087375640869
"574" 14.2919998168945 28.3320007324219 12.456000328064
"575" 14.2919998168945 28.3320007324219 12.456000328064
"576" 15.4799995422363 26.568000793457 12.456000328064
"577" 15.9479999542236 26.568000793457 12.456000328064
"578" 17.1476001739502 25.3449993133545 13.440899848938
"579" 14.6700344085693 28.4476699829102 11.9056358337402
"580" 15.7320003509521 26.6399993896484 12.2760000228882
"581" 14.6879997253418 27.8640003204346 11.5200004577637
"582" 15.7320003509521 26.6399993896484 12.2760000228882
"583" 16.2622337341309 26.5380897521973 12.0897359848022
"584" 17.2080001831055 25.2719993591309 12.784538269043
"585" 15.0333490371704 28.174783706665 11.233434677124
"586" 16.1280002593994 26.6760005950928 11.6280002593994
"587" 15.1199998855591 28.007999420166 11.0520000457764
"588" 16.011848449707 26.6040000915527 11.4073123931885
"589" 16.6319999694824 26.5332374572754 11.4107608795166
"590" 17.4067993164062 25.2021999359131 11.9976997375488
"591" 15.5520000457764 28.1159992218018 10.4759998321533
"592" 16.294469833374 26.6399993896484 10.9203510284424
"593" 15.6599998474121 27.8999996185303 10.1879997253418
"594" 16.2954444885254 26.6396427154541 10.7073440551758
"595" 16.8120002746582 26.4599990844727 10.8719997406006
"596" 16.992000579834 26.1720008850098 10.5839996337891
"597" 16.3799991607666 28.1159992218018 9.89999961853027
"598" 16.7332916259766 26.5319995880127 10.128945350647
"599" 16.4146995544434 28.1119003295898 9.84000015258789
"600" 16.8683223724365 26.4599990844727 9.9111328125
"601" 17.1632213592529 25.7928714752197 9.96164226531982
"602" 16.3593826293945 27.6583595275879 9.06697463989258
"603" 17.2439994812012 26.4599990844727 9.53999996185303
"604" 16.6319999694824 27.7560005187988 8.78400039672852
"605" 17.2556533813477 26.3519992828369 9.17778205871582
"606" 17.6399993896484 26.2439994812012 9.43200016021729
"607" 16.7832355499268 27.3622703552246 8.27607727050781
"608" 17.506685256958 26.3519992828369 8.90677928924561
"609" 16.992000579834 27.431999206543 8.10000038146973
"610" 17.6848697662354 26.3159999847412 8.56662273406982
"611" 17.9640007019043 26.2080001831055 8.89200019836426
"612" 17.2700481414795 27.1133232116699 7.53396129608154
"613" 17.6596260070801 27.431999206543 7.2523627281189
"614" 17.423999786377 27.3959999084473 7.55999994277954
"615" 18.2880001068115 26.044038772583 7.9311318397522
"616" 17.6841506958008 27.0132694244385 6.88112020492554
"617" 17.6760005950928 26.6468276977539 6.764328956604
"618" 17.92799949646 27.503999710083 6.91200017929077
"619" 18.6332511901855 26.1720008850098 7.11140632629395
"620" 18.0955982208252 27.0397701263428 6.31617212295532
"621" 18.2042350769043 26.7867546081543 6.05976533889771
"622" 18.576000213623 27.3959999084473 5.97599983215332
"623" 18.8246116638184 27.2880001068115 5.65538692474365
"624" 18.7272529602051 26.971019744873 5.50776672363281
"625" 18.8352489471436 26.6476020812988 5.22035217285156
"626" 19.0410900115967 26.3115177154541 5.00690412521362
"627" 19.3034152984619 26.9225082397461 4.81659126281738
"628" 19.322639465332 26.5910720825195 4.71243333816528
"629" 19.511999130249 26.0404148101807 4.43032264709473
"630" 20.8538360595703 25.4618358612061 5.00399732589722
"631" 19.8496322631836 26.7265167236328 4.14088582992554
"632" 19.8868427276611 26.3702335357666 3.85068655014038
"633" 19.8710346221924 25.7665061950684 3.70896625518799
"634" 20.5227909088135 25.069637298584 3.81599998474121
"635" 20.3925971984863 26.841459274292 3.64086627960205
"636" 20.4276752471924 26.2980136871338 3.36831736564636
"637" 21.2759990692139 25.7399997711182 3.45600008964539
"638" 20.8541221618652 25.1639995574951 3.62587738037109
