"V1" "V2" "V3"
"1" 21.1063385009766 18.5793151855469 11.644157409668
"2" 21.2506 18.5977 12.1073
"3" 21.3592 18.5613 12.5784
"4" 21.5001 18.5458 13.0407
"5" 21.5505 18.5548 13.5218
"6" 21.5602 18.6138 14.0027
"7" 21.6236 18.6657 14.481
"8" 21.7618 18.7083 14.9436
"9" 21.9329 18.7092 15.3977
"10" 22.1175 18.723 15.8462
"11" 22.3206 18.7224 16.2868
"12" 22.4427 18.771 16.7523
"13" 22.5245056152344 18.8222141265869 17.2282803853353
"14" 22.449125289917 17.4472885131836 20.9622287750244
"15" 22.5071067810059 17.1251106262207 17.9736099243164
"16" 19.8226985931396 17.5684108734131 13.0983266830444
"17" 22.0133495330811 11.2529735565186 15.5708026885986
"18" 22.2429 11.3611 14.8863
"19" 22.0526 11.2633 14.2027
"20" 21.5974 11.2646 13.6261
"21" 20.9774 11.2291 13.2283
"22" 20.2969 11.2505 12.9565
"23" 19.5704 11.3525 12.9085
"24" 18.8861 11.3772 13.1724
"25" 18.3021 11.3056 13.6031
"26" 17.8763 11.2033 14.1904
"27" 17.7265 11.0935 14.9025
"28" 17.8451 11.037 15.6169
"29" 18.2656 11.0188 16.2184
"30" 18.8181 11.023 16.7055
"31" 19.5124 10.9679 16.9542
"32" 20.2081 11.0236 16.9745
"33" 20.817138671875 11.0734901428223 16.5667705535889
"34" 20.817138671875 11.0734901428223 16.5667705535889
"35" 22.0133495330811 11.2529735565186 15.5708026885986
"36" 18.8075904846191 11.2123908996582 8.3313045501709
"37" 18.3322 11.231 8.4936
"38" 17.9932 11.2717 8.8532
"39" 17.7685 11.2275 9.2942
"40" 17.6594 11.1308 9.771
"41" 17.8951 11.0442 10.1989
"42" 18.1285 10.9367 10.6308
"43" 18.3891 10.8768 11.0597
"44" 18.6713 10.8108 11.4692
"45" 19.0987 10.7544 11.7226
"46" 19.572 10.7126 11.898
"47" 20.0576 10.7326 12.0348
"48" 20.5293 10.7534 12.2167
"49" 20.9954 10.8264 12.399
"50" 21.4337 10.9092 12.6137
"51" 21.8689 10.91 12.87
"52" 22.2647590637207 10.9348831176758 13.1845149993897
"53" 18.2049121856689 18.5153255462646 22.1056785583496
"54" 14.3247671127319 18.3019771575928 1.31717109680176
"55" 14.2143 17.7009 1.4394
"56" 14.3242 17.1122 1.562
"57" 14.535 16.5936 1.8127
"58" 14.9587 16.1577 1.7044
"59" 15.4526 15.894 1.4366
"60" 16.0252 15.7864 1.217
"61" 16.5895 15.8202 0.9698
"62" 17.1307 16.0692 0.7972
"63" 17.5093 16.518 0.6344
"64" 17.5798 17.0933 0.5058
"65" 17.5163459777832 17.6997108459473 0.495942711830139
"66" 21.9974212646484 15.6069831848144 16.2805805206299
"67" 13.3475351333618 15.2348442077637 8.35144996643066
"68" 13.348729133606 15.2498817443848 8.3696174621582
"69" 13.66623878479 15.4845876693726 10.2631187438965
"70" 17.8521251678467 20.2064456939697 22.8121566772461
"71" 17.8524 19.6723 22.529
"72" 17.9471 19.1344 22.2749
"73" 18.181 18.6223 22.0729
"74" 18.5132 18.2041 21.7963
"75" 18.8955 17.9259 21.4278
"76" 19.4668 17.8637 21.2689
"77" 20.0578 17.8813 21.1764
"78" 20.6312 18.0508 21.1889
"79" 21.0192 18.5103 21.17
"80" 21.3725 18.9976 21.2106
"81" 21.7081985473633 19.4867763519287 21.1115169525146
"82" 16.9876728057861 11.0853805541992 12.0886354446411
"83" 18.8075904846191 11.2123908996582 8.3313045501709
"84" 19.3225 11.1257 7.8458
"85" 19.6826 11.2275 7.233
"86" 19.9368 11.5096 6.62
"87" 20.1551 11.7825 5.9946
"88" 20.324 12.1262 5.383
"89" 20.4211 12.4947 4.7715
"90" 20.4674 12.9316 4.1987
"91" 20.4768 13.4213 3.6685
"92" 20.4406 13.9216 3.1492
"93" 20.2901 14.4638 2.7012
"94" 20.1339 15.042 2.2973
"95" 19.9047 15.6058 1.9092
"96" 19.7407 16.1543 1.4819
"97" 19.7591 16.7425 1.0749
"98" 19.7128410339356 17.4300727844238 0.881112337112427
"99" 22.8891983032227 13.4076356887817 12.9065017700195
"100" 22.792 12.9223 13.0677
"101" 22.8376 12.4384 13.3019
"102" 22.7315 11.9282 13.1408
"103" 22.7025 11.4001 13.1086
"104" 22.7356 10.9974 13.3609
"105" 23.1127 10.9513 13.7525
"106" 23.5422 11.089 13.9926
"107" 23.6833 11.5639 13.8038
"108" 23.6093 12.0997 13.7825
"109" 23.6726 12.5971 13.8847
"110" 23.8207 13.0786 13.8689
"111" 23.6776 13.4766 13.5656
"112" 23.324 13.5781 13.1921
"113" 18.8075904846191 11.2123908996582 8.3313045501709
"114" 14.2453231811523 15.121488571167 4.43061876296997
"115" 17.3909015655518 11.8527145385742 7.3739128112793
"116" 19.4404335021973 15.3419389724731 6.11988067626953
"117" 19.2595176696777 14.5223522186279 21.6285247802734
"118" 13.9143619537353 15.1889324188232 4.71938180923462
"119" 13.5739 15.1113 5.4104
"120" 13.3716 15.0267 6.1712
"121" 13.3002 14.8466 6.9379
"122" 13.3503 14.564 7.6757
"123" 13.5384 14.0486 8.2441
"124" 13.856 13.5161 8.7323
"125" 14.3614 13.0541 9.1113
"126" 14.9946 12.6237 9.2699
"127" 15.6608 12.2598 9.0499
"128" 16.2312 11.9289 8.6198
"129" 16.8105 11.7728 8.1017
"130" 17.318 11.7901 7.5186
"131" 17.6694 11.9685 6.8306
"132" 17.9016 12.2381 6.1239
"133" 17.9978 12.5808 5.4193
"134" 17.9303 13.0189 4.7668
"135" 17.6486 13.4821 4.2003
"136" 17.1723 13.9507 3.7794
"137" 16.5536 14.3402 3.4784
"138" 15.8288 14.6413 3.4919
"139" 15.1135 14.8512 3.7467
"140" 14.4889 15.0362 4.1941
"141" 14.6573038101196 19.938512802124 19.7206249237061
"142" 17.0367488861084 16.4067897796631 17.5213184356689
"143" 18.1873302459717 17.0754108428955 6.06339311599732
"144" 19.8589477539062 17.4198913574219 8.48716640472412
"145" 19.4591274261475 17.1703147888184 9.61230659484863
"146" 13.458348274231 14.3711452484131 7.95900774002075
"147" 16.5289001464844 11.8805141448975 8.36675071716309
"148" 18.0893459320068 13.9570379257202 14.1420164108276
"149" 17.6362247467041 15.0609560012817 18.2240314483643
"150" 17.5641 14.7971 17.7836
"151" 17.5164 14.5315 17.3399
"152" 17.4533 14.297 16.8821
"153" 17.3364 14.2726 16.3794
"154" 17.3083 14.2216 15.904
"155" 17.3519 14.0182 15.4324
"156" 17.4862 13.9304 14.9403
"157" 17.7045 13.9062 14.4691
"158" 18.0893459320068 13.9570379257202 14.1420164108276
"159" 22.2647590637207 10.9348831176758 13.1845149993897
"160" 17.6362247467041 15.0609560012817 18.2240314483643
"161" 16.8357067108154 11.2815685272217 14.4772329330444
"162" 18.091926574707 17.6312808990479 20.8296527862549
"163" 17.4493325551351 16.0958360036214 18.0469487508138
"164" 19.2366771697998 14.4923305511475 21.636999130249
"165" 14.6573038101196 19.938512802124 19.7206249237061
"166" 14.4804 19.9448 18.7728
"167" 14.203 19.8211 17.8609
"168" 14.0015 19.5484 16.9532
"169" 13.9209 19.2165 16.0454
"170" 13.8063 18.7869 15.1824
"171" 13.6633 18.3702 14.319
"172" 13.543 17.736 13.6039
"173" 13.5861 16.9679 13.0145
"174" 13.6956 16.1844 12.4536
"175" 13.8849 15.313 12.0854
"176" 14.0603 14.4045 11.8005
"177" 14.3272 13.4909 11.6724
"178" 14.829 12.6944 11.848
"179" 15.4702 12.0571 12.1931
"180" 16.0761 11.5626 12.7544
"181" 16.4698 11.2923 13.5865
"182" 16.8357067108154 11.2815685272217 14.4772329330444
"183" 19.013053894043 13.4224348068237 8.56320571899414
"184" 19.4843 13.8255 7.9592
"185" 19.5755 14.2482 7.2014
"186" 19.502 14.7084 6.4639
"187" 19.5235 15.1288 5.6947
"188" 19.5595 15.6466 4.9943
"189" 19.4586 16.0579 4.2243
"190" 19.2622 16.5186 3.5039
"191" 18.9989 17.1502 2.9585
"192" 18.6576671600342 17.8814582824707 2.64400696754456
"193" 19.013053894043 13.4224348068237 8.56320571899414
"194" 14.3247671127319 18.3019771575928 1.31717109680176
"195" 18.6576671600342 17.8814582824707 2.64400696754456
"196" 22.5245056152344 18.8222141265869 17.2282803853353
"197" 20.1981315612793 18.4899997711182 11.147518157959
"198" 21.1063385009766 18.5793151855469 11.644157409668
"199" 19.8226985931396 17.5684108734131 13.0983266830444
"200" 20.1289 17.8863 13.6031
"201" 20.3143 18.3446 14.0653
"202" 20.5135 18.9164 14.3369
"203" 20.5225 19.5249 14.0678
"204" 20.4391 19.8551 13.4965
"205" 20.2449417114258 20.0343837738037 12.9365530014038
"206" 17.8521251678467 20.2064456939697 22.8121566772461
"207" 13.3529176712036 18.927059173584 6.61008405685425
"208" 14.3247671127319 18.3019771575928 1.31717109680176
"209" 13.8449 18.4784 2.1975
"210" 13.6712 18.577 3.2173
"211" 13.5388 18.626 4.2479
"212" 13.4103 18.7608 5.2703
"213" 13.3386 18.8226 6.2915
"214" 13.2343 18.9514 7.3181
"215" 13.1595 19.0011 8.352
"216" 13.1804 19.0916 9.3833
"217" 13.326 19.2248 10.4043
"218" 13.3937 19.3869 11.4252
"219" 13.4002 19.4968 12.4573
"220" 13.5495 19.5729 13.4817
"221" 13.7471 19.6874 14.4957
"222" 13.9149 19.782 15.5167
"223" 14.0457 19.8535 16.5456
"224" 14.2382 19.9864 17.5585
"225" 14.4733 20.0678 18.5682
"226" 14.6534280776978 20.0881595611572 19.5894374847412
"227" 22.9325942993164 19.3794689178467 21.5184879302979
"228" 13.2681884765625 19.1430511474609 9.812424659729
"229" 14.6534280776978 20.0881595611572 19.5894374847412
"230" 17.5163459777832 17.6997108459473 0.495942711830139
"231" 19.7128410339356 17.4300727844238 0.881112337112427
"232" 17.4315204620361 20.4470119476318 25.1164035797119
"233" 21.7081985473633 19.4867763519287 21.1115169525146
"234" 23.095588684082 21.0647449493408 20.5305042266846
"235" 23.023889541626 20.8823184967041 17.6872177124023
"236" 20.2449417114258 20.0343837738037 12.9365530014038
"237" 23.7894020080566 26.072660446167 13.7299404144287
"238" 23.9157 25.7692 13.0281
"239" 23.5394 25.7136 12.3152
"240" 22.9661 25.8078 11.7525
"241" 22.2155 25.9431 11.4536
"242" 21.4099 26.0338 11.3785
"243" 20.6234 26.1939 11.5333
"244" 20.0005 26.4503 11.9723
"245" 19.6295 26.7964 12.6096
"246" 19.5282 27.0315 13.3792
"247" 19.8127 27.2175 14.1066
"248" 20.3424 27.3039 14.7278
"249" 21.0413 27.2068 15.0978
"250" 21.8242 27.0309 15.1382
"251" 22.5146560668945 26.8046016693115 14.7957248687744
"252" 22.5146560668945 26.8046016693115 14.7957248687744
"253" 23.7894020080566 26.072660446167 13.7299404144287
"254" 20.4055976867676 25.1845378875732 6.83887672424316
"255" 19.4438 25.3693 7.432
"256" 19.5354 25.8457 8.486
"257" 20.1514 26.2158 9.4313
"258" 21.0234 26.3155 10.1906
"259" 22.1488 26.105 10.5293
"260" 23.1786 25.803 11.0389
"261" 24.1707496643066 25.6098556518555 11.6538438796997
"262" 18.5479545593262 21.4568977355957 21.9320659637451
"263" 14.3247671127319 18.3019771575928 1.31717109680176
"264" 14.3428 18.925 1.3606
"265" 14.6351 19.4604 1.4087
"266" 15.0208 19.9372 1.5345
"267" 15.4631 20.1979 1.3511
"268" 16.0116 20.256 1.064
"269" 16.5636 20.1252 0.7974
"270" 17.0458 19.8344 0.5289
"271" 17.5131 19.4342 0.4318
"272" 17.7965 18.8911 0.4738
"273" 17.7172 18.2805 0.4394
"274" 17.5163459777832 17.6997108459473 0.495942711830139
"275" 22.7586803436279 22.1262760162354 15.788140296936
"276" 14.2306308746338 22.7653427124023 7.43423223495483
"277" 14.2421646118164 22.7915458679199 7.41988706588745
"278" 14.6604080200195 22.8997611999512 9.24933910369873
"279" 17.8521251678467 20.2064456939697 22.8121566772461
"280" 18.0099 20.6532 22.464
"281" 18.2827 21.1293 22.2099
"282" 18.6285 21.4787 21.8721
"283" 18.9521 21.6554 21.3943
"284" 19.3722 21.802 21.0095
"285" 19.9341 21.668 20.8405
"286" 20.5127 21.4942 20.8446
"287" 20.9486 21.0887 20.893
"288" 21.2338 20.5862 21.0631
"289" 21.4759 20.0441 21.1375
"290" 21.7081985473633 19.4867763519287 21.1115169525146
"291" 18.6874256134033 26.5520343780518 10.6581439971924
"292" 20.4055976867676 25.1845378875732 6.83887672424316
"293" 20.9857 25.0191 6.2759
"294" 21.2657 24.5954 5.6251
"295" 21.4542 24.0727 4.9989
"296" 21.5305 23.5169 4.3802
"297" 21.5609 22.9302 3.7846
"298" 21.5126 22.3242 3.2098
"299" 21.3645 21.663 2.7195
"300" 21.1539 20.9881 2.2701
"301" 20.8535 20.3056 1.8945
"302" 20.4577 19.6241 1.6122
"303" 20.0929 18.9396 1.3067
"304" 19.9555 18.2217 0.9113
"305" 19.7128410339356 17.4300727844238 0.881112337112427
"306" 23.9953708648682 23.1912708282471 11.8623647689819
"307" 23.9834 23.7284 11.8721
"308" 24.1685 24.2267 11.9754
"309" 24.1786 24.7269 11.6995
"310" 24.3077 25.2619 11.6398
"311" 24.5931 25.6335 11.8814
"312" 25.0267 25.6472 12.2538
"313" 25.2946 25.221 12.3415
"314" 25.1481 24.6808 12.3415
"315" 24.9592 24.2065 12.5672
"316" 25.0049 23.664 12.7313
"317" 24.8228 23.1981 12.5687
"318" 24.4122 23.0581 12.2344
"319" 20.4055976867676 25.1845378875732 6.83887672424316
"320" 15.0567874908447 21.7797260284424 3.48708724975586
"321" 18.9773025512695 24.3979759216309 5.72852563858032
"322" 19.999641418457 20.7156200408936 5.58827447891235
"323" 20.7008666992188 24.8853893280029 20.4988975524902
"324" 14.870228767395 21.8293418884277 3.83164262771606
"325" 14.484 21.8506 4.5649
"326" 14.2888 21.8684 5.3745
"327" 14.2706 22.1938 6.1352
"328" 14.2987 22.6786 6.8143
"329" 14.5359 23.2986 7.2618
"330" 14.9058 24.0114 7.4486
"331" 15.4626 24.4856 7.8389
"332" 16.1948 24.8327 7.9658
"333" 16.9829 25.0039 7.7647
"334" 17.6565 25.07 7.2798
"335" 18.2865 24.9811 6.7341
"336" 18.8037 24.6981 6.1543
"337" 19.0592 24.2911 5.4665
"338" 19.2092 23.8014 4.8048
"339" 19.2396 23.2976 4.144
"340" 18.9853 22.7477 3.566
"341" 18.5288 22.2455 3.0893
"342" 17.8453 21.8635 2.8175
"343" 17.0235 21.7154 2.7765
"344" 16.2199 21.6592 2.9761
"345" 15.427 21.7074 3.2158
"346" 14.6686153411865 20.3770484924316 19.4922370910644
"347" 17.8374748229981 22.7737865447998 16.92018699646
"348" 18.3679656982422 19.1590709686279 5.76356172561646
"349" 19.9824066162109 19.1290016174316 8.22220039367676
"350" 19.6593170166016 19.5454769134521 9.48052978515625
"351" 14.5190505981445 23.1498908996582 7.24011993408203
"352" 17.9041004180908 25.0351428985596 7.09069967269897
"353" 19.3706245422363 24.1584510803223 13.1605930328369
"354" 18.7281074523926 24.0894584655762 17.3333606719971
"355" 18.6849 24.2577 16.8583
"356" 18.6575 24.3058 16.3498
"357" 18.6756 24.5132 15.8726
"358" 18.6573 24.6224 15.3639
"359" 18.5618 24.4664 14.8802
"360" 18.5106 24.3221 14.3888
"361" 18.6898 24.3123 13.9013
"362" 18.9739 24.275 13.4694
"363" 19.3706245422363 24.1584510803223 13.1605930328369
"364" 24.1707496643066 25.6098556518555 11.6538438796997
"365" 18.7281074523926 24.0894584655762 17.3333606719971
"366" 18.4679164886475 26.9704055786133 12.902907371521
"367" 18.5236129760742 22.0010070800781 20.221658706665
"368" 18.2753772735596 23.0200309753418 17.326426188151
"369" 20.6948356628418 24.878812789917 20.5028629302979
"370" 14.6686153411865 20.3770484924316 19.4922370910644
"371" 14.4411 20.1974 18.593
"372" 14.1779 20.312 17.6966
"373" 14.0417 20.4262 16.7629
"374" 14.0484 20.5436 15.8195
"375" 13.9919 20.7507 14.8972
"376" 13.973 21.0781 14.0045
"377" 13.9869 21.5286 13.1691
"378" 14.2079 22.0914 12.4356
"379" 14.4577 22.7144 11.7614
"380" 14.8059 23.3612 11.1609
"381" 15.2071 24.1022 10.7232
"382" 15.7271 24.8394 10.4459
"383" 16.4028 25.5004 10.5082
"384" 17.1729 26.0315 10.6728
"385" 17.8354 26.4309 11.2247
"386" 18.2127 26.7864 12.0074
"387" 18.4679164886475 26.9704055786133 12.902907371521
"388" 20.1376037597656 23.0607795715332 7.50689792633057
"389" 20.4507 22.5204 6.938
"390" 20.4421 21.9465 6.3154
"391" 20.25 21.3248 5.7646
"392" 20.1438 20.7512 5.1516
"393" 20.0681 20.131 4.5643
"394" 19.8461 19.5885 3.9371
"395" 19.5701 19.0782 3.3087
"396" 19.0895 18.594 2.8113
"397" 18.6576671600342 17.8814582824707 2.64400696754456
"398" 20.1376037597656 23.0607795715332 7.50689792633057
"399" 23.0459003448486 13.4826002120972 12.9469995498657
"400" 23.3929996490479 13.5609998703003 13.2138004302979
"401" 22.9253997802734 13.3438997268677 12.8955001831055
"402" 23.2522239685059 13.1896944046021 13.2655324935913
"403" 23.6320343017578 13.4811391830444 13.4398002624512
"404" 23.7439002990723 13.4041996002197 13.5670003890991
"405" 22.8498992919922 12.9338998794556 13.0309000015259
"406" 23.1159210205078 12.9706258773804 13.2296571731567
"407" 23.3530387878418 13.0390195846558 13.420618057251
"408" 23.4863529205322 13.1151113510132 13.5149612426758
"409" 23.8283996582031 13.2123003005981 13.7581996917725
"410" 23.0236339569092 12.7640056610107 13.259877204895
"411" 23.1435489654541 12.7930212020874 13.3358106613159
"412" 23.3603992462158 12.8937997817993 13.4819002151489
"413" 23.5088005065918 12.777099609375 13.686900138855
"414" 22.9596347808838 12.5639209747314 13.2828311920166
"415" 22.9270648956299 12.1646394729614 13.2199840545654
"416" 23.0977420806885 12.1296224594116 13.4031600952148
"417" 23.5882034301758 12.0213785171509 13.7237272262573
"418" 23.0257301330566 12.3685922622681 13.3757152557373
"419" 23.0933799743652 12.1253356933594 13.3976469039917
"420" 23.592601776123 11.9991798400879 13.7195920944214
"421" 22.9676513671875 12.187427520752 13.2927780151367
"422" 23.2014636993408 12.1510801315308 13.511251449585
"423" 23.5944004058838 11.9900999069214 13.7179002761841
"424" 23.0199737548828 11.9410820007324 13.2974138259888
"425" 23.0903968811035 11.9687623977661 13.3568954467773
"426" 23.4377994537354 12.0717000961304 13.6607999801636
"427" 22.8885192871094 11.739330291748 13.1726112365723
"428" 22.997709274292 11.7964639663696 13.2485179901123
"429" 23.3524131774902 11.6086702346802 13.5273094177246
"430" 23.6794776916504 11.6231985092163 13.7494058609009
"431" 22.9570465087891 11.622278213501 13.2122287750244
"432" 23.1031761169434 11.4049701690674 13.3637065887451
"433" 23.3271007537842 11.3734998703003 13.5513000488281
"434" 23.4419898986816 11.3065586090088 13.6758890151978
"435" 22.9218597412109 11.2535533905029 13.3068437576294
"436" 23.1894721984863 11.1812171936035 13.5566282272339
"437" 23.0337142944336 11.1693048477173 13.4466218948364
"438" 24.1128005981445 23.1634998321533 11.9054002761841
"439" 24.2987003326416 23.0459003448486 12.072699546814
"440" 24.6438007354736 23.0851001739502 12.3938999176025
"441" 24.2300071716309 23.5619258880615 12.0201930999756
"442" 24.3739376068115 23.3835678100586 12.1589508056641
"443" 24.6990528106689 23.1243000030518 12.4468040466309
"444" 24.8719997406006 23.2404003143311 12.5785999298096
"445" 24.0648994445801 23.790599822998 11.8957996368408
"446" 24.3451995849609 23.6828002929688 12.1070003509521
"447" 24.5429039001465 23.5561351776123 12.3004531860352
"448" 24.7311992645264 23.4769992828369 12.4849004745483
"449" 25.0097007751465 23.4682006835938 12.694899559021
"450" 24.2643795013428 24.5103969573975 11.8139553070068
"451" 24.3850002288818 23.7513999938965 12.1423997879028
"452" 24.6060009002686 23.7122001647949 12.3545999526978
"453" 25.0097007751465 23.4682006835938 12.694899559021
"454" 24.263843536377 24.5425338745117 11.7893676757812
"455" 24.425666809082 24.5954341888428 11.8800745010376
"456" 24.4996852874756 24.4699172973633 12.0483140945435
"457" 25.0308437347412 24.4839534759521 12.385274887085
"458" 24.2907962799072 24.255298614502 12.0202236175537
"459" 24.4372730255127 24.61252784729 11.875958442688
"460" 24.5818958282471 24.6060180664062 12.0321683883667
"461" 25.0438003540039 24.4955005645752 12.3840999603271
"462" 24.3353366851807 24.4084987640381 11.9568214416504
"463" 24.4615001678467 24.6464996337891 11.8706998825073
"464" 24.5720996856689 24.5380992889404 12.0740003585815
"465" 25.0438003540039 24.4955005645752 12.3840999603271
"466" 24.3797569274902 24.6017227172852 11.8454036712646
"467" 24.5113410949707 24.5308208465576 12.0231704711914
"468" 24.5500011444092 24.5958862304688 12.0065107345581
"469" 25.1030540466309 24.6076965332031 12.3470420837402
"470" 24.4509258270264 24.7030467987061 11.8279638290405
"471" 24.632116317749 24.7050361633301 12.0104293823242
"472" 25.1324577331543 24.6957588195801 12.3053188323975
"473" 24.4486961364746 24.9440383911133 11.7196216583252
"474" 24.5618572235107 24.9599494934082 11.7964658737183
"475" 24.911771774292 24.9497852325439 12.0808935165405
"476" 24.5417137145996 25.1380939483643 11.7457780838013
"477" 24.6999549865723 25.1325283050537 11.8511123657227
"478" 25.2787990570068 25.1602993011475 12.2700996398926
"479" 24.6623859405518 25.3277835845947 11.8219518661499
"480" 24.829195022583 25.2594738006592 11.9387826919556
"481" 25.2756423950195 25.2094535827637 12.2718000411987
"482" 24.7960910797119 25.500825881958 11.980694770813
"483" 25.0231990814209 25.3521995544434 12.1059999465942
"484" 18.6679801940918 11.5112199783325 8.27172470092773
"485" 18.4864959716797 11.7372255325317 8.22864246368408
"486" 18.3456058502197 12.1523866653442 8.20089244842529
"487" 18.7966499328613 11.5322065353394 8.2155590057373
"488" 18.7916221618652 11.5702352523804 8.19160747528076
"489" 18.7669315338135 13.2305850982666 8.708664894104
"490" 18.9826679229736 11.6201162338257 7.81766176223755
"491" 18.7639503479004 12.0265331268311 7.83793497085571
"492" 18.7468585968018 12.1591291427612 7.80968761444092
"493" 18.7266330718994 12.583553314209 7.92282009124756
"494" 18.7156715393066 12.5849142074585 7.96987628936768
"495" 19.2192001342773 13.4434003829956 8.11310005187988
"496" 19.2378978729248 11.6458129882812 7.36594581604004
"497" 18.9291610717773 12.0710248947144 7.46117544174194
"498" 18.8533172607422 12.2306222915649 7.48246622085571
"499" 18.796443939209 12.5747203826904 7.46434450149536
"500" 19.0807991027832 11.8461999893188 7.38866996765137
"501" 19.4380893707275 13.7062883377075 7.60828351974487
"502" 19.4972305297852 11.7790822982788 6.82462358474731
"503" 19.1156673431396 12.2447834014893 6.88385343551636
"504" 19.0163192749023 12.3562679290771 6.94481182098389
"505" 19.5034999847412 11.8365001678467 6.74132013320923
"506" 19.2170562744141 13.3187608718872 6.87828636169434
"507" 19.49049949646 13.7974662780762 7.46400880813599
"508" 19.6856517791748 12.0384950637817 6.24815034866333
"509" 19.2500457763672 12.4515409469604 6.44951343536377
"510" 19.1424331665039 12.5452632904053 6.48703193664551
"511" 19.5713500976562 12.2915954589844 6.10423994064331
"512" 19.3809051513672 13.7086296081543 6.7988748550415
"513" 19.4224872589111 13.8723115921021 6.79590845108032
"514" 19.8223114013672 12.2904615402222 5.73379707336426
"515" 19.4484443664551 12.6121921539307 5.89988136291504
"516" 19.2253303527832 12.8661518096924 5.96421194076538
"517" 19.3451995849609 13.6008996963501 6.08831977844238
"518" 19.420711517334 13.985053062439 6.31220865249634
"519" 19.962007522583 12.5931224822998 5.19788026809692
"520" 19.5280590057373 12.893196105957 5.4074068069458
"521" 19.9011383056641 12.6431684494019 5.20816659927368
"522" 19.3714008331299 13.8353996276855 5.72228002548218
"523" 19.3724021911621 14.1371126174927 5.93174600601196
"524" 19.9800777435303 12.8976669311523 4.80071544647217
"525" 19.5909023284912 13.1464967727661 4.99257755279541
"526" 19.3916339874268 13.3412494659424 5.05679130554199
"527" 19.3593902587891 13.8520202636719 5.36564970016479
"528" 19.3429756164551 14.4795818328857 5.48990297317505
"529" 19.9134712219238 13.3042240142822 4.34028244018555
"530" 19.5715389251709 13.5894241333008 4.48884391784668
"531" 19.324068069458 13.7939157485962 4.62789583206177
"532" 19.6235008239746 13.5253000259399 4.53826999664307
"533" 19.4528007507324 15.0111999511719 5.40873003005981
"534" 19.9918880462646 13.6690845489502 3.8255181312561
"535" 19.5857791900635 13.9090251922607 4.01682996749878
"536" 19.8806495666504 13.7911224365234 3.80422973632812
"537" 19.3092994689941 14.6159000396729 4.61901998519897
"538" 19.9279193878174 14.0206203460693 3.48074293136597
"539" 19.3902549743652 14.2766103744507 3.79270315170288
"540" 19.8803634643555 14.1001310348511 3.44535183906555
"541" 19.3850994110107 15.5918998718262 4.33545017242432
"542" 19.7512741088867 14.3924551010132 3.27831172943115
"543" 19.3838043212891 14.6078519821167 3.407794713974
"544" 19.8366069793701 14.5440397262573 2.99942493438721
"545" 19.2912788391113 15.5973682403564 3.9033362865448
"546" 19.6843700408936 14.8484106063843 2.82367181777954
"547" 19.6769008636475 14.855899810791 2.8237099647522
"548" 19.7039279937744 15.0498113632202 2.57516431808472
"549" 19.5676002502441 15.1678066253662 2.5701150894165
"550" 19.2005424499512 16.1381340026855 3.44393086433411
"551" 19.7614936828613 15.4012079238892 2.21086525917053
"552" 19.5599384307861 15.4787321090698 2.27071046829224
"553" 19.0978889465332 15.6944093704224 2.43418502807617
"554" 19.6256141662598 15.772741317749 1.97706699371338
"555" 19.4677848815918 15.7915802001953 2.05325078964233
"556" 19.0463581085205 16.0392055511475 2.14539766311646
"557" 18.4390296936035 17.5086612701416 2.33145356178284
"558" 19.8271007537842 17.323600769043 2.2009699344635
"559" 19.06174659729 16.4586963653564 1.80800724029541
"560" 19.8306007385254 17.3208999633789 2.15437006950378
"561" 19.8358001708984 17.676399230957 2.08255004882812
"562" 19.8306007385254 17.3208999633789 2.15437006950378
"563" 19.0343208312988 16.86989402771 1.52814435958862
"564" 18.7765502929688 17.1939296722412 1.59599041938782
"565" 18.5136451721191 17.6387386322021 1.74011671543121
"566" 19.182825088501 17.1112689971924 1.30176615715027
"567" 18.8230972290039 17.6272716522217 1.50113487243652
"568" 20.1868953704834 24.5678386688232 6.72717571258545
"569" 20.0596714019775 24.3333015441895 6.70636701583862
"570" 19.9765110015869 24.1513576507568 6.7717080116272
"571" 19.9294948577881 23.7357921600342 6.95980072021484
"572" 19.990629196167 23.6390247344971 6.91790103912354
"573" 20.5386772155762 24.5996875762939 6.32903909683228
"574" 20.2842426300049 24.2573318481445 6.31808471679688
"575" 20.2091026306152 24.1679840087891 6.3351993560791
"576" 20.1265296936035 24.0133628845215 6.36589002609253
"577" 20.4815788269043 24.2645874023438 6.04329252243042
"578" 20.3960933685303 22.732458114624 6.81906509399414
"579" 20.7864437103271 24.3340034484863 5.79753971099854
"580" 20.4515552520752 24.0063457489014 5.82293653488159
"581" 20.3250904083252 23.8455352783203 5.83694171905518
"582" 20.8665084838867 24.300422668457 5.69046783447266
"583" 20.6171798706055 23.8165626525879 5.47624015808105
"584" 20.5048007965088 22.2646007537842 6.49619007110596
"585" 20.9598178863525 23.9486675262451 5.28956365585327
"586" 20.6280937194824 23.6922206878662 5.34272384643555
"587" 20.4735546112061 23.4949836730957 5.33227300643921
"588" 21.0424270629883 23.7926807403564 5.05536794662476
"589" 20.3610095977783 22.3264980316162 5.84791135787964
"590" 20.3650894165039 22.2362270355225 5.84610891342163
"591" 21.0352344512939 23.4718856811523 4.7352933883667
"592" 20.6530132293701 23.250955581665 4.88827896118164
"593" 20.3674850463867 22.9843616485596 4.92498588562012
"594" 21.0189838409424 23.3713893890381 4.64918756484985
"595" 20.3546352386475 22.1086387634277 5.66350126266479
"596" 20.2973365783691 21.9072914123535 5.42404508590698
"597" 21.0920391082764 23.1054401397705 4.30800819396973
"598" 20.6997261047363 22.8524742126465 4.41229486465454
"599" 21.1867733001709 22.8212718963623 3.96444439888
"600" 20.9392471313477 22.5920810699463 3.95004415512085
"601" 20.2789325714111 21.4729156494141 5.4176812171936
"602" 21.0543727874756 22.6178455352783 3.87184906005859
"603" 20.6435871124268 22.3775424957275 3.95956659317017
"604" 20.3095932006836 22.1358280181885 4.06146335601807
"605" 20.7122249603271 22.1021347045898 3.64264988899231
"606" 20.1116886138916 20.8472099304199 4.9057559967041
"607" 20.8793315887451 22.1006889343262 3.47848176956177
"608" 20.5219764709473 21.9067516326904 3.58023071289062
"609" 20.8938999176025 21.984899520874 3.33442997932434
"610" 20.6235008239746 21.8675003051758 3.45233011245728
"611" 20.0918579101562 20.6244258880615 4.68132448196411
"612" 20.6882476806641 21.5939559936523 3.09427833557129
"613" 20.772180557251 21.3145084381104 2.7643883228302
"614" 20.7686653137207 21.3409595489502 2.79189610481262
"615" 19.8883991241455 20.1763000488281 3.90746998786926
"616" 20.5400276184082 21.1513271331787 2.77788710594177
"617" 20.0965309143066 20.9592342376709 2.88220405578613
"618" 20.630334854126 20.7720012664795 2.37647247314453
"619" 19.7754993438721 19.9561996459961 3.48998999595642
"620" 20.5116233825684 20.800142288208 2.46248006820679
"621" 20.1010723114014 20.5259475708008 2.49862766265869
"622" 20.4585990905762 20.1949005126953 2.02690005302429
"623" 20.2630996704102 19.910400390625 1.90453004837036
"624" 20.2493190765381 20.2145404815674 2.12211918830872
"625" 19.7623805999756 19.9208297729492 2.16982436180115
"626" 20.0671997070312 19.4708976745605 1.7005250453949
"627" 20.0202026367188 19.7058181762695 1.85833954811096
"628" 19.6109485626221 19.5275459289551 1.93769073486328
"629" 19.9903144836426 18.0634727478027 2.14314103126526
"630" 19.9007720947266 17.8580760955811 2.07673001289368
"631" 19.6609668731689 19.1474685668945 1.64613306522369
"632" 19.3829326629639 18.9063205718994 1.62856459617615
"633" 18.967887878418 18.6382369995117 1.67616283893585
"634" 18.5704326629639 18.1429748535156 1.73712193965912
"635" 19.7294178009033 18.7621231079102 1.38428640365601
"636" 19.3158740997314 18.4557285308838 1.41389966011047
"637" 18.9209213256836 18.1308288574219 1.51418614387512
"638" 18.7223644256592 17.8008460998535 1.58609867095947
