"V1" "V2" "V3"
"1" 25.3020362854004 44.0487976074219 12.5743179321289
"2" 25.2286 45.2092 12.4589
"3" 25.076 46.3668 12.4447
"4" 24.9451 47.5087 12.2493
"5" 24.8721 48.6661 12.108
"6" 24.7877 49.8226 11.9997
"7" 24.6961 50.9754 11.9373
"8" 24.6375 52.1362 11.8948
"9" 24.5611 53.3015 11.858
"10" 24.4504 54.4629 11.8032
"11" 24.3223 55.622 11.7486
"12" 24.2746 56.7863 11.8148
"13" 24.2093162536621 57.9508590698242 11.8450984954834
"14" 27.5765991210938 67.8173446655273 10.846513748169
"15" 28.5189838409424 59.4464340209961 11.1416788101196
"16" 27.9947662353516 47.172737121582 17.3712921142578
"17" 43.5326499938965 55.208381652832 8.6646671295166
"18" 43.5815 53.7654 8.431
"19" 43.3591 52.3163 8.3446
"20" 43.2953 50.8697 8.6317
"21" 43.2447 49.6769 9.4584
"22" 43.3057 48.8831 10.695
"23" 43.4824 48.5286 12.1121
"24" 43.6421 48.7198 13.5488
"25" 43.8144 49.3657 14.8537
"26" 44.1728 50.2778 15.9616
"27" 44.4228 51.5413 16.6824
"28" 44.4919 53.0064 16.8926
"29" 44.2988 54.4332 16.6308
"30" 44.2038 55.4999 15.6462
"31" 43.7863 56.0919 14.3639
"32" 43.6294 56.3401 13.0378
"33" 43.5573692321777 56.5347900390625 11.6074190139771
"34" 43.5573692321777 56.5347900390625 11.6074190139771
"35" 43.5326499938965 55.208381652832 8.6646671295166
"36" 39.2706680297852 35.0875854492188 8.83657932281494
"37" 39.6074 35.3713 10.355
"38" 40.3187 35.5352 11.6481
"39" 41.1217 36.2228 12.8664
"40" 41.9016 37.0244 14.0724
"41" 42.481 38.2905 14.9397
"42" 43.0753 39.4612 15.9286
"43" 43.5126 40.8744 16.5954
"44" 43.8445 42.3968 16.2497
"45" 44.0308 43.7727 15.5085
"46" 43.8973 44.8514 14.2765
"47" 43.9823 45.7761 12.9167
"48" 43.9828 46.5735 11.4772
"49" 43.8925 46.9199 9.8934
"50" 43.6035 47.8351 8.6006
"51" 43.5169 48.9207 7.3798
"52" 43.4472885131836 50.0237007141113 6.16455316543579
"53" 27.1577377319336 66.5746612548828 22.3997077941894
"54" 27.6262817382812 14.1801147460938 17.5316276550293
"55" 28.9481 14.3015 17.5897
"56" 30.0872 14.887 17.6591
"57" 31.1838 15.4508 17.2715
"58" 31.8584 15.66 16.4462
"59" 32.1483 15.5243 15.2122
"60" 32.2404 16.0873 14.0197
"61" 31.7618 16.3157 12.8727
"62" 30.9164 16.0051 11.8928
"63" 30.006 15.4592 11.0959
"64" 28.8154 15.0031 10.7696
"65" 27.4983596801758 14.9960403442383 10.6084995269775
"66" 31.2370185852051 57.4110374450684 10.8704881668091
"67" 35.7948989868164 28.5897312164307 23.5723152160644
"68" 36.2457618713379 29.1651458740234 23.7796039581299
"69" 34.8628349304199 37.154354095459 27.03830909729
"70" 22.968412399292 69.3290939331055 24.8369598388672
"71" 24.2525 68.8983 24.5296
"72" 25.2058 68.1593 23.9159
"73" 25.8692 67.1685 23.1951
"74" 26.6505 66.4053 22.4011
"75" 27.5467 66.126 21.4019
"76" 28.0551 65.9931 20.1264
"77" 27.664 65.7004 18.85
"78" 26.9596 65.4714 17.6822
"79" 25.9871 65.5322 16.7018
"80" 24.8397 65.9685 16.1088
"81" 23.5308208465576 66.3683395385742 15.8434867858887
"82" 43.8078460693359 41.9103851318359 18.5834426879883
"83" 39.2706680297852 35.0875854492188 8.83657932281494
"84" 38.4195 33.8431 8.5555
"85" 37.4523 32.6372 8.4128
"86" 36.5238 31.3982 8.2901
"87" 35.5969 30.1521 8.2638
"88" 34.6659 28.9126 8.3074
"89" 33.7697 27.6946 8.617
"90" 32.8377 26.4898 8.9153
"91" 32.0333 25.1923 9.1724
"92" 31.2334 23.8665 9.085
"93" 30.4883 22.52 9.0735
"94" 29.8566 21.2074 8.675
"95" 29.4309 20.0191 7.7814
"96" 29.1899 18.8274 6.8247
"97" 28.2697 17.8658 7.2109
"98" 27.2928333282471 17.2658195495606 8.25975799560547
"99" 37.2178344726562 49.7190208435059 5.23551750183105
"100" 38.2291 49.4149 5.4443
"101" 39.2958 49.7021 5.6205
"102" 40.378 49.8155 5.469
"103" 41.4775 49.6963 5.319
"104" 42.3909 49.8356 4.6851
"105" 42.9119 50.4539 4.0159
"106" 42.3419 51.0037 3.5629
"107" 41.302 51.3858 3.4536
"108" 40.2136 51.5108 3.5649
"109" 39.1494 51.5705 3.2894
"110" 38.0831 51.4424 3.3318
"111" 37.12 51.0461 3.7348
"112" 36.7326 50.4642 4.5535
"113" 39.2706680297852 35.0875854492188 8.83657932281494
"114" 34.2901382446289 22.9209594726562 19.7429447174072
"115" 40.0392761230469 32.9718551635742 12.3021192550659
"116" 31.5575714111328 28.8432731628418 10.2994785308838
"117" 36.6941223144531 68.0095825195312 17.3593788146973
"118" 34.4090881347656 23.6342372894287 20.8154544830322
"119" 34.8893 25.291 21.9585
"120" 35.2567 27.0944 22.9151
"121" 36.0332 28.747 23.8186
"122" 37.3645 30.3069 24.0164
"123" 38.5969 31.9479 24.0498
"124" 39.8174 33.4508 23.3275
"125" 40.8705 34.7209 22.1106
"126" 41.7086 35.5262 20.3989
"127" 42.1312 35.812 18.4179
"128" 42.1261 35.5843 16.3747
"129" 41.536 34.8689 14.5481
"130" 40.6361 33.8038 13.0186
"131" 39.4882 32.431 11.9688
"132" 38.1607 31.1792 10.9862
"133" 36.8168 29.7323 10.3542
"134" 35.6864 28.0907 9.8926
"135" 34.5772 26.402 10.2572
"136" 34.217 24.7584 11.3839
"137" 34.2792 23.5874 13.0792
"138" 34.5126 22.8093 14.9797
"139" 34.5743 22.3268 16.9887
"140" 34.4536 22.6256 19.0031
"141" 24.0072555541992 64.2295761108398 32.034309387207
"142" 31.2670230865479 57.5018005371094 21.3815765380859
"143" 28.6242866516113 28.1976680755615 14.5695247650147
"144" 27.9186058044434 35.5322265625 13.0464630126953
"145" 31.447624206543 39.194034576416 15.1517810821533
"146" 36.2710266113281 29.1722831726074 23.793830871582
"147" 42.2515296936035 35.7468490600586 17.0006256103516
"148" 34.4121780395508 50.7431755065918 17.0791206359863
"149" 34.4337120056152 58.6840209960938 19.4642333984375
"150" 34.8474 57.1881 19.6392
"151" 35.293 55.6972 19.785
"152" 36.2464 54.5731 20.013
"153" 37.1639 53.3189 20.0223
"154" 37.4517 51.863 19.557
"155" 37.1235 50.6517 18.7734
"156" 36.5969 51.2758 17.5163
"157" 35.5972 51.4372 16.531
"158" 34.4121780395508 50.7431755065918 17.0791206359863
"159" 43.4472885131836 50.0237007141113 6.16455316543579
"160" 34.4337120056152 58.6840209960938 19.4642333984375
"161" 44.1243171691895 53.010139465332 18.7726936340332
"162" 28.9565181732178 64.4440612792969 21.852237701416
"163" 31.2692070007324 58.2431869506836 21.0507583618164
"164" 36.9673690795898 67.9232025146484 17.4644012451172
"165" 24.0072555541992 64.2295761108398 32.034309387207
"166" 24.1881 61.46 31.3652
"167" 24.2772 58.6131 30.9019
"168" 24.7836 55.8456 30.2709
"169" 25.5394 53.1517 29.5729
"170" 26.763 50.6083 28.9914
"171" 28.4642 48.4098 28.2217
"172" 30.0487 46.0382 27.8007
"173" 31.6761 43.6766 27.526
"174" 34.0357 42.1102 27.197
"175" 36.5414 40.8504 26.6719
"176" 39.1288 40.518 25.5848
"177" 41.247 41.5588 24.0286
"178" 42.5992 43.3714 22.2474
"179" 43.5031 45.3738 20.3804
"180" 44.1004 47.5533 18.5816
"181" 44.2085 50.2717 17.9539
"182" 44.1243171691895 53.010139465332 18.7726936340332
"183" 35.3490562438965 38.4138488769531 12.7103404998779
"184" 35.0557 36.4723 12.2506
"185" 34.5075 34.7353 11.2653
"186" 33.5498 32.9731 10.7337
"187" 32.7053 31.1048 10.4487
"188" 31.8716 29.2105 10.3049
"189" 31.2164 27.248 10.1325
"190" 30.2318 25.4448 10.1417
"191" 28.7707 24.294 10.9649
"192" 26.829137802124 23.8518199920654 11.48171043396
"193" 35.3490562438965 38.4138488769531 12.7103404998779
"194" 27.6262817382812 14.1801147460938 17.5316276550293
"195" 26.829137802124 23.8518199920654 11.48171043396
"196" 24.2093162536621 57.9508590698242 11.8450984954834
"197" 25.9487018585205 42.9980163574219 14.3867740631103
"198" 25.3020362854004 44.0487976074219 12.5743179321289
"199" 27.9947662353516 47.172737121582 17.3712921142578
"200" 26.9788 48.0329 16.6084
"201" 26.174 48.2522 15.9962
"202" 25.0652 48.8633 16.0255
"203" 24.1688 47.8171 16.0514
"204" 23.3028 47.8667 16.377
"205" 22.5197334289551 46.9868965148926 17.0528755187988
"206" 22.968412399292 69.3290939331055 24.8369598388672
"207" 26.4749774932861 24.5940952301025 23.2531223297119
"208" 27.6262817382812 14.1801147460938 17.5316276550293
"209" 27.0868 16.2361 19.5347
"210" 26.9914 18.9339 20.828
"211" 26.87 21.6972 21.9784
"212" 26.6672 24.1803 23.6275
"213" 26.4526 26.6232 25.3481
"214" 26.3754 29.1203 26.9903
"215" 26.3497 31.9284 27.9735
"216" 26.0942 34.8828 28.3418
"217" 25.6685 37.8417 28.533
"218" 25.484 40.8268 28.7026
"219" 25.0583 43.7896 28.7687
"220" 24.5293 46.7281 28.8586
"221" 24.4786 49.7096 29.1264
"222" 24.2814 52.5639 29.9407
"223" 24.0615 55.4745 30.5915
"224" 23.831 58.4223 31.0604
"225" 23.7141 61.3575 31.6392
"226" 23.6342945098877 64.2839279174805 32.273193359375
"227" 23.1537933349609 69.3000869750977 15.087833404541
"228" 25.986722946167 35.9118194580078 28.4542427062988
"229" 23.6342945098877 64.2839279174805 32.273193359375
"230" 27.4983596801758 14.9960403442383 10.6084995269775
"231" 27.2928333282471 17.2658195495606 8.25975799560547
"232" 22.0682640075684 81.4574737548828 27.3793411254883
"233" 23.5308208465576 66.3683395385742 15.8434867858887
"234" 19.9270668029785 66.7909774780273 10.1760234832764
"235" 19.9727840423584 58.4263648986816 11.1164484024048
"236" 22.5197334289551 46.9868965148926 17.0528755187988
"237" 5.36889457702637 52.4387893676758 8.48669242858887
"238" 5.4585 50.8631 7.9775
"239" 6.0469 49.3112 7.9687
"240" 6.283 47.7713 8.4606
"241" 6.4074 46.6887 9.7154
"242" 6.3087 46.0481 11.2075
"243" 6.219 46.142 12.8587
"244" 5.8675 46.7055 14.3796
"245" 5.1906 47.6566 15.5572
"246" 4.8185 49.1091 16.2731
"247" 4.5328 50.7203 16.3895
"248" 4.461 52.2156 15.7825
"249" 4.5316 53.3113 14.5368
"250" 4.8672 53.8018 13.0236
"251" 5.08662986755371 53.7638626098633 11.4437971115112
"252" 5.08662986755371 53.7638626098633 11.4437971115112
"253" 5.36889457702637 52.4387893676758 8.48669242858887
"254" 12.5377330780029 33.266227722168 8.65037155151367
"255" 11.1921 33.6413 11.8317
"256" 9.4019 35.4412 14.7194
"257" 7.8524 38.2765 16.6839
"258" 6.7024 41.6029 15.3144
"259" 6.3248 43.4913 12.02
"260" 6.6687 44.711 8.468
"261" 6.39942741394043 47.3060264587402 5.67859125137329
"262" 19.3433799743652 66.34423828125 22.2993659973144
"263" 27.6262817382812 14.1801147460938 17.5316276550293
"264" 26.2962 13.9826 17.5092
"265" 25.0907 14.559 17.5895
"266" 23.9148 15.1252 17.3134
"267" 23.1604 15.6255 16.5335
"268" 23.3187 14.9562 15.4217
"269" 22.8997 15.1559 14.3228
"270" 23.1482 15.6011 13.1411
"271" 23.997 15.4309 12.1384
"272" 24.9764 15.3546 11.2435
"273" 26.2004 15.0242 10.8297
"274" 27.4983596801758 14.9960403442383 10.6084995269775
"275" 17.1727275848389 56.5110168457031 10.7033700942993
"276" 17.0630035400391 27.1047229766846 23.3721828460693
"277" 16.4362964630127 27.7911148071289 23.5235729217529
"278" 17.5129890441894 35.8050994873047 26.780782699585
"279" 22.968412399292 69.3290939331055 24.8369598388672
"280" 21.6813 68.936 24.4384
"281" 20.9237 67.8842 23.852
"282" 20.1102 67.2371 22.9236
"283" 19.425 66.2193 22.1865
"284" 18.9358 65.5142 21.0536
"285" 18.6115 65.2876 19.6705
"286" 19.0758 65.0409 18.3908
"287" 19.9455 64.9322 17.2658
"288" 20.9332 65.4038 16.3706
"289" 22.1375 66.0227 15.9016
"290" 23.5308208465576 66.3683395385742 15.8434867858887
"291" 7.2761926651001 39.425708770752 17.9885482788086
"292" 12.5377330780029 33.266227722168 8.65037155151367
"293" 13.7899 31.9946 8.3017
"294" 15.0994 30.7398 8.1812
"295" 16.4941 29.5775 8.245
"296" 17.7379 28.252 8.2421
"297" 19.0276 26.9827 8.3711
"298" 20.2058 25.6597 8.7297
"299" 21.3968 24.3307 9.0485
"300" 22.476 22.884 8.937
"301" 23.6137 21.4777 8.781
"302" 24.3927 19.9901 8.1915
"303" 25.1123 18.7628 7.0725
"304" 26.064 17.3808 7.0402
"305" 27.2928333282471 17.2658195495606 8.25975799560547
"306" 12.4984750747681 47.9112358093262 4.94670152664185
"307" 11.4774 47.3828 5.1892
"308" 10.3397 47.5489 5.4227
"309" 9.1648 47.6092 5.2669
"310" 8.0464 47.2873 4.9636
"311" 7.1655 47.3399 4.2549
"312" 6.9788 47.9875 3.4997
"313" 7.6852 48.8097 3.133
"314" 8.8018 49.1219 3.3328
"315" 9.9653 49.4238 3.2612
"316" 11.1056 49.603 2.9394
"317" 12.2006 49.4643 3.2998
"318" 12.6607 48.7274 4.065
"319" 12.5377330780029 33.266227722168 8.65037155151367
"320" 19.4076404571533 21.9448928833008 19.5576896667481
"321" 13.5201282501221 30.118070602417 11.5780668258667
"322" 21.5809364318848 27.7393646240234 10.3563957214356
"323" 10.2344989776611 65.9565277099609 17.2410907745361
"324" 19.2906093597412 22.3615550994873 20.3867073059082
"325" 18.5374 23.9248 21.6376
"326" 17.856 25.6376 22.7176
"327" 16.8349 27.3225 23.5418
"328" 15.159 28.6404 23.6572
"329" 13.7714 30.2169 23.8033
"330" 12.412 31.6109 22.9406
"331" 11.2074 32.7896 21.6295
"332" 10.3462 33.2639 19.7497
"333" 9.8771 33.4939 17.6983
"334" 10.1334 33.0558 15.6559
"335" 11.0084 32.3863 13.8307
"336" 12.1675 31.232 12.4589
"337" 13.6424 30.0338 11.4975
"338" 15.3325 28.9427 10.7633
"339" 16.798 27.5751 10.0176
"340" 18.2953 26.0872 9.9614
"341" 19.4252 24.5531 10.7974
"342" 19.499 23.0906 12.3333
"343" 19.5974 22.2128 14.2605
"344" 19.4921 21.7647 16.3461
"345" 19.2846 21.5045 18.4596
"346" 23.4441986083984 62.9580116271973 31.7769317626953
"347" 17.1651573181152 55.8272895812988 21.2127647399902
"348" 24.7110176086426 28.2214679718018 14.5175228118897
"349" 24.1284046173096 35.6640243530273 12.8130893707275
"350" 20.7712440490723 37.9629669189453 14.6808824539185
"351" 16.4206848144531 27.7343597412109 23.5667152404785
"352" 9.78532028198242 33.5289077758789 17.0137214660644
"353" 15.0817909240723 49.2102470397949 16.973051071167
"354" 14.0504112243652 57.000373840332 19.3168125152588
"355" 14.0572 55.4482 19.4642
"356" 13.2044 54.1144 19.3763
"357" 12.3705 52.8453 19.7075
"358" 11.7865 51.4138 19.7381
"359" 11.7254 49.9485 19.2673
"360" 12.3391 49.1187 18.2791
"361" 12.6866 49.9048 17.0278
"362" 13.925 49.9801 16.1991
"363" 15.0817909240723 49.2102470397949 16.973051071167
"364" 6.39942741394043 47.3060264587402 5.67859125137329
"365" 14.0504112243652 57.000373840332 19.3168125152588
"366" 4.85580444335938 50.117805480957 18.2646408081055
"367" 18.4815044403076 64.0888595581055 22.0009670257568
"368" 17.0890998840332 57.0970497131348 20.6717910766602
"369" 10.2157878875732 66.067138671875 16.8627243041992
"370" 23.4441986083984 62.9580116271973 31.7769317626953
"371" 23.364 60.2858 31.0332
"372" 23.0242 57.6047 30.4258
"373" 22.7422 54.9669 29.6391
"374" 22.4355 52.2821 29.0337
"375" 21.5661 49.7154 28.4901
"376" 20.4439 47.2394 27.9672
"377" 19.3587 44.7468 27.4147
"378" 17.8837 42.4521 27.0426
"379" 16.1084 40.3981 26.4881
"380" 13.9147 38.8031 25.9386
"381" 11.4731 38.7292 24.7069
"382" 9.4392 39.6478 23.1037
"383" 7.964 41.2252 21.3692
"384" 6.7793 43.0422 19.6392
"385" 5.7522 45.0723 18.0783
"386" 5.3391 47.6345 17.3513
"387" 4.85580444335938 50.117805480957 18.2646408081055
"388" 16.1944160461426 36.9570388793945 12.5649547576904
"389" 17.4066 35.434 11.9277
"390" 18.0908 33.6443 11.1566
"391" 18.9829 31.8567 10.6275
"392" 20.0083 30.0926 10.2739
"393" 21.0033 28.2881 10.2444
"394" 22.204 26.6066 10.0997
"395" 23.2884 24.8584 10.1234
"396" 24.8376 23.9153 10.9555
"397" 26.829137802124 23.8518199920654 11.48171043396
"398" 16.1944160461426 36.9570388793945 12.5649547576904
"399" 37.0978546142578 49.818717956543 4.6549596786499
"400" 37.0792236328125 50.2800178527832 4.16226434707642
"401" 37.6722869873047 49.4796600341797 4.72968626022339
"402" 37.7043800354004 49.9111709594727 4.26118993759155
"403" 37.6001434326172 50.3137626647949 3.96452879905701
"404" 37.7182769775391 50.7743148803711 3.5712296962738
"405" 38.3999557495117 49.3550987243652 4.79754877090454
"406" 38.3611679077148 49.7158622741699 4.316237449646
"407" 38.1870651245117 50.2488212585449 3.99716067314148
"408" 38.232479095459 50.5846099853516 3.69366979598999
"409" 38.3530349731445 51.0234069824219 3.31464099884033
"410" 39.0385513305664 49.5558624267578 4.86768054962158
"411" 38.9988670349121 49.9476509094238 4.31486988067627
"412" 38.8942184448242 50.3563613891602 3.92258095741272
"413" 38.8578300476074 50.9011459350586 3.50778007507324
"414" 39.7197418212891 49.2324485778809 5.04187631607056
"415" 39.6955528259277 49.478214263916 4.31680297851562
"416" 39.5050888061523 50.3785591125488 4.20682907104492
"417" 39.4444007873535 50.9981002807617 3.62396240234375
"418" 40.0427856445312 49.9994316101074 4.83270883560181
"419" 40.0337600708008 50.4941520690918 4.37074327468872
"420" 39.9929313659668 50.9839172363281 3.90168070793152
"421" 40.4317855834961 49.9194488525391 4.86367750167847
"422" 40.385627746582 50.498046875 4.25715446472168
"423" 40.5205574035645 50.8949089050293 3.81420111656189
"424" 40.8162460327148 50.0107498168945 4.62153053283691
"425" 40.8236808776855 50.4150276184082 4.14598655700684
"426" 40.8907737731934 50.7483367919922 3.80946493148804
"427" 41.1712455749512 49.7468032836914 4.84272623062134
"428" 41.2193603515625 50.1012916564941 4.36268138885498
"429" 41.3162651062012 50.4552192687988 3.94579195976257
"430" 41.4061737060547 50.8641166687012 3.5693199634552
"431" 41.6266098022461 49.804615020752 4.61351728439331
"432" 41.4800872802734 50.1061744689941 4.29650449752808
"433" 41.5774917602539 50.5587768554688 3.78106594085693
"434" 41.9089736938477 50.7387428283691 3.58598804473877
"435" 41.9799690246582 49.9089012145996 4.43088483810425
"436" 42.2378005981445 50.2941131591797 3.86104893684387
"437" 42.5138778686523 50.0792121887207 4.08624505996704
"438" 12.2525415420532 47.7857437133789 4.49511194229126
"439" 12.2978944778442 48.1225700378418 4.12484169006348
"440" 12.1935033798218 48.6494522094727 3.72108674049377
"441" 11.83203125 47.6615753173828 4.35127544403076
"442" 11.8332176208496 48.0735321044922 3.9910933971405
"443" 11.8445806503296 48.6211776733398 3.62628126144409
"444" 11.8325481414795 48.9285316467285 3.31900453567505
"445" 11.4279298782349 47.4083213806152 4.58919954299927
"446" 11.3658571243286 47.8982620239258 4.04146766662598
"447" 11.3692331314087 48.389289855957 3.73507237434387
"448" 11.4287004470825 48.7414436340332 3.38367319107056
"449" 11.5768966674805 48.7482223510742 2.34929943084717
"450" 10.8655042648315 47.430233001709 4.45323133468628
"451" 10.8773946762085 48.0493240356445 3.95201134681702
"452" 10.893443107605 48.5184745788574 3.54476809501648
"453" 10.8932151794434 48.9877891540527 3.136554479599
"454" 10.3294219970703 47.5088996887207 4.69016695022583
"455" 10.4144582748413 47.8883209228516 4.17655277252197
"456" 10.3732748031616 48.2442016601562 3.88021397590637
"457" 10.4438238143921 48.7543029785156 3.43164896965027
"458" 9.82969284057617 47.5666084289551 4.98961019515991
"459" 9.88254737854004 47.8812370300293 4.40280151367188
"460" 9.94128608703613 48.3275375366211 3.97900176048279
"461" 10.0489692687988 48.7708511352539 3.53590726852417
"462" 9.40675163269043 47.6319999694824 4.73227596282959
"463" 9.50872611999512 48.0305480957031 4.27840709686279
"464" 9.56153011322021 48.4247665405273 3.88422417640686
"465" 9.60809326171875 48.9433975219727 3.50778388977051
"466" 9.24622631072998 47.6517791748047 4.59158897399902
"467" 9.23381423950195 47.8885078430176 4.30861759185791
"468" 9.23759174346924 48.3283653259277 3.91751575469971
"469" 9.10459423065186 48.6123695373535 3.57353448867798
"470" 9.13329315185547 47.3709106445312 4.4221510887146
"471" 8.91470718383789 47.978401184082 4.08442497253418
"472" 8.79165840148926 48.4514961242676 3.54983520507812
"473" 8.42283344268799 47.4377784729004 4.49334096908569
"474" 8.51446914672852 47.8368797302246 4.04129076004028
"475" 8.4526424407959 48.2890129089355 3.5493335723877
"476" 8.02773761749268 47.4554862976074 4.25169849395752
"477" 8.92329978942871 47.385799407959 4.00010013580322
"478" 8.14800548553467 48.456672668457 3.32321166992188
"479" 7.62963628768921 47.3961181640625 4.11286163330078
"480" 7.7540397644043 47.878101348877 3.63086009025574
"481" 7.81557989120483 48.3703994750977 3.26162004470825
"482" 7.32325983047485 47.6935005187988 3.63086009025574
"483" 7.38479995727539 48.0626983642578 3.32315993309021
"484" 39.5691566467285 34.8376770019531 9.3225154876709
"485" 38.593132019043 35.4358978271484 10.8738660812378
"486" 38.3375473022461 35.6203536987305 11.5601119995117
"487" 38.523998260498 35.877799987793 11.7541999816895
"488" 37.1086006164551 36.5547981262207 12.8619003295898
"489" 35.9182472229004 37.8470993041992 12.9022817611694
"490" 38.1602592468262 34.2162017822266 9.56137943267822
"491" 37.8525276184082 34.4870796203613 10.4810562133789
"492" 37.7139587402344 34.6498908996582 10.9669761657715
"493" 37.8908996582031 34.8754997253418 10.9557867050171
"494" 35.9393997192383 35.4469985961914 12.0618000030518
"495" 35.1393013000488 36.3086013793945 12.0003004074097
"496" 37.5712013244629 33.3440628051758 9.25014495849609
"497" 37.2194862365723 33.5750579833984 10.1405115127563
"498" 37.2404365539551 33.7141418457031 10.3201789855957
"499" 37.2933006286621 33.7854995727539 10.2771997451782
"500" 37.1268157958984 33.8036155700684 10.5848999023438
"501" 34.8083343505859 34.6087646484375 11.2003002166748
"502" 36.8294219970703 32.3461799621582 9.03328514099121
"503" 36.3700981140137 32.3996467590332 9.85417366027832
"504" 36.4927825927734 32.4582748413086 9.75045776367188
"505" 36.3445434570312 32.1370849609375 9.51443004608154
"506" 35.8798789978027 32.0028800964355 10.0310001373291
"507" 34.0486869812012 33.1530151367188 10.7080001831055
"508" 35.9535675048828 31.2149677276611 8.8917760848999
"509" 35.7110290527344 31.4032287597656 9.58813381195068
"510" 35.8230590820312 31.4217948913574 9.4452486038208
"511" 35.5085983276367 31.1392002105713 9.47716045379639
"512" 33.8470001220703 31.8777008056641 10.461799621582
"513" 33.6520309448242 32.0623016357422 10.461799621582
"514" 35.1347541809082 30.1677703857422 8.81803798675537
"515" 34.9415893554688 30.2645664215088 9.29462337493896
"516" 34.9128456115723 30.2058563232422 9.26259803771973
"517" 34.7085990905762 29.9699993133545 9.29253959655762
"518" 33.2404594421387 30.640100479126 10.3387002944946
"519" 34.3315811157227 28.9776248931885 8.77336692810059
"520" 34.2021064758301 29.1216945648193 9.19682884216309
"521" 34.1056175231934 29.1329555511475 9.50777053833008
"522" 34.0316009521484 28.9237995147705 9.16946029663086
"523" 32.6867256164551 29.4167861938477 10.2771997451782
"524" 33.6181144714355 28.1234874725342 8.96723079681396
"525" 33.5462417602539 28.1910610198975 9.29134464263916
"526" 33.5332832336426 28.0561847686768 9.1782922744751
"527" 33.4777984619141 27.9536380767822 9.08311939239502
"528" 31.8357944488525 28.271505355835 10.1541004180908
"529" 32.923900604248 27.0206260681152 9.37251567840576
"530" 32.8041229248047 26.957820892334 9.73510932922363
"531" 32.8482856750488 26.9404106140137 9.42217826843262
"532" 32.8624000549316 26.9545001983643 9.16946029663086
"533" 31.6930999755859 27.623420715332 10.0925998687744
"534" 32.2388954162598 25.8922252655029 9.54260540008545
"535" 32.246826171875 25.9002494812012 9.83537864685059
"536" 32.2470016479492 25.8467998504639 9.16946029663086
"537" 32.3674011230469 26.0212993621826 9.02488994598389
"538" 31.7017192840576 25.055419921875 9.68432521820068
"539" 31.8777008056641 25.2677822113037 9.89538669586182
"540" 31.6818828582764 25.497989654541 10.0310001373291
"541" 31.0957202911377 25.785270690918 10.0310001373291
"542" 31.231128692627 24.2771282196045 9.68542861938477
"543" 31.4574527740479 24.3594837188721 10.1332473754883
"544" 31.1480007171631 24.6581134796143 10.1541004180908
"545" 30.6778793334961 25.0078792572021 10.0925998687744
"546" 30.7084999084473 23.4475135803223 9.75799083709717
"547" 30.8098907470703 23.756950378418 10.0551948547363
"548" 30.4361820220947 24.1659774780273 10.1541004180908
"549" 30.216100692749 22.5389080047607 9.66676616668701
"550" 30.2450523376465 22.8935813903809 10.1251945495605
"551" 30.0446949005127 23.268482208252 10.3387002944946
"552" 29.6745014190674 21.7104587554932 9.26718139648438
"553" 29.8469009399414 22.0812721252441 9.94021892547607
"554" 29.6089973449707 22.6415729522705 10.5848999023438
"555" 29.2929992675781 20.9804859161377 9.01700019836426
"556" 29.3287544250488 21.3285541534424 9.68755626678467
"557" 28.4314994812012 21.9698009490967 11.4463996887207
"558" 28.8487491607666 19.8862152099609 8.3302173614502
"559" 28.8466854095459 20.35520362854 9.29001331329346
"560" 28.9853000640869 20.800500869751 9.61397743225098
"561" 28.2469005584717 22.3390007019043 11.3849000930786
"562" 28.4984836578369 19.088020324707 8.18995952606201
"563" 28.3083992004395 19.2514514923096 9.4025993347168
"564" 28.069263458252 19.3842926025391 10.1470489501953
"565" 26.5853004455566 19.8773994445801 10.8926000595093
"566" 28.2469005584717 18.877405166626 9.0002384185791
"567" 26.3390998840332 18.8927993774414 9.84640979766846
"568" 13.5586462020874 33.1436996459961 9.8126049041748
"569" 13.9223833084106 33.2422332763672 10.6129341125488
"570" 14.6464996337891 33.2316017150879 10.5848999023438
"571" 15.0158004760742 34.0932006835938 12.0618000030518
"572" 16.1235008239746 35.6316986083984 12.2465000152588
"573" 14.0926828384399 32.2715072631836 8.9478063583374
"574" 14.6296586990356 32.1262168884277 9.64701652526855
"575" 14.7865772247314 32.162483215332 9.96345520019531
"576" 15.1373138427734 32.353084564209 10.751015663147
"577" 16.5887870788574 33.2661170959473 11.2617998123169
"578" 17.3489761352539 34.0262794494629 11.2003002166748
"579" 15.1475591659546 31.260232925415 8.77182483673096
"580" 15.6555376052856 31.0582408905029 9.35897636413574
"581" 15.9591808319092 31.0405616760254 9.71251201629639
"582" 15.8773002624512 31.0161991119385 9.53870010375977
"583" 17.5389003753662 32.2470016479492 10.7694997787476
"584" 18.215799331665 32.3699989318848 10.6464004516602
"585" 16.3601951599121 30.164005279541 8.66518688201904
"586" 16.7509155273438 30.0003452301025 9.08880043029785
"587" 17.159387588501 29.7753772735596 9.39530563354492
"588" 17.2311992645264 29.600700378418 9.10791969299316
"589" 18.8311996459961 30.6740665435791 10.3387002944946
"590" 19.2825965881348 30.6059989929199 10.2771997451782
"591" 17.6743087768555 28.9243183135986 8.6284351348877
"592" 17.9324283599854 28.7763862609863 9.04212474822998
"593" 18.0676803588867 28.5181198120117 8.61560726165771
"594" 18.2773990631104 28.4930000305176 9.04638004302979
"595" 19.8159008026123 29.4022350311279 10.1541004180908
"596" 20.0200634002686 29.2452297210693 10.1541004180908
"597" 18.6027183532715 27.9830360412598 8.76317977905273
"598" 18.981294631958 27.6660499572754 9.09260082244873
"599" 19.25022315979 27.1508750915527 8.6771411895752
"600" 19.4465999603271 27.0160999298096 8.98484039306641
"601" 21.1082000732422 28.0006999969482 10.0925998687744
"602" 19.6312522888184 26.7842445373535 8.96716785430908
"603" 19.9829120635986 26.4798069000244 9.39554023742676
"604" 20.1076698303223 26.361400604248 9.72964763641357
"605" 20.2920379638672 25.98606300354 8.98484039306641
"606" 21.4158992767334 26.6364707946777 10.0310001373291
"607" 20.5881443023682 25.6890544891357 9.36341094970703
"608" 20.7852783203125 25.4831638336182 9.71592712402344
"609" 20.9151496887207 25.4876880645752 9.90964126586914
"610" 20.8621006011963 25.2929000854492 9.04638004302979
"611" 21.8077507019043 26.0088500976562 9.96947956085205
"612" 21.3724060058594 24.7240791320801 9.71609115600586
"613" 21.596586227417 24.5407009124756 9.76712036132812
"614" 21.6903209686279 24.8792057037354 10.0310001373291
"615" 21.6620998382568 24.369800567627 9.29253959655762
"616" 22.0985012054443 23.9949836730957 9.8371410369873
"617" 22.1742820739746 23.9530353546143 10.044958114624
"618" 22.2961006164551 23.9684810638428 10.0604276657104
"619" 22.854866027832 24.3282909393311 10.0925998687744
"620" 22.6542472839355 23.2790279388428 9.80930995941162
"621" 22.8929004669189 23.0453071594238 9.89047431945801
"622" 22.9320697784424 22.9407196044922 9.86907958984375
"623" 23.3815822601318 23.1595249176025 10.2771997451782
"624" 23.4510383605957 22.2125301361084 9.60373783111572
"625" 23.6967067718506 21.965991973877 9.93066024780273
"626" 23.8655548095703 21.9940643310547 10.4481172561646
"627" 24.2934532165527 21.2461471557617 9.39579105377197
"628" 24.3041839599609 21.2970142364502 9.6888370513916
"629" 24.5730953216553 21.2255630493164 10.5362501144409
"630" 25.5311088562012 22.3310089111328 11.3233995437622
"631" 24.9174175262451 20.3832263946533 9.1150541305542
"632" 24.8749141693115 20.3953971862793 9.02327823638916
"633" 25.5068874359131 20.2454681396484 10.1822786331177
"634" 26.1544990539551 20.0004997253418 10.6464004516602
"635" 25.4148731231689 19.3862285614014 8.30784130096436
"636" 25.8251419067383 19.2819137573242 9.22919273376465
"637" 26.2667789459229 19.1118221282959 10.0600872039795
"638" 26.7470722198486 18.9197959899902 10.4659786224365
