"V1" "V2" "V3"
"1" 17.469596862793 31.4154548645019 8.23176670074463
"2" 17.498 30.5655 8.1525
"3" 17.4715 29.7139 8.1434
"4" 17.4698 28.8613 8.1574
"5" 17.5043 28.0082 8.1615
"6" 17.4968 27.1547 8.1766
"7" 17.5185 26.303 8.2257
"8" 17.5601 25.4545 8.3029
"9" 17.5291 24.6049 8.3748
"10" 17.5039 23.7575 8.4386
"11" 17.5581 22.918 8.5458
"12" 17.512 22.088 8.7212
"13" 17.6304378509521 21.3075942993164 9.04765129089355
"14" 15.0359334945679 15.9324941635132 9.56113433837891
"15" 13.9674854278565 19.9755191802979 8.59535884857178
"16" 15.4894523620606 31.4652519226074 12.1138963699341
"17" 1.75204849243164 24.9017467498779 8.99113845825195
"18" 1.717 26.0618 8.2533
"19" 2.1429 27.3485 7.9199
"20" 2.3447 28.684 8.1521
"21" 2.4677 29.8681 8.896
"22" 2.4519 30.6924 9.9307
"23" 2.3852 31.0739 11.2837
"24" 2.1554 31.1863 12.6665
"25" 1.7661 30.8935 13.9524
"26" 1.3647 29.9478 14.846
"27" 1.2285 28.6767 15.4118
"28" 1.2788 27.3375 15.8404
"29" 1.302 25.9624 15.8641
"30" 1.2284 25.0274 15.0232
"31" 1.2735 24.2401 13.8646
"32" 1.4997 24.0168 12.5167
"33" 1.80200004577637 24.2143707275391 11.1639204025269
"34" 1.80200004577637 24.2143707275391 11.1639204025269
"35" 1.75204849243164 24.9017467498779 8.99113845825195
"36" 5.49204254150391 41.7192611694336 8.63286399841309
"37" 5.2632 42.3581 9.5906
"38" 5.0296 42.1232 10.7246
"39" 4.6772 41.5648 11.7303
"40" 4.1206 40.7183 12.3446
"41" 3.5991 39.6468 12.4411
"42" 3.138 38.5348 12.3543
"43" 2.7049 37.4254 12.1868
"44" 2.4375 36.3122 11.8247
"45" 2.3292 35.235 11.291
"46" 2.348 34.2593 10.5831
"47" 2.385 33.3187 9.8291
"48" 2.4216 32.3926 9.057
"49" 2.3091 31.4452 8.3217
"50" 2.1738 30.397 7.7448
"51" 2.0944 29.3343 7.1917
"52" 2.16434478759766 28.2541885375977 6.67503309249878
"53" 16.6035346984863 14.5056667327881 18.2690811157227
"54" 17.1430034637451 57.264892578125 17.7679214477539
"55" 15.9863 56.9375 17.7696
"56" 14.8031 56.8201 17.6079
"57" 13.8503 56.5091 16.9879
"58" 13.4267 56.0531 15.9605
"59" 13.1868 56.2388 14.8488
"60" 13.1192 56.2161 13.6511
"61" 13.4925 56.7302 12.7399
"62" 14.1949 57.3427 11.9954
"63" 15.1655 57.4509 11.3066
"64" 16.2527 57.6248 10.8431
"65" 17.397554397583 57.3447952270508 10.6758899688721
"66" 11.4962463378906 22.1786613464356 9.11066341400146
"67" 11.3585014343262 48.3623237609863 19.5823097229004
"68" 10.0023441314697 46.1002502441406 19.9304084777832
"69" 11.1622972488403 41.0126838684082 20.5513954162598
"70" 17.7205238342285 13.5780305862427 19.2691192626953
"71" 17.0265 14.0479 18.6498
"72" 16.4815 14.6952 18.0428
"73" 15.8838 15.2946 17.4374
"74" 15.326 15.994 16.8996
"75" 14.7817 16.3753 16.0997
"76" 14.3565 16.6583 15.1954
"77" 14.4151 16.9917 14.2172
"78" 14.9263 16.9848 13.4562
"79" 15.7666 16.7078 12.9113
"80" 16.5957 16.2315 12.5035
"81" 17.5511264801025 15.88791847229 12.261064529419
"82" 2.46529579162598 37.7079391479492 13.8043622970581
"83" 5.49204254150391 41.7192611694336 8.63286399841309
"84" 5.7782 42.1404 7.4341
"85" 6.2395 42.9237 6.4211
"86" 6.9283 43.8113 5.6472
"87" 7.5926 44.8397 5.3942
"88" 8.2691 46.0049 5.2264
"89" 8.9011 47.1868 5.1493
"90" 9.5439 48.3893 5.286
"91" 10.3236 49.4967 5.2838
"92" 11.1031 50.6222 5.3768
"93" 11.9491 51.6099 5.3399
"94" 12.6785 52.5368 5.4875
"95" 13.6067 53.4422 5.5712
"96" 14.6588 54.2683 5.7
"97" 15.8924 54.8219 5.869
"98" 17.0768127441406 55.3150939941406 5.85253143310547
"99" 7.57418203353882 27.6537895202637 5.8748950958252
"100" 6.6454 27.9316 6.3229
"101" 5.6214 27.8026 6.6047
"102" 4.5627 27.9169 6.3855
"103" 3.5394 28.0708 6.0499
"104" 2.5617 27.7129 5.7512
"105" 2.3495 27.0046 5.0256
"106" 2.7497 26.0995 4.7165
"107" 3.6958 25.7165 4.8378
"108" 4.6923 25.6449 5.2601
"109" 5.6998 25.5035 5.2856
"110" 6.7536 25.3976 5.0286
"111" 7.6786 25.8677 4.8797
"112" 7.9645 26.782 5.3479
"113" 5.49204254150391 41.7192611694336 8.63286399841309
"114" 12.1401233673096 53.0479469299316 16.4014892578125
"115" 6.15239715576172 45.4923782348633 12.0089607238769
"116" 14.0239934921265 42.0823783874512 6.71657752990723
"117" 6.51500177383423 14.4114246368408 16.8861694335938
"118" 12.2117233276367 52.4691162109375 17.4134464263916
"119" 12.1559 51.2739 18.3766
"120" 11.8849 49.879 19.0251
"121" 11.362 48.5549 19.6019
"122" 10.4822 47.3066 19.9276
"123" 9.5685 46.0643 19.7922
"124" 8.6467 44.941 19.2909
"125" 7.6924 43.9687 18.5507
"126" 6.6775 43.4715 17.5022
"127" 5.7902 43.4339 16.2366
"128" 5.3558 43.6738 14.7881
"129" 5.381 44.2176 13.3334
"130" 5.8498 45.1704 12.2115
"131" 6.4123 46.094 11.0905
"132" 7.0681 47.1367 10.1811
"133" 7.8757 48.4074 9.7663
"134" 8.7338 49.6847 9.547
"135" 9.6346 50.9378 9.7184
"136" 10.5052 52.0529 10.343
"137" 11.1852 52.8347 11.4901
"138" 11.6333 53.2613 12.916
"139" 11.8378 53.3429 14.4578
"140" 12.0295 52.9919 15.9528
"141" 16.1703338623047 20.0885791778564 25.7762451171875
"142" 13.4853439331055 25.4852085113525 18.0648670196533
"143" 15.7541189193726 44.7702178955078 11.3319988250732
"144" 16.0445137023926 36.0816612243652 8.15599632263184
"145" 15.0731506347656 39.196159362793 12.3354024887085
"146" 9.7711353302002 46.1174545288086 19.9358520507812
"147" 5.22409057617188 43.8865051269531 14.1308670043945
"148" 10.1463947296143 28.6247787475586 12.3250799179077
"149" 11.4955329895019 23.7083473205566 16.6859340667725
"150" 10.6956 25.3686 16.508
"151" 9.8496 26.7694 16.4634
"152" 9.6908 28.4335 16.6345
"153" 8.6839 30.0266 16.6791
"154" 7.7121 31.5948 16.5911
"155" 7.2483 32.1264 15.1174
"156" 8.0319 30.6678 14.314
"157" 8.8728 29.1813 13.5296
"158" 10.1463947296143 28.6247787475586 12.3250799179077
"159" 2.16434478759766 28.2541885375977 6.67503309249878
"160" 11.4955329895019 23.7083473205566 16.6859340667725
"161" 1.61247396469116 27.3466644287109 17.292350769043
"162" 14.6234817504883 18.3077774047852 17.3729209899902
"163" 12.1798248291016 23.699405670166 16.8628749847412
"164" 4.97112941741943 14.1071624755859 17.7929840087891
"165" 16.1703338623047 20.0885791778564 25.7762451171875
"166" 16.3255 22.3298 24.9004
"167" 16.1268 24.6776 24.3451
"168" 15.5628 27.0037 23.9815
"169" 14.576 29.1866 23.7847
"170" 13.5368 31.3401 23.4091
"171" 12.8208 33.6009 22.9285
"172" 11.9588 35.7469 22.2262
"173" 10.4962 37.4822 21.3945
"174" 8.6284 38.5691 20.3364
"175" 6.6804 39.0422 18.9996
"176" 5.0522 38.879 17.2354
"177" 3.638 37.992 15.5384
"178" 2.4065 36.2805 14.4401
"179" 1.73 34.0052 14.4486
"180" 1.6019 31.7249 15.2415
"181" 1.5224 29.4979 16.184
"182" 1.61247396469116 27.3466644287109 17.292350769043
"183" 10.4623146057129 37.9520111083984 7.90290641784668
"184" 11.23 38.7249 7.443
"185" 11.8896 39.6606 7.2019
"186" 12.5796 40.5408 6.8142
"187" 13.3728 41.4024 6.6561
"188" 14.2068 42.2083 6.7193
"189" 14.8777 43.1304 6.7252
"190" 15.4864 43.9899 6.3893
"191" 16.2085 44.8991 6.2028
"192" 17.1597404479981 45.5693969726562 5.98181343078613
"193" 10.4623146057129 37.9520111083984 7.90290641784668
"194" 17.1430034637451 57.264892578125 17.7679214477539
"195" 17.1597404479981 45.5693969726562 5.98181343078613
"196" 17.6304378509521 21.3075942993164 9.04765129089355
"197" 17.2889194488525 37.3002586364746 11.6690578460693
"198" 17.469596862793 31.4154548645019 8.23176670074463
"199" 15.4894523620606 31.4652519226074 12.1138963699341
"200" 15.9415 30.3806 11.7944
"201" 16.6121 30.4931 11.5965
"202" 17.7119 30.8515 11.6101
"203" 18.4131 30.1127 11.5296
"204" 19.0301 30.5523 12.1309
"205" 19.3275566101074 31.5432815551758 12.2138948440552
"206" 17.7205238342285 13.5780305862427 19.2691192626953
"207" 16.9630432128906 52.9484939575195 19.0410537719727
"208" 17.1430034637451 57.264892578125 17.7679214477539
"209" 17.3745 55.2447 18.5201
"210" 17.4512 53.1058 18.9566
"211" 17.4588 50.9758 19.4178
"212" 17.3087 48.8513 19.8989
"213" 17.2046 46.7658 20.5433
"214" 17.1257 44.6685 21.1537
"215" 17.2881 42.5591 21.6502
"216" 17.1573 40.3974 21.9379
"217" 17.2782 38.2346 22.1949
"218" 17.166 36.1216 22.6982
"219" 16.9568 34.0294 23.2508
"220" 16.7427 31.878 23.5422
"221" 16.6719 29.7177 23.8617
"222" 16.7365 27.5412 24.0451
"223" 16.8696 25.4065 24.4455
"224" 16.8567 23.3 25.0279
"225" 16.7026 21.2112 25.646
"226" 16.575626373291 19.1257572174072 26.2893791198731
"227" 17.3081684112549 13.7971515655518 11.1797542572022
"228" 17.1889190673828 40.7168388366699 21.8864898681641
"229" 16.575626373291 19.1257572174072 26.2893791198731
"230" 17.397554397583 57.3447952270508 10.6758899688721
"231" 17.0768127441406 55.3150939941406 5.85253143310547
"232" 16.5696086883545 0.888332366943359 24.5133018493652
"233" 17.5511264801025 15.88791847229 12.261064529419
"234" 20.1948547363281 15.6381168365478 9.31865692138672
"235" 21.4276885986328 20.0436325073242 8.80062675476074
"236" 19.3275566101074 31.5432815551758 12.2138948440552
"237" 33.4323806762695 25.5231094360352 9.27601528167725
"238" 33.2387 26.8705 8.6495
"239" 32.9187 28.3518 8.7365
"240" 32.7425 29.7266 9.3321
"241" 32.6222 30.762 10.438
"242" 32.6421 31.2777 11.8777
"243" 32.7542 31.4229 13.3799
"244" 33.1388 31.2089 14.8383
"245" 33.5082 30.1226 15.824
"246" 33.5206 28.7419 16.4594
"247" 33.4328 27.2482 16.7001
"248" 33.4747 25.8229 16.397
"249" 33.6195 24.7764 15.2977
"250" 33.5339 24.3615 13.881
"251" 33.3531799316406 24.3615398406982 12.3637523651123
"252" 33.3531799316406 24.3615398406982 12.3637523651123
"253" 33.4323806762695 25.5231094360352 9.27601528167725
"254" 29.4757919311523 41.7306594848633 8.56614875793457
"255" 29.4814 42.4349 11.2306
"256" 30.3919 40.7042 13.1919
"257" 31.4938 38.0413 12.8654
"258" 32.2749 35.4751 11.8085
"259" 32.4999 33.2246 9.9793
"260" 32.9541 30.8324 8.4372
"261" 33.0783538818359 28.2043838500977 7.20683765411377
"262" 18.7147693634033 15.2451915740967 18.2097625732422
"263" 17.1430034637451 57.264892578125 17.7679214477539
"264" 18.3094 56.9135 17.6669
"265" 19.482 56.826 17.3746
"266" 20.311 56.346 16.706
"267" 20.4043 56.4485 15.7391
"268" 20.273 56.9869 14.8025
"269" 20.8447 56.3949 13.9569
"270" 20.9889 56.1255 12.8547
"271" 20.56 56.7414 11.8991
"272" 19.6743 57.1829 11.2201
"273" 18.6165 57.332 10.6222
"274" 17.397554397583 57.3447952270508 10.6758899688721
"275" 23.767204284668 22.6487922668457 9.82693576812744
"276" 22.6619644165039 48.9352073669434 19.7921638488769
"277" 24.2960834503174 46.5292282104492 20.0849838256836
"278" 22.5483989715576 41.0314979553223 20.9164695739746
"279" 17.7205238342285 13.5780305862427 19.2691192626953
"280" 18.201 14.3637 18.8889
"281" 18.542 15.1075 18.3252
"282" 19.0561 15.4769 17.5668
"283" 19.5262 16.1006 16.9563
"284" 20.1366 16.4608 16.2656
"285" 20.3966 16.7933 15.3786
"286" 20.2309 17.1392 14.4967
"287" 19.7779 16.9807 13.6414
"288" 19.213 16.4515 13.0259
"289" 18.4731 15.9743 12.59
"290" 17.5511264801025 15.88791847229 12.261064529419
"291" 31.9443435668945 37.2301940917969 15.141227722168
"292" 29.4757919311523 41.7306594848633 8.56614875793457
"293" 29.0253 42.2567 7.2033
"294" 28.1636 43.3284 6.4387
"295" 27.3571 44.6362 6.0325
"296" 26.5353 45.969 5.7679
"297" 25.7485 47.3342 5.7678
"298" 24.8807 48.6576 5.6674
"299" 23.9953 49.9657 5.6192
"300" 23.0595 51.1087 5.8797
"301" 22.1343 52.2102 6.0896
"302" 21.1242 53.2383 5.7109
"303" 19.8424 54.0572 5.3189
"304" 18.4821 54.7458 5.3773
"305" 17.0768127441406 55.3150939941406 5.85253143310547
"306" 27.8153705596924 27.8378295898438 6.31929922103882
"307" 28.8179 28.0711 6.7978
"308" 29.9385 28.0531 7.002
"309" 31.0498 28.2589 6.8042
"310" 32.1444 28.2327 6.5574
"311" 32.9581 27.6744 6.0623
"312" 32.9361 26.7625 5.4812
"313" 32.1955 25.9999 5.3291
"314" 31.0799 26.0018 5.5437
"315" 30.0131 25.8995 5.7795
"316" 28.9057 25.7761 5.5131
"317" 27.8116 26.0291 5.4834
"318" 27.3905 26.9397 5.7863
"319" 29.4757919311523 41.7306594848633 8.56614875793457
"320" 22.1147499084473 53.6829223632812 16.5068702697754
"321" 28.6295318603516 45.019100189209 12.6713256835938
"322" 20.7304439544678 42.3682670593262 6.67136192321777
"323" 28.2927742004394 14.6117420196533 17.4651203155518
"324" 21.9663028717041 52.9569816589355 17.4163379669189
"325" 21.9815 51.5967 18.3649
"326" 22.2744 50.1673 19.1562
"327" 22.8251 48.751 19.7857
"328" 23.6322 47.3322 20.0878
"329" 24.7146 46.0834 20.0283
"330" 25.7178 44.8209 19.633
"331" 26.7925 43.8421 18.8584
"332" 27.9612 43.4538 17.7863
"333" 28.7858 43.5256 16.3895
"334" 29.0126 43.8637 14.788
"335" 28.9009 44.5625 13.2994
"336" 28.47 45.511 12.0094
"337" 27.812 46.5845 10.9468
"338" 26.9536 47.847 10.34
"339" 26.012 49.1741 10.0027
"340" 25.0516 50.5169 9.8889
"341" 24.1001 51.8002 10.2658
"342" 23.2594 52.896 11.175
"343" 22.7015 53.38 12.6516
"344" 22.3719 53.6818 14.2434
"345" 22.1738 53.4614 15.846
"346" 17.1001396179199 20.4490737915039 25.7280731201172
"347" 22.3017349243164 26.1544876098633 17.998104095459
"348" 18.406759262085 45.1821174621582 11.1506042480469
"349" 18.4461517333984 35.9580917358398 8.41080474853516
"350" 19.7087001800537 39.189266204834 12.6205558776856
"351" 24.2757797241211 46.5236396789551 20.0593700408936
"352" 29.0282325744629 44.1022529602051 14.1521034240723
"353" 25.1180000305176 28.5735492706299 12.4007368087769
"354" 23.2172527313232 23.4801120758057 17.211633682251
"355" 23.7884 25.1922 17.3744
"356" 24.8958 26.6681 17.2335
"357" 24.8909 28.3556 17.0258
"358" 25.943 29.9213 17.0351
"359" 26.8751 31.523 17.0238
"360" 27.3302 32.3442 15.6455
"361" 26.8096 30.8701 14.6558
"362" 26.0996 29.3607 13.7611
"363" 25.1180000305176 28.5735492706299 12.4007368087769
"364" 33.0783538818359 28.2043838500977 7.20683765411377
"365" 23.2172527313232 23.4801120758057 17.211633682251
"366" 32.9894828796387 28.0572395324707 17.687313079834
"367" 20.1155376434326 18.0296325683594 17.8401165008545
"368" 22.4810237884521 23.486946105957 17.4340190887451
"369" 30.0991325378418 14.6786193847656 18.5832786560059
"370" 17.1001396179199 20.4490737915039 25.7280731201172
"371" 17.5318 22.6766 25.088
"372" 17.8585 24.928 24.4671
"373" 18.3359 27.1843 23.9726
"374" 19.1434 29.3824 23.7321
"375" 20.2034 31.4393 23.3279
"376" 20.9879 33.6096 22.8492
"377" 21.9509 35.6625 22.397
"378" 23.6835 37.1389 21.8529
"379" 25.3417 38.4325 20.8852
"380" 27.2184 39.1794 19.6666
"381" 29.0353 38.971 18.2355
"382" 30.5899 38.1573 16.6885
"383" 31.8668 36.5949 15.5142
"384" 32.8393 34.5739 15.157
"385" 33.0495 32.3169 15.8017
"386" 33.2607 30.1468 16.6934
"387" 32.9894828796387 28.0572395324707 17.687313079834
"388" 24.3807716369629 37.7728233337402 8.59010982513428
"389" 23.6488 38.623 8.0326
"390" 22.9472 39.5256 7.5184
"391" 22.1069 40.3666 7.1534
"392" 21.2711 41.2444 6.8664
"393" 20.5755 42.2639 6.671
"394" 19.8992 43.3007 6.5488
"395" 19.0585 44.2015 6.3444
"396" 18.271 45.1606 6.2193
"397" 17.1597404479981 45.5693969726562 5.98181343078613
"398" 24.3807716369629 37.7728233337402 8.59010982513428
"399" 7.70908737182617 27.3454608917236 5.40783166885376
"400" 7.65346765518188 26.7835426330566 5.16812467575073
"401" 7.25039529800415 27.6114139556885 5.59886693954468
"402" 7.19187498092651 27.0781440734863 5.46048021316528
"403" 7.24093341827393 26.619649887085 5.25311994552612
"404" 7.15876817703247 26.060115814209 5.04576015472412
"405" 6.6774525642395 27.7499446868896 5.76979064941406
"406" 6.72622632980347 27.1788482666016 5.74993467330933
"407" 6.7889986038208 26.6808319091797 5.51273345947266
"408" 6.75730752944946 26.2735652923584 5.30910396575928
"409" 6.63679647445679 25.8243656158447 5.04576015472412
"410" 6.10969018936157 27.7121410369873 5.84199523925781
"411" 6.1781268119812 27.0985431671143 5.73695993423462
"412" 6.23934268951416 26.5966262817383 5.59872007369995
"413" 6.22020721435547 26.0562000274658 5.28679275512695
"414" 5.71491384506226 27.7525672912598 6.22715663909912
"415" 5.66872930526733 27.4327850341797 5.74244832992554
"416" 5.70375299453735 26.8092784881592 5.70240020751953
"417" 5.6910080909729 26.1160049438477 5.37968111038208
"418" 5.27402210235596 27.4291877746582 5.98797225952148
"419" 5.22728586196899 26.834789276123 5.79646301269531
"420" 5.21117162704468 26.2658042907715 5.49465131759644
"421" 4.87328338623047 27.5159969329834 6.05609083175659
"422" 4.85311841964722 26.804235458374 5.67575931549072
"423" 4.70292568206787 26.2983074188232 5.32286167144775
"424" 4.44814109802246 27.4227199554443 5.78279399871826
"425" 4.40420007705688 26.8798313140869 5.44099235534668
"426" 4.32477283477783 26.4451942443848 5.16122102737427
"427" 4.08599519729614 27.803991317749 5.81572341918945
"428" 4.20485734939575 27.3280715942383 5.20272016525269
"429" 3.92336630821228 26.8365135192871 5.08031988143921
"430" 3.72971940040588 26.2469100952148 4.87296009063721
"431" 3.59872102737427 27.7351608276367 5.59149837493896
"432" 3.4808554649353 27.2964954376221 5.28209447860718
"433" 3.435222864151 26.8111763000488 5.01000165939331
"434" 3.35627150535583 26.4661254882812 4.21179914474487
"435" 3.05099630355835 27.5908241271973 5.46048021316528
"436" 2.89864325523376 27.0006790161133 5.05137825012207
"437" 2.660649061203 27.3633975982666 5.25311994552612
"438" 27.8603057861328 27.7443065643311 5.94432020187378
"439" 27.8201007843018 27.3291625976562 5.80607986450195
"440" 27.8986110687256 26.7917671203613 5.65510988235474
"441" 28.2689075469971 27.729944229126 5.97879505157471
"442" 28.2336158752441 27.2736206054688 5.90975999832153
"443" 28.2230186462402 26.7500190734863 5.75442028045654
"444" 28.2528324127197 26.4515399932861 5.55421161651611
"445" 28.6310272216797 27.9839782714844 6.14781475067139
"446" 28.6559772491455 27.3688926696777 6.0479998588562
"447" 28.6970100402832 27.1146011352539 5.52975463867188
"448" 28.6914234161377 26.955057144165 4.95559930801392
"449" 28.6652946472168 26.1652183532715 5.49493265151978
"450" 29.107837677002 27.8803310394287 6.18583297729492
"451" 29.0945262908936 27.2198543548584 6.08256006240845
"452" 29.031400680542 27.0335006713867 5.05055999755859
"453" 28.9958000183105 26.9221992492676 4.97664022445679
"454" 29.5352821350098 27.8129959106445 6.4761757850647
"455" 29.4839458465576 27.3748188018799 6.25536060333252
"456" 29.5280914306641 27.0253276824951 6.1117377281189
"457" 30.0716094970703 27.2054100036621 4.98064613342285
"458" 29.951135635376 27.8327445983887 6.7165961265564
"459" 29.9479007720947 27.4386768341064 6.42183780670166
"460" 29.9353904724121 26.9939136505127 6.18441200256348
"461" 29.8719158172607 26.5400638580322 5.91798305511475
"462" 30.3509216308594 27.8050174713135 6.63551998138428
"463" 30.3452186584473 27.5708770751953 5.87374925613403
"464" 30.2412071228027 27.2482318878174 5.3561863899231
"465" 30.2681140899658 26.3502960205078 5.87384653091431
"466" 30.7907543182373 27.9122447967529 6.49663543701172
"467" 30.664478302002 27.4714889526367 6.24146318435669
"468" 30.6577587127686 26.9594459533691 6.01344013214111
"469" 30.7909870147705 26.5729560852051 5.77235507965088
"470" 31.0513401031494 27.8283195495605 6.29742527008057
"471" 31.0743370056152 27.2825183868408 6.08256006240845
"472" 31.1625156402588 26.6569080352783 5.65504693984985
"473" 31.5503826141357 28.0095767974854 6.21478462219238
"474" 31.4723205566406 27.4314880371094 5.94751262664795
"475" 31.5389175415039 26.7907867431641 5.58525800704956
"476" 31.9830989837646 27.8809604644775 6.03904390335083
"477" 31.9125957489014 27.2209377288818 5.73926448822021
"478" 31.8824462890625 26.5227108001709 5.39135980606079
"479" 32.3965339660645 27.6534481048584 5.9163498878479
"480" 32.3305702209473 27.1733741760254 5.64246988296509
"481" 32.2815971374512 26.5242519378662 5.3568000793457
"482" 32.7507820129395 27.3842754364014 5.6905403137207
"483" 32.6125297546387 26.8781261444092 5.42592000961304
"484" 6.44442653656006 41.5536727905273 9.1215648651123
"485" 6.80841302871704 41.6198921203613 9.30015087127686
"486" 7.16518354415894 41.6700286865234 9.50222682952881
"487" 8.07911968231201 40.6869430541992 9.37987899780273
"488" 8.7392520904541 39.7991638183594 9.05977916717529
"489" 9.40438938140869 38.906307220459 8.64989757537842
"490" 6.52452898025513 42.3928642272949 8.36717128753662
"491" 7.02310705184937 42.598518371582 8.97474098205566
"492" 7.65435934066772 42.3129196166992 9.22751998901367
"493" 8.39807987213135 41.2364845275879 8.71374416351318
"494" 9.26208019256592 40.0410079956055 8.08196830749512
"495" 10.0569000244141 38.983699798584 7.74143981933594
"496" 6.63555431365967 42.9424018859863 7.66550636291504
"497" 7.21191310882568 43.201057434082 8.61349582672119
"498" 7.62870407104492 43.1583557128906 8.97547912597656
"499" 8.44265651702881 42.2258262634277 8.4917459487915
"500" 8.94168281555176 41.0957260131836 7.61255693435669
"501" 10.8819255828857 40.1501884460449 7.36574935913086
"502" 6.98958778381348 43.665340423584 6.96182584762573
"503" 7.56864023208618 44.0889015197754 8.01763343811035
"504" 7.3612699508667 43.7183990478516 8.01791954040527
"505" 9.1446590423584 42.5993499755859 7.7551736831665
"506" 9.94863128662109 41.9149894714355 6.87743997573853
"507" 11.4738998413086 40.665599822998 7.15392017364502
"508" 7.54683685302734 44.5460052490234 6.54073429107666
"509" 7.95867872238159 44.8209609985352 7.70531034469604
"510" 7.7098536491394 44.4845848083496 7.29654884338379
"511" 9.88694190979004 42.990406036377 7.1496639251709
"512" 10.3318996429443 42.3381004333496 6.70448017120361
"513" 11.8886003494263 41.1609992980957 7.01567983627319
"514" 7.9804801940918 45.3053016662598 6.26688003540039
"515" 8.22591686248779 45.4495849609375 7.28867483139038
"516" 7.98335981369019 45.2389984130859 6.75648021697998
"517" 10.4102773666382 43.7158012390137 6.9046573638916
"518" 11.0246000289917 43.3727989196777 6.46271991729736
"519" 8.53631973266602 46.3103981018066 5.70240020751953
"520" 8.60544013977051 46.3103981018066 6.67008018493652
"521" 10.6789999008179 45.0755004882812 7.16544008255005
"522" 10.9927358627319 44.3363952636719 6.56672763824463
"523" 11.5085000991821 44.1677017211914 6.39359998703003
"524" 8.91648006439209 46.9669990539551 5.7116961479187
"525" 8.91648006439209 46.9324989318848 6.46271991729736
"526" 9.02015972137451 47.1053009033203 6.4281702041626
"527" 11.3326816558838 45.183780670166 6.61784934997559
"528" 13.4071521759033 43.8545532226562 6.94655990600586
"529" 9.43488025665283 47.8310012817383 5.70240020751953
"530" 11.5468997955322 46.763500213623 7.15392017364502
"531" 11.5459003448486 46.5551986694336 7.05024003982544
"532" 11.9526500701904 45.4995765686035 6.22374105453491
"533" 13.4455804824829 43.5818824768066 6.80832004547119
"534" 9.82551956176758 48.535717010498 5.53640127182007
"535" 12.0614004135132 47.1053009033203 6.94655990600586
"536" 12.0399627685547 46.9330062866211 6.8928918838501
"537" 12.7525997161865 45.8265991210938 5.9097900390625
"538" 10.2298002243042 49.0751991271973 5.32223987579346
"539" 12.4069995880127 47.5200004577637 6.87743997573853
"540" 12.6809053421021 47.0050315856934 6.3169322013855
"541" 14.8608074188232 45.0954742431641 6.28991794586182
"542" 10.8517999649048 49.904598236084 5.39135980606079
"543" 13.06369972229 48.1766014099121 6.70463991165161
"544" 13.2402095794678 47.564094543457 6.20285940170288
"545" 14.9645004272461 45.6192016601562 6.39359998703003
"546" 11.5780963897705 50.9339179992676 5.54350996017456
"547" 13.4437999725342 48.4877014160156 6.63551998138428
"548" 13.9092998504639 47.4501991271973 5.81304979324341
"549" 11.8387002944946 51.1624984741211 5.34165000915527
"550" 14.107307434082 49.0089797973633 6.56473731994629
"551" 14.3763122558594 48.5103073120117 5.97238063812256
"552" 12.6215534210205 52.2222366333008 5.46765518188477
"553" 14.5671997070312 49.4914016723633 6.67010021209717
"554" 14.9279108047485 48.9521942138672 6.08159589767456
"555" 13.8493003845215 51.9706001281738 6.63082981109619
"556" 15.2063999176025 50.1119003295898 6.77375984191895
"557" 15.7938995361328 49.3628883361816 6.96656847000122
"558" 14.8950004577637 52.5842018127441 6.31875991821289
"559" 14.8954000473022 52.5312004089355 6.35903978347778
"560" 15.8930778503418 50.4697265625 6.63577604293823
"561" 16.796199798584 48.3148994445801 6.11711978912354
"562" 14.6918697357178 54.1527442932129 5.69709777832031
"563" 14.9370002746582 52.5834999084473 6.36287021636963
"564" 16.8981399536133 51.3387222290039 7.4463586807251
"565" 17.0162792205811 50.9292488098145 7.49951982498169
"566" 18.0534992218018 52.9189987182617 7.27264976501465
"567" 18.0403003692627 52.8768005371094 7.29216003417969
"568" 28.4688682556152 41.9172706604004 9.26525402069092
"569" 27.8310394287109 41.9300384521484 9.83677291870117
"570" 27.7425003051758 41.8174018859863 9.89358997344971
"571" 25.8162994384766 40.0858993530273 9.3953800201416
"572" 25.2528057098389 39.1173629760742 9.00069904327393
"573" 28.5556468963623 42.3996696472168 8.2993106842041
"574" 28.0377922058105 42.6397590637207 8.94280910491943
"575" 27.6814117431641 42.6516189575195 9.41635227203369
"576" 26.7844924926758 42.177059173584 9.2583589553833
"577" 25.5781879425049 40.5525779724121 8.33037185668945
"578" 24.6447601318359 39.7315711975098 8.09095096588135
"579" 28.1489238739014 43.1494026184082 7.69743156433105
"580" 27.6321468353271 43.4333915710449 8.45407485961914
"581" 27.7565784454346 43.3204803466797 8.28737640380859
"582" 25.9200000762939 41.9903984069824 8.46720027923584
"583" 25.1484718322754 41.2134895324707 7.53532934188843
"584" 23.7772998809814 40.2624015808105 7.63776016235352
"585" 27.7387008666992 43.7356986999512 7.03602981567383
"586" 27.1328220367432 44.3195343017578 7.91583108901978
"587" 27.2369976043701 44.2686958312988 7.58807468414307
"588" 24.8486003875732 42.6815986633301 7.32672023773193
"589" 24.399299621582 42.4397010803223 6.98112010955811
"590" 22.6368007659912 41.4102668762207 7.22304010391235
"591" 26.8876991271973 45.0057983398438 6.75216007232666
"592" 26.6802997589111 45.1814002990723 7.18272018432617
"593" 26.7466888427734 45.1406669616699 7.0373592376709
"594" 24.5030002593994 43.1654014587402 7.15392017364502
"595" 24.1197776794434 42.8479614257812 6.91512823104858
"596" 22.0573997497559 42.0768013000488 7.01567983627319
"597" 26.3087997436523 45.9906997680664 6.46271991729736
"598" 26.1457996368408 46.1227989196777 6.78002023696899
"599" 26.1449165344238 46.1280975341797 6.77708959579468
"600" 23.293399810791 44.5133018493652 6.63551998138428
"601" 22.9477996826172 44.4441986083984 6.49728012084961
"602" 25.7126007080078 47.0707015991211 6.0479998588562
"603" 25.4226474761963 47.501579284668 6.35901308059692
"604" 25.4228115081787 47.5013732910156 6.3588342666626
"605" 22.8166751861572 45.4960708618164 6.67007875442505
"606" 22.6134128570557 44.9015846252441 6.39202451705933
"607" 25.01243019104 48.1842880249023 6.06368398666382
"608" 25.0559997558594 48.092399597168 6.27049016952515
"609" 22.3489456176758 46.6892280578613 6.79691219329834
"610" 22.0238285064697 45.870044708252 6.28935527801514
"611" 20.2566986083984 44.7202224731445 6.5713324546814
"612" 24.3302001953125 49.1707000732422 5.78879976272583
"613" 21.8418998718262 47.9001998901367 7.05024003982544
"614" 21.864709854126 46.9786148071289 6.50314140319824
"615" 21.4437007904053 46.3875999450684 6.02374982833862
"616" 23.6669750213623 50.0177421569824 5.75997877120972
"617" 21.6060009002686 48.0945014953613 6.98106002807617
"618" 21.2052421569824 47.7400665283203 6.4590744972229
"619" 19.4108009338379 45.7722015380859 6.32051992416382
"620" 23.4661998748779 50.3686981201172 5.88113021850586
"621" 22.8449993133545 51.0797004699707 6.00826978683472
"622" 20.4941005706787 48.6095008850098 6.60095977783203
"623" 20.2175998687744 47.9070167541504 6.08256006240845
"624" 22.4985008239746 51.3958015441895 5.80736017227173
"625" 20.1944999694824 49.4768981933594 7.0503101348877
"626" 19.7727146148682 49.4912071228027 6.78308963775635
"627" 21.6264152526855 52.4709548950195 5.67049503326416
"628" 19.6348991394043 51.8908996582031 6.98975992202759
"629" 18.3859004974365 50.2049140930176 6.63551998138428
"630" 16.796199798584 48.3148994445801 6.11711978912354
"631" 19.6348991394043 51.8908996582031 6.98975992202759
"632" 19.5576992034912 51.8883018493652 6.99271011352539
"633" 18.2290821075439 50.7443542480469 6.75235271453857
"634" 17.5450611114502 50.8039512634277 7.33375263214111
"635" 19.783992767334 53.8597030639648 5.39787817001343
"636" 18.190299987793 52.8354988098145 7.25474977493286
"637" 18.0403003692627 52.8768005371094 7.29216003417969
"638" 16.8747024536133 51.6891479492188 7.81072330474854
