"V1" "V2" "V3"
"1" 18916.9765625 21313.8203125 6770.65234375
"2" 19100.5584 22161.5421 6878.6618
"3" 19096.123 23037.5684 6745.1807
"4" 19066.721 23914.4125 6622.8994
"5" 19046.3913 24793.362 6510.9422
"6" 19018.6682 25675.1248 6434.9651
"7" 19009.9476 26560.4403 6405.8178
"8" 19015.9257 27446.2301 6376.585
"9" 18983.3521 28331.3465 6351.4698
"10" 18999.2981 29216.9001 6378.0546
"11" 19007.6919 30101.4123 6430.2376
"12" 19004.5906 30983.1942 6496.9226
"13" 19079.546875 31862.55859375 6549.9453125
"14" 23961.7890625 35952.609375 7126.26171875
"15" 22219.357421875 32162.99609375 6965.4541015625
"16" 20583.900390625 23827.984375 8303.8974609375
"17" 35718.8046875 29548.541015625 5609.34375
"18" 35287.6711 28321.2751 5028.1568
"19" 35219.3729 26906.5657 4988.3018
"20" 35190.8422 25520.8527 5317.555
"21" 35150.0078 24280.5844 5940.8484
"22" 35167.8202 23378.5515 7032.8046
"23" 35303.165 23110.1223 8412.4054
"24" 35514.1146 23430.6163 9776.2833
"25" 36041.3046 24304.6954 10764.424
"26" 36452.8786 25489.6289 11420.0446
"27" 36668.1011 26874.3896 11698.6044
"28" 36698.5747 28261.7322 11598.5668
"29" 36571.5284 29566.3081 11065.443
"30" 36405.5586 30097.0842 9864.4767
"31" 36066.9313 29853.7254 8504.0474
"32" 35793.2444 29688.1895 7126.5606
"33" 35751.16015625 29636.728515625 5700.39404296875
"34" 35751.16015625 29636.728515625 5700.39404296875
"35" 35718.8046875 29548.541015625 5609.34375
"36" 31282.017578125 14031.2919921875 6785.14111328125
"37" 30845.6352 13740.867 7492.1895
"38" 31104.0401 14152.1846 8050.637
"39" 31538.7256 14867.6281 8222.5491
"40" 31987.1639 15479.8593 8614.6816
"41" 32486.6544 16162.8408 8759.4115
"42" 33053.6321 16824.8405 8703.9859
"43" 33537.8984 17538.6893 8612.6799
"44" 33912.6257 18326.942 8507.3223
"45" 34237.6371 19080.1072 8214.6597
"46" 34562.956 19382.4435 7529.6284
"47" 34537.925 19849.5636 6814.7485
"48" 34513.4353 20410.7402 6140.3221
"49" 34479.6552 20895.936 5408.2935
"50" 34422.5462 21461.1695 4737.1885
"51" 34278.9557 22100.2843 4160.2188
"52" 34054.6953125 22791.90234375 3664.1689453125
"53" 20341.2890625 37800.3046875 13919.46484375
"54" 18174.236328125 3182.73828125 11939.587890625
"55" 19179.5275 3274.1579 11856.5118
"56" 20140.1925 3209.3517 11506.2047
"57" 20720.7271 3757.7052 10959.8928
"58" 21106.0421 4077.0363 10129.5715
"59" 21320.2108 3602.701 9290.2151
"60" 21274.6421 3187.639 8369.0098
"61" 21157.2847 2862.9411 7417.1993
"62" 20635.2574 2705.4783 6563.3965
"63" 20064.689 2831.1631 5752.5938
"64" 19064.1125 2715.6551 5651.8295
"65" 18155.900390625 2974.3759765625 5878.50390625
"66" 25042.974609375 29535.52734375 7308.427734375
"67" 21823.9765625 8851.9130859375 15682.736328125
"68" 24512.484375 12052.203125 16125.9453125
"69" 23044.208984375 16827.8125 16747.8125
"70" 19712.583984375 37427.5625 14228.47265625
"71" 20179.2877 37881.9564 13946.3718
"72" 20584.9005 37934.1716 13352.2078
"73" 21071.3588 37951.675 12813.0503
"74" 21453.4937 37982.0153 12208.8073
"75" 21836.6283 37813.1794 11618.2349
"76" 22081.5632 37757.1594 10964.7749
"77" 21777.3565 37744.4716 10365.3213
"78" 21207.6336 38088.3142 10084.2486
"79" 20724.5638 38537.9784 9771.6198
"80" 20126.7991 38870.5512 9602.6468
"81" 19416.291015625 38734.171875 9516.00390625
"82" 32557.859375 16890.40234375 12413.90234375
"83" 31282.017578125 14031.2919921875 6785.14111328125
"84" 31042.2539 13163.5681 5945.1855
"85" 30545.5737 12442.9261 5085.4477
"86" 29783.6081 11796.2841 4405.527
"87" 28923.3528 11087.3212 3887.1266
"88" 28103.0947 10253.7091 3515.7968
"89" 27188.1109 9470.3363 3268.53
"90" 26234.7473 8704.2164 3130.679
"91" 25263.6695 7952.5901 3146.67
"92" 24319.6598 7167.1347 3226.9262
"93" 23312.0273 6483.5597 3402.1384
"94" 22266.6402 5839.5599 3477.7823
"95" 21236.9154 5179.0925 3605.817
"96" 20154.1915 4622.7155 3759.1846
"97" 19140.462 4146.2344 4254.1759
"98" 18025.005859375 3936.8125 4728.26953125
"99" 29006.306640625 26445.3515625 3713.265625
"100" 29817.6899 26497.3211 4056.8749
"101" 30605.3953 26605.6703 4412.6749
"102" 31432.9685 26499.9434 4280.2465
"103" 32159.361 26397.7062 3794.6828
"104" 32682.8145 26532.0509 3113.4332
"105" 32931.598 26928.0643 2423.9471
"106" 32739.2022 27683.5708 2091.2674
"107" 32310.4796 28343.9177 2378.7887
"108" 31655.337 28670.172 2818.8011
"109" 30811.1121 28659.9035 2962.6633
"110" 30032.447 28333.0828 2720.9148
"111" 29397.6138 27717.3725 2632.4715
"112" 28994.3526 27033.4113 3038.8128
"113" 31282.017578125 14031.2919921875 6785.14111328125
"114" 22240.73046875 4967.470703125 10974.484375
"115" 27848.12109375 10682.80078125 8653.69921875
"116" 21904.203125 8876.1181640625 5508.8935546875
"117" 31582.70703125 45307.71484375 11924.0625
"118" 22921.7421875 9661.0751953125 16091.52734375
"119" 23675.1609 10787.0495 16230.4677
"120" 24616.4305 11831.4801 16075.0284
"121" 25666.6087 12680.8449 15753.9192
"122" 26808.0836 12629.9372 15063.6276
"123" 27756.6126 12529.8266 14039.636
"124" 28555.4445 12144.9062 12962.2152
"125" 28884.4144 11769.858 11672.0038
"126" 28515.5961 12063.7202 10358.4297
"127" 28374.4361 11192.6922 9325.8183
"128" 27891.8003 10338.6349 8301.4757
"129" 27281.9449 9344.1913 7523.8565
"130" 26374.9645 8339.4874 7144.3861
"131" 25468.965 7275.3261 7210.973
"132" 24667.3582 6303.1559 7798.0188
"133" 23955.8517 5642.0507 8827.9718
"134" 22944.3255 5294.4955 9745.8963
"135" 22251.2057 4945.6056 10816.1347
"136" 21933.0196 4769.5095 12170.0692
"137" 21593.9524 5284.4653 13407.8446
"138" 21475.7087 6255.1229 14399.4554
"139" 21575.025 7425.4697 15182.0407
"140" 22060.8466 8613.265 15675.2272
"141" 20396.884765625 31062.12109375 20360.17578125
"142" 22209.498046875 27418.6171875 13325.91015625
"143" 18536.251953125 10583.458984375 8205.8544921875
"144" 18970.69921875 15807.142578125 6859.4306640625
"145" 20672.677734375 17131.140625 7540.0009765625
"146" 24540.0625 12103.294921875 16001.220703125
"147" 28702.5546875 11770.763671875 12461.2265625
"148" 25144.328125 26945.125 8230.8017578125
"149" 26639.150390625 32005.181640625 11758.9677734375
"150" 27167.9326 31385.74 11697.7852
"151" 27162.007 30584.9339 11636.7473
"152" 27111.985 29818.7883 11359.5967
"153" 26933.0489 29168.526 10955.3079
"154" 26642.9279 28614.5733 10429.9241
"155" 26174.9464 28110.8168 10032.8088
"156" 25874.0493 27747.3271 9391.2509
"157" 25346.7359 27366.4546 8900.5587
"158" 25144.328125 26945.125 8230.8017578125
"159" 34054.6953125 22791.90234375 3664.1689453125
"160" 26639.150390625 32005.181640625 11758.9677734375
"161" 36225.3046875 25682.859375 13480.99609375
"162" 21378.79296875 35856.89453125 13560.076171875
"163" 23808.69140625 31875.7109375 12959.794921875
"164" 31965.26953125 41615.8203125 11321.330078125
"165" 20396.884765625 31062.12109375 20360.17578125
"166" 21135.1026 29637.0182 20128.4733
"167" 21978.5112 28296.1856 19845.8634
"168" 22497.8995 26837.0233 19422.6176
"169" 23049.6728 25374.5426 19002.1088
"170" 23854.5576 24042.6539 18576.6674
"171" 24707.2392 22764.9519 18087.079
"172" 25488.3987 21465.7378 17535.7866
"173" 26560.4464 20437.3649 16920.1201
"174" 27728.0282 19572.9251 16269.7736
"175" 29233.1353 19744.2057 15723.1926
"176" 30603.8996 19826.1364 14905.1096
"177" 31970.5636 19974.1336 14057.4245
"178" 33295.2636 20386.5625 13259.4492
"179" 34468.3256 21383.5946 12767.321
"180" 35319.5864 22742.2701 12701.2316
"181" 35942.7164 24186.4667 13077.437
"182" 36225.3046875 25682.859375 13480.99609375
"183" 27444.673828125 13247.3056640625 7017.6953125
"184" 26343.5851 12737.5872 6226.1748
"185" 25200.8976 11963.9502 5771.7527
"186" 24065.2071 11066.8597 5576.9901
"187" 23050.4331 10023.1734 5564.8307
"188" 22205.3529 8844.0296 5393.0338
"189" 21440.2597 7607.1003 5365.8849
"190" 20551.9013 6474.6166 5457.4902
"191" 19369.5492 5779.8097 5930.1116
"192" 18095.794921875 5306.81298828125 6464.1171875
"193" 27444.673828125 13247.3056640625 7017.6953125
"194" 18174.236328125 3182.73828125 11939.587890625
"195" 18095.794921875 5306.81298828125 6464.1171875
"196" 19079.546875 31862.55859375 6549.9453125
"197" 18812.615234375 17064.37109375 8339.634765625
"198" 18916.9765625 21313.8203125 6770.65234375
"199" 20583.900390625 23827.984375 8303.8974609375
"200" 20388.3417 24798.1969 8105.9578
"201" 19985.1449 25709.635 7995.1227
"202" 19130.2907 26132.1149 7878.1203
"203" 18237.9782 25848.1146 8055.5014
"204" 17817.4891 24960.17 8234.2652
"205" 17578.890625 24008.8671875 8472.654296875
"206" 19712.583984375 37427.5625 14228.47265625
"207" 18988.134765625 10667.044921875 15943.80078125
"208" 18174.236328125 3182.73828125 11939.587890625
"209" 18555.5236 4453.1296 12926.3811
"210" 18563.1335 5687.1226 14023.3133
"211" 18597.3338 7066.468 14918.46
"212" 18697.8693 8590.9004 15543.6975
"213" 18906.0663 10199.4274 15858.8204
"214" 19060.9382 11667.0043 16597.7959
"215" 19108.5581 13272.6826 16995.1633
"216" 19092.5119 14913.1668 17177.9483
"217" 19140.6117 16566.6275 17185.3075
"218" 19326.738 18213.1666 17205.764
"219" 19480.0402 19846.0133 17437.6739
"220" 19506.8499 21478.0205 17717.5515
"221" 19563.7335 23094.0471 18054.6515
"222" 19759.3874 24620.5798 18615.9439
"223" 19956.6078 26044.8892 19431.3101
"224" 20188.3157 27595.7206 19948.7586
"225" 20413.8174 29218.5773 20192.4946
"226" 20368.955078125 30862.546875 20345.3671875
"227" 19431.05859375 41161.84375 8644.3779296875
"228" 19165.005859375 17060.33984375 17111.47265625
"229" 20368.955078125 30862.546875 20345.3671875
"230" 18155.900390625 2974.3759765625 5878.50390625
"231" 18025.005859375 3936.8125 4728.26953125
"232" 20412.755859375 43183.6953125 18269.4375
"233" 19416.291015625 38734.171875 9516.00390625
"234" 14233.572265625 36041.87890625 8108.158203125
"235" 16056.4375 32186.271484375 7212.2607421875
"236" 17578.890625 24008.8671875 8472.654296875
"237" 2367.65234375 30564.75390625 7968.29052734375
"238" 2571.3288 29171.6064 7147.1934
"239" 2562.9197 27548.3153 7176.5009
"240" 2578.7728 25980.4139 7659.0298
"241" 2737.9961 24830.5819 8720.5036
"242" 2853.8676 24241.4963 10192.5342
"243" 2860.0417 24429.0402 11811.5586
"244" 2414.3986 25369.3064 12998.6617
"245" 2329.7128 26930.748 13492.5746
"246" 2101.2868 28511.3546 13764.0168
"247" 2141.2818 30121.9819 13492.9397
"248" 2509.88 31129.8795 12441.8931
"249" 2657.3907 30858.5527 10852.791
"250" 2916.662 30747.8744 9281.3965
"251" 2364.4990234375 30585.337890625 7930.13525390625
"252" 2364.4990234375 30585.337890625 7930.13525390625
"253" 2367.65234375 30564.75390625 7968.29052734375
"254" 5870.603515625 14724.72265625 8080.25390625
"255" 6504.3477 14351.1853 9523.5466
"256" 5763.3878 15756.6878 10266.9563
"257" 4820.2001 17211.5511 10853.634
"258" 3970.4746 18815.5344 10602.1762
"259" 3307.4138 20226.1065 9905.9002
"260" 2902.1854 20978.9743 8300.9946
"261" 2735.9375 21983.20703125 6747.0068359375
"262" 19027.822265625 37826.78515625 14027.2470703125
"263" 18174.236328125 3182.73828125 11939.587890625
"264" 17216.0776 3257.2066 11876.5858
"265" 16401.8443 3486.2027 11478.3004
"266" 15890.7639 3922.9677 10785.0282
"267" 15521.5973 4019.3869 9918.0886
"268" 15201.5993 3881.4761 9036.7757
"269" 14937.3523 3839.6119 8108.4995
"270" 14959.1685 3728.0552 7167.1114
"271" 15607.1017 3368.5526 6623.4478
"272" 16286.8326 3043.8563 6018.8469
"273" 17204.5016 2880.0559 5821.6249
"274" 18155.900390625 2974.3759765625 5878.50390625
"275" 13616.482421875 29352.859375 8098.7021484375
"276" 15960.68359375 9073.1240234375 16193.5
"277" 13575.041015625 12282.5 16744.87890625
"278" 15967.359375 17240.33984375 17215.65234375
"279" 19712.583984375 37427.5625 14228.47265625
"280" 19120.5785 37790.3945 14043.4936
"281" 18651.5486 38000.0374 13556.9183
"282" 18141.6868 38042.6815 13061.8814
"283" 17731.3242 38063.3127 12497.397
"284" 17386.3487 38090.0002 11894.4277
"285" 17132.3512 37964.7668 11286.8446
"286" 17319.1957 37759.5778 10726.306
"287" 17771.5192 38190.9162 10381.7403
"288" 18183.1185 38666.683 10027.2333
"289" 18767.5115 38919.3687 9768.5663
"290" 19416.291015625 38734.171875 9516.00390625
"291" 5889.779296875 18063.181640625 14796.158203125
"292" 5870.603515625 14724.72265625 8080.25390625
"293" 5965.3859 13905.944 6970.4537
"294" 6608.1286 12983.3844 6152.5142
"295" 7384.654 12101.1106 5418.5823
"296" 8237.2669 11175.8204 4830.5804
"297" 9178.6153 10217.8018 4472.2948
"298" 10143.5701 9265.2531 4171.8213
"299" 11160.913 8328.7145 4020.1245
"300" 12235.8854 7448.4462 3998.9587
"301" 13352.5589 6622.7299 4070.9389
"302" 14454.8531 5776.2883 4019.3937
"303" 15614.09 5010.0877 4024.6339
"304" 16767.8668 4311.5819 4314.913
"305" 18025.005859375 3936.8125 4728.26953125
"306" 8505.4013671875 27223.326171875 4949.205078125
"307" 7724.0492 27291.3535 5466.9464
"308" 6949.0926 27476.5899 5871.239
"309" 6045.6523 27266.3832 5768.1534
"310" 5227.1329 27147.7351 5350.6228
"311" 4803.0783 27470.4623 4631.4911
"312" 4795.2371 28166.4961 4022.3116
"313" 5210.5765 28976.9971 3999.2557
"314" 5909.3179 29467.2299 4247.8869
"315" 6817.8055 29566.7288 4307.2717
"316" 7654.8366 29299.9594 3975.9463
"317" 8294.9902 28635.3676 3846.8844
"318" 8516.8894 27820.1812 4212.0132
"319" 5870.603515625 14724.72265625 8080.25390625
"320" 14794.890625 5079.1806640625 12032.61328125
"321" 8646.427734375 12111.6279296875 10949.794921875
"322" 14697.166015625 9030.5849609375 5982.4091796875
"323" 7512.96337890625 45439.078125 13196.2421875
"324" 15494.53515625 9582.48828125 16532.36328125
"325" 14903.3591 10847.2305 16663.7921
"326" 13896.7036 11896.5179 16723.86
"327" 12619.9167 12600.4566 16661.3819
"328" 11482.78 13293.9016 16179.5554
"329" 10389.4094 13419.5765 15232.6069
"330" 9314.44 13184.2006 14272.243
"331" 8541.1286 12876.4109 13059.7883
"332" 8313.4596 12811.4954 11647.0118
"333" 8514.6302 11891.3419 10515.7634
"334" 9035.4257 10979.7524 9502.2517
"335" 9598.9615 9919.4784 8662.8868
"336" 10380.1917 8779.3908 8240.2284
"337" 11282.6679 7620.7826 8278.0311
"338" 12447.0279 6951.6958 8780.4663
"339" 13344.1669 6226.8543 9677.8938
"340" 14245.9299 5581.0264 10623.7578
"341" 14780.2162 5185.9832 11933.4143
"342" 15171.0224 5105.6124 13314.6231
"343" 15642.1843 5831.9233 14456.1492
"344" 15954.3351 6971.2971 15330.14
"345" 15823.4534 8216.9426 16090.4084
"346" 20212.98828125 31023.0390625 20279.919921875
"347" 17081.3125 27207.697265625 13825.68359375
"348" 18536.251953125 10583.458984375 8205.8544921875
"349" 18954.298828125 15903.1123046875 6860.6201171875
"350" 16891.376953125 17243.34765625 8062.76806640625
"351" 13500.71875 12288.2392578125 16717.0078125
"352" 8812.9423828125 13037.94140625 13462.7392578125
"353" 12011.765625 28165.078125 9203.41015625
"354" 12182.3046875 32026.0703125 12719.19921875
"355" 11901.6955 31403.2578 12586.3518
"356" 11570.3991 30824.8273 12393.1853
"357" 11392.662 30230.2627 12104.1431
"358" 11098.3968 29662.0745 11844.6361
"359" 11003.4108 29193.5076 11393.8942
"360" 11120.7214 28745.3883 10883.0992
"361" 11304.3489 28466.2588 10298.7364
"362" 11547.9565 28385.3571 9654.429
"363" 12011.765625 28165.078125 9203.41015625
"364" 2735.9375 21983.20703125 6747.0068359375
"365" 12182.3046875 32026.0703125 12719.19921875
"366" 2651.525390625 28555.14453125 15486.470703125
"367" 18086.271484375 35996.171875 13986.33203125
"368" 15157.513671875 31809.255859375 13374.3046875
"369" 7001.31640625 42573.9296875 13295.62890625
"370" 20212.98828125 31023.0390625 20279.919921875
"371" 19063.3796 29711.4378 20171.8051
"372" 18547.4903 28140.2128 19764.2956
"373" 17845.1767 26606.3601 19488.6346
"374" 16611.4413 25390.0766 19327.6323
"375" 15645.0965 24005.7066 18891.4716
"376" 14596.5707 22646.8509 18592.5275
"377" 13354.9966 21546.4727 18143.3698
"378" 12103.7754 20520.4385 17496.6118
"379" 10522.8117 20242.2681 17193.3011
"380" 8855.9407 20318.1825 16697.8457
"381" 7287.5807 20730.6131 16077.8996
"382" 5690.8778 21060.5049 15511.3064
"383" 4304.466 22026.0231 15086.7694
"384" 3352.3666 23466.9454 14949.3388
"385" 2825.4483 25106.7667 15238.2533
"386" 2711.7261 26816.1767 15328.2295
"387" 2651.525390625 28555.14453125 15486.470703125
"388" 9547.494140625 13831.8046875 8163.9921875
"389" 10552.7252 13313.6013 7279.4919
"390" 11597.425 12505.0925 6710.0619
"391" 12616.6982 11549.494 6405.5529
"392" 13571.9575 10494.3074 6252.2678
"393" 14411.4568 9350.7274 6054.3157
"394" 15169.6176 8138.3726 5886.5956
"395" 15890.7744 6887.2738 5889.9453
"396" 16865.6048 5938.0146 6101.8317
"397" 18095.794921875 5306.81298828125 6464.1171875
"398" 9547.494140625 13831.8046875 8163.9921875
"399" 29254.380859375 26699.369140625 3344.76049804688
"400" 29291.421875 27040.16015625 3055.74145507812
"401" 29554.529296875 26672.5 3593.92919921875
"402" 29653.734375 27012.2421875 3339.82006835938
"403" 29652.447265625 27282.990234375 3086.52001953125
"404" 29750.515625 27685.23046875 2820.42919921875
"405" 29947.77734375 26776.53125 3825.1982421875
"406" 29972.609375 27082.599609375 3573.27905273438
"407" 29984.70703125 27410.162109375 3301.99145507812
"408" 30028.234375 27682.09765625 3065.32690429688
"409" 30119.796875 28067.083984375 2828.11376953125
"410" 30341.474609375 26963.296875 4005.02294921875
"411" 30334.369140625 27325.578125 3678.75122070312
"412" 30354.6484375 27622.84375 3387.57055664062
"413" 30394.07421875 28029.576171875 3024.16357421875
"414" 30713.181640625 26931.15625 4278.84619140625
"415" 30674.947265625 27245.587890625 3930.07397460938
"416" 30683.8359375 27638.224609375 3617.55639648438
"417" 30710.978515625 28142.7109375 3196.78833007812
"418" 31048.837890625 27156.74609375 3969.65869140625
"419" 31026.09375 27609.708984375 3619.85375976562
"420" 30993.69921875 28135.5625 3250.29541015625
"421" 31334.95703125 27028.05078125 3911.6630859375
"422" 31287.16796875 27623.9140625 3445.53540039062
"423" 31332.28515625 28142.158203125 3030.40209960938
"424" 31614.62109375 27132.822265625 3628.3720703125
"425" 31583.134765625 27591.365234375 3240.8955078125
"426" 31670.109375 28012.41015625 2887.43334960938
"427" 31882.0234375 26832.326171875 3680.7470703125
"428" 31839.470703125 27281.28125 3324.72875976562
"429" 31887.865234375 27674.583984375 2957.1943359375
"430" 32023.3984375 28088.7265625 2632.99194335938
"431" 32113.47265625 26879.77734375 3411.56225585938
"432" 32111.701171875 27252.4765625 3078.50219726562
"433" 32135.59375 27604.607421875 2758.89672851562
"434" 32305.552734375 27809.6171875 2407.93896484375
"435" 32321.158203125 26889.818359375 3121.4287109375
"436" 32440.25 27275.90234375 2658.85961914062
"437" 32569.43359375 26874.787109375 2815.21899414062
"438" 8287.4892578125 27374.3203125 4746.15966796875
"439" 8248.3955078125 27638.390625 4492
"440" 8124.0556640625 28054.515625 4179.552734375
"441" 7998.7236328125 27553.421875 4807.80322265625
"442" 7955.9501953125 27856.482421875 4543.7607421875
"443" 7873.70947265625 28231.37890625 4265.40234375
"444" 7870.017578125 28465.873046875 4028.61840820312
"445" 7766.8154296875 27532.53515625 5058.27099609375
"446" 7703.16650390625 27959.0390625 4730.05419921875
"447" 7642.4794921875 28279.150390625 4472.68798828125
"448" 7624.0537109375 28504.705078125 4227.35205078125
"449" 7622.43798828125 28963.86328125 3921.88793945312
"450" 7461.423828125 27813.357421875 5150.66162109375
"451" 7440.13330078125 28241.0546875 4779.671875
"452" 7365.83349609375 28578.109375 4474.33251953125
"453" 7507.97021484375 29131 4269.10009765625
"454" 7165.98486328125 27929.78125 5399.33544921875
"455" 7198.84765625 28247.521484375 5031.76513671875
"456" 7131.7626953125 28552.169921875 4794.99365234375
"457" 7089.03955078125 28904.55859375 4448.041015625
"458" 6847.7080078125 27947.220703125 5591.89404296875
"459" 6877.73779296875 28343.6171875 5280.47705078125
"460" 6767.12548828125 28660.033203125 4915.41015625
"461" 6885.236328125 29062.02734375 4514.50341796875
"462" 6600.244140625 27951.359375 5475.1240234375
"463" 6678.56103515625 28447.458984375 5129.08837890625
"464" 6654.59521484375 28804.763671875 4801.1689453125
"465" 6624.55224609375 29247.580078125 4482.5166015625
"466" 6282.97265625 27759.126953125 5493.2109375
"467" 6450.41650390625 28292.560546875 5115.92138671875
"468" 6455.6953125 28713.3828125 4779.09033203125
"469" 6297.96240234375 28996.3828125 4479.537109375
"470" 6182.029296875 27909.998046875 5297.453125
"471" 6231.228515625 28387.501953125 4934.21923828125
"472" 6086.181640625 28902.09375 4466.41015625
"473" 5962.51123046875 27660.609375 5384.92822265625
"474" 6040.1533203125 28169.11328125 4977.076171875
"475" 5863.41943359375 28658.69921875 4511.91455078125
"476" 5756.56884765625 27510.896484375 5383.44677734375
"477" 5731.126953125 28119.025390625 4828.20361328125
"478" 5565.6416015625 28702.572265625 4307.30126953125
"479" 5532.5869140625 27371.609375 5336.8095703125
"480" 5394.82763671875 27854.140625 4789.44287109375
"481" 5281.62109375 28403.833984375 4217.02001953125
"482" 5011.333984375 27226.09375 5080.865234375
"483" 5061.43896484375 27823.951171875 4456.26513671875
"484" 30169.03515625 13139.0537109375 6620.24853515625
"485" 29373.2265625 12823.6181640625 6775.349609375
"486" 28527.8984375 12711.998046875 6887.23828125
"487" 28283.33203125 12878.59765625 6972.21875
"488" 28047.22265625 13124.0615234375 7182.61474609375
"489" 27851.5703125 13133.7978515625 7163.5322265625
"490" 29543.728515625 12340.2412109375 5702.08203125
"491" 28464.478515625 11211.4453125 6516.25927734375
"492" 27945.19921875 11585 7009.58984375
"493" 27628.80078125 11685.599609375 7082.72998046875
"494" 27392.349609375 12463.7998046875 6312.14111328125
"495" 27224.396484375 12692.552734375 6404.29150390625
"496" 29320.5 10862 4965.330078125
"497" 27875.12890625 10962.3271484375 5270.3125
"498" 27393.5 10332.400390625 6222.5
"499" 26852.099609375 10917.599609375 6429.68017578125
"500" 26697.82421875 11590.921875 5827.1044921875
"501" 26292.337890625 11715.17578125 5909.11376953125
"502" 28452.80078125 10301.900390625 4128.39013671875
"503" 27228.00390625 9573.8212890625 5429.87109375
"504" 26607.900390625 8970.419921875 5523.14990234375
"505" 26133.658203125 9961.5966796875 5257.42041015625
"506" 25670.3203125 10403.181640625 5251.66357421875
"507" 25093.671875 10596.8232421875 5569.02490234375
"508" 27032.33203125 9569.5703125 3842.82788085938
"509" 26191.431640625 9241.3515625 4656.83447265625
"510" 25756.400390625 8682.5498046875 5739.10986328125
"511" 25512.779296875 9485.298828125 5158.64697265625
"512" 24848.599609375 9783.982421875 5283.2880859375
"513" 24408.23828125 10104.3359375 5481.73291015625
"514" 26523.94140625 8444.359375 3722.94677734375
"515" 26329.416015625 7689.66015625 4341.2333984375
"516" 25524.400390625 7876.68017578125 5209.93017578125
"517" 24712.1328125 8720.861328125 5136.63671875
"518" 23850.98828125 9226.3505859375 5468.15234375
"519" 25620.716796875 7672.6474609375 3467.45727539062
"520" 24722.880859375 7942.03271484375 4647.39599609375
"521" 24313.240234375 7856.43603515625 5085.416015625
"522" 24000.005859375 8119.24267578125 5182.712890625
"523" 23444.103515625 8646.5048828125 5372.79345703125
"524" 24664.69921875 7039.8798828125 3578.80004882812
"525" 24430 6940.89990234375 4962.64990234375
"526" 24107.79296875 6944.05419921875 5458.5078125
"527" 23370.845703125 7434.23876953125 5232.4033203125
"528" 22709.5 7911.830078125 5295.75
"529" 23641.083984375 6989.2333984375 4085.89184570312
"530" 23341.19921875 6194.830078125 5049.169921875
"531" 23385.255859375 6422.12548828125 5481.9609375
"532" 22789.271484375 7023.830078125 5306.623046875
"533" 22178.4921875 7459.4248046875 5223.2431640625
"534" 22945.20703125 6529.494140625 4119.2294921875
"535" 23265.400390625 6097.490234375 4965.2998046875
"536" 22261.53125 6394.07275390625 5332.3369140625
"537" 22042.931640625 6809.89697265625 5283.67138671875
"538" 22347.78125 6179.39501953125 4246.3857421875
"539" 22365.806640625 5597.46435546875 5520.013671875
"540" 21864.87109375 6145.47314453125 5290.38916015625
"541" 21401.041015625 6522.33349609375 5334.0224609375
"542" 21901.59375 5878.10107421875 4287.63916015625
"543" 22313.69921875 5558.58984375 5513.27978515625
"544" 21330.4609375 5793.50146484375 5307.1650390625
"545" 21017.513671875 6064.3681640625 5418.19677734375
"546" 21412.931640625 5608.84521484375 4469.7998046875
"547" 21148.22265625 5558.7373046875 5157.490234375
"548" 20765.443359375 5632.38525390625 5461.7685546875
"549" 20844.27734375 5330.6884765625 4723.7998046875
"550" 20641.93359375 5281.3740234375 5306.3017578125
"551" 20518.966796875 5057.85498046875 6100.61181640625
"552" 20559.51953125 5099.634765625 4511.0771484375
"553" 20342.052734375 5064.81396484375 5353.68798828125
"554" 20190.115234375 4837.00048828125 6118.09033203125
"555" 20210.486328125 4886.77490234375 4552.796875
"556" 20070.80078125 4835.1201171875 5335.77978515625
"557" 19587.30078125 4805.81005859375 5918.06005859375
"558" 19696.337890625 4603.15087890625 4514.88720703125
"559" 19560.259765625 4600.724609375 5392.97998046875
"560" 19240.400390625 4580.58154296875 5840.86669921875
"561" 18784.541015625 4777.52099609375 6248.12158203125
"562" 19257.904296875 4416.4599609375 4670.8857421875
"563" 19130.408203125 3937.3759765625 5329.8564453125
"564" 18811.3515625 4320.81640625 5721.0263671875
"565" 18335.822265625 4456.3740234375 6255.8671875
"566" 18692.16796875 4285.439453125 5152.51806640625
"567" 18258.5625 4194.078125 5699.88427734375
"568" 7570.05224609375 13547.8173828125 7822.92236328125
"569" 8440.0556640625 12407.5068359375 8076.7626953125
"570" 9320.087890625 12837.427734375 8482.0751953125
"571" 8984.78125 13323.3486328125 7796.79150390625
"572" 9298.5986328125 13590.87890625 7952.1494140625
"573" 7418.333984375 13097.1376953125 6938.46826171875
"574" 7901.85009765625 12207.7001953125 7242.2001953125
"575" 8923.3095703125 11385.7001953125 7622.97998046875
"576" 9542.16015625 11661.7998046875 7928.0400390625
"577" 9801.138671875 12527.0244140625 7104.94580078125
"578" 10204.71875 12582.0703125 7128.033203125
"579" 8230.529296875 11826.021484375 5943.4921875
"580" 9286.4619140625 11075.5986328125 6237.45849609375
"581" 10043.1494140625 10810.8779296875 6378.49560546875
"582" 10176.919921875 11096.60546875 6475.1611328125
"583" 10747.470703125 11514.5048828125 6616.66259765625
"584" 11257.2890625 11687.2548828125 6663.98046875
"585" 9204.4423828125 10502.0166015625 5191.2001953125
"586" 10143.4404296875 9925.0341796875 5590.07177734375
"587" 10933.8271484375 9658.3076171875 5969.89453125
"588" 11214.9326171875 10083.029296875 6048.20654296875
"589" 11759.7548828125 10304.361328125 6227.88427734375
"590" 12416.447265625 10558.466796875 6278.10546875
"591" 10372.6171875 9303.0830078125 4734.58203125
"592" 11231.935546875 8868.337890625 5457.91796875
"593" 11831.470703125 8883.2744140625 5921.98095703125
"594" 11971.7431640625 9163.6474609375 5946.1533203125
"595" 12514.189453125 9350.50390625 6007.6552734375
"596" 13163.048828125 9530.7197265625 6134.0712890625
"597" 11173.8251953125 8568.1748046875 4485.91650390625
"598" 12022.3818359375 8047.181640625 5271.08349609375
"599" 12737.830078125 7973.4814453125 5881.95263671875
"600" 12974.1474609375 8274.166015625 5843.78076171875
"601" 13653.845703125 8427.9921875 5922.86083984375
"602" 12252.3818359375 7661.49755859375 4522.2529296875
"603" 12967.40234375 7253.25830078125 5387.71142578125
"604" 13419.8232421875 7171.10400390625 5847.59033203125
"605" 13848.701171875 7462.57275390625 5989.62646484375
"606" 14390.7255859375 7775.43408203125 5767.947265625
"607" 13260.798828125 6911.2216796875 4793.24560546875
"608" 13450.91015625 6147.5341796875 5754.91455078125
"609" 14052.2998046875 6636.08984375 5834.7099609375
"610" 14354.3515625 6946.09912109375 5778.7939453125
"611" 14804.0546875 7328.3857421875 5725.8671875
"612" 13745.900390625 5943.43994140625 5498.580078125
"613" 14449.099609375 5494.39013671875 5828.35009765625
"614" 14760.599609375 6451.0400390625 5835.64013671875
"615" 15056.80078125 6702.208984375 5724.05126953125
"616" 14359.099609375 5422.33984375 5603.25
"617" 14527.599609375 5368.080078125 5904.740234375
"618" 15029.8154296875 5817.85302734375 6393.35986328125
"619" 15511.51171875 6210.90283203125 5808.798828125
"620" 14410.5 5382.7900390625 5598.58984375
"621" 14553.650390625 5374.0625 5768.26806640625
"622" 15238.8984375 5273.84326171875 6356.01904296875
"623" 15727.9228515625 5526.49951171875 6419.00927734375
"624" 15277.642578125 5587.333984375 5052.056640625
"625" 15399.5791015625 4906.79638671875 6328.2900390625
"626" 15941.658203125 4936.16064453125 6340.51123046875
"627" 15307.400390625 4491.47021484375 4897.75
"628" 16068.353515625 4969.47705078125 5598.25830078125
"629" 16430.337890625 4946.89306640625 5909.49267578125
"630" 17061.61328125 5004.796875 6232.0283203125
"631" 16163.8046875 4965.65869140625 5136.283203125
"632" 16534.69921875 4737.9150390625 5619.05029296875
"633" 16800.119140625 4623.89306640625 5927.77783203125
"634" 17496.6640625 4573.8564453125 6286.00634765625
"635" 16548.34765625 4652.09765625 4750.6083984375
"636" 16748.099609375 4139.02978515625 5441.9501953125
"637" 17271.234375 4397.7041015625 5819.28564453125
"638" 17672.654296875 4224.70166015625 5960.48095703125
