"V1" "V2" "V3"
"1" 82.6709442138672 -82.4535903930664 61.6057815551758
"2" 82.7035 -82.9637 60.2958
"3" 82.6385 -83.4554 58.9816
"4" 82.5482 -83.8254 57.63
"5" 82.5218 -84.1701 56.2686
"6" 82.5378 -84.4801 54.8984
"7" 82.506 -84.7575 53.521
"8" 82.4058 -85.0213 52.144
"9" 82.3214 -85.2702 50.7631
"10" 82.1641 -85.5967 49.4053
"11" 82.0061 -85.5968 48.0216
"12" 81.8379 -85.3342 46.6602
"13" 81.6422805786133 -85.2767562866211 45.2689361572266
"14" 93.8019485473633 -89.7866821289062 41.6533088684082
"15" 91.9792098999023 -88.646484375 45.2525100708008
"16" 84.6112823486328 -73.8194808959961 63.6208381652832
"17" 115.117065429688 -88.7607650756836 43.1796035766602
"18" 114.5795 -91.1236 45.814
"19" 114.8932 -91.1078 49.2458
"20" 115.2958 -91.0424 52.836
"21" 115.7189 -89.3118 55.9691
"22" 115.7842 -86.4604 58.056
"23" 115.9804 -82.8984 58.295
"24" 116.8216 -79.6422 57.1021
"25" 118.0027 -77.1471 54.7568
"26" 119.0806 -75.8797 51.5781
"27" 119.8246 -75.6358 48.0426
"28" 119.7944 -76.3786 44.5186
"29" 119.5841 -77.8849 41.2842
"30" 118.0114 -80.288 39.1408
"31" 116.2511 -83.3631 38.7016
"32" 115.5531 -86.3666 40.2332
"33" 115.155639648438 -88.5488204956055 43.1026000976562
"34" 115.155639648438 -88.5488204956055 43.1026000976562
"35" 115.117065429688 -88.7607650756836 43.1796035766602
"36" 109.93229675293 -82.1064529418945 83.7139587402344
"37" 110.5279 -81.3125 82.0118
"38" 111.6385 -81.875 80.3011
"39" 112.4515 -82.4538 78.4506
"40" 113.0732 -83.5468 76.7542
"41" 113.6144 -84.474 74.9374
"42" 114.202 -85.1662 73.0204
"43" 114.599 -86.0596 71.1524
"44" 115.129 -86.7431 69.2202
"45" 115.1413 -87.6721 67.3189
"46" 115.1802 -88.7453 65.4914
"47" 115.3357 -89.734 63.6331
"48" 115.2447 -90.6345 61.7155
"49" 115.003 -91.4242 59.7815
"50" 114.6613 -92.2496 57.8657
"51" 113.9885 -93.2208 56.1197
"52" 113.213195800781 -94.6832275390625 54.7983894348145
"53" 82.8856582641602 -72.6534118652344 32.5487861633301
"54" 84.7497482299805 -56.2251853942871 117.000045776367
"55" 86.5086 -56.1194 116.6738
"56" 88.2148 -56.56 116.3295
"57" 89.6201 -57.5691 115.9551
"58" 90.7476 -58.9298 115.6161
"59" 91.2011 -60.5701 116.0184
"60" 91.2522 -62.2248 116.7058
"61" 91.0432 -63.7769 117.5089
"62" 90.1996 -65.0452 118.4506
"63" 89.0268 -66.1995 119.1692
"64" 87.5088 -66.9363 119.7817
"65" 85.7423324584961 -66.810905456543 120.088455200195
"66" 89.304931640625 -84.7453536987305 57.5482635498047
"67" 94.6586608886719 -52.3327827453613 90.4357833862305
"68" 98.16357421875 -53.4821739196777 85.0750885009766
"69" 94.881950378418 -49.868106842041 75.34228515625
"70" 80.7141494750977 -71.8833618164062 31.030158996582
"71" 82.1927 -72.5032 31.6056
"72" 83.1247 -73.1107 32.7207
"73" 84.138 -74.2078 33.5156
"74" 85.0355 -75.391 34.4193
"75" 85.8709 -76.7283 35.0797
"76" 86.166 -78.3871 35.3413
"77" 85.8999 -79.9527 35.7491
"78" 84.8836 -81.3342 35.4969
"79" 83.7975 -82.6434 35.1997
"80" 82.5096 -83.2132 34.2625
"81" 80.853645324707 -83.3585205078125 34.0583000183105
"82" 110.502075195312 -62.2747688293457 69.3437042236328
"83" 109.93229675293 -82.1064529418945 83.7139587402344
"84" 108.1912 -83.2143 85.7514
"85" 106.6016 -81.9847 88.0977
"86" 105.0937 -80.5517 90.3886
"87" 103.4128 -79.4623 92.7326
"88" 101.9505 -78.8864 95.4033
"89" 100.3934 -78.5236 98.0611
"90" 98.9535 -78.3927 100.7913
"91" 97.2428 -77.6792 103.267
"92" 95.5139 -76.6258 105.6072
"93" 93.8617 -75.4786 107.9425
"94" 92.0277 -73.9974 109.9203
"95" 90.527 -73.4512 112.5642
"96" 89.4355 -73.7993 115.4026
"97" 87.6023 -74.7588 117.6211
"98" 84.7134017944336 -74.8438568115234 118.409210205078
"99" 98.7350158691406 -92.8879165649414 54.4694900512695
"100" 101.1787 -92.015 53.726
"101" 103.6636 -92.3652 52.7949
"102" 106.3391 -92.4643 52.7025
"103" 108.7044 -93.4647 53.5855
"104" 110.6871 -95.0058 54.4934
"105" 111.9057 -97.1856 53.9412
"106" 111.2344 -98.8955 51.9862
"107" 109.5776 -98.4969 50.5718
"108" 107.4782 -96.7848 50.4708
"109" 104.8928 -96.1407 50.0182
"110" 102.2404 -96.5104 50.509
"111" 99.8128 -96.6085 51.7184
"112" 98.4129 -95.4478 53.5395
"113" 109.93229675293 -82.1064529418945 83.7139587402344
"114" 96.0437164306641 -60.0708999633789 100.187347412109
"115" 104.442085266113 -64.3349761962891 88.7500915527344
"116" 89.2019271850586 -73.8754501342773 97.843017578125
"117" 102.93660736084 -83.7031631469727 23.6237335205078
"118" 95.1784362792969 -58.7306518554688 100.094970703125
"119" 94.8849 -56.5558 99.2085
"120" 94.607 -54.975 97.4374
"121" 94.3987 -53.8606 95.322
"122" 94.3304 -53.0827 93.0465
"123" 94.794 -52.6805 90.7354
"124" 95.5148 -52.5554 88.4538
"125" 96.8072 -53.0035 86.4998
"126" 98.3941 -53.6662 84.8158
"127" 100.0173 -54.5927 83.335
"128" 101.5489 -56.1383 82.4019
"129" 102.9714 -57.951 83.0579
"130" 104.2149 -59.8014 83.968
"131" 104.9464 -61.5819 85.357
"132" 105.0074 -63.1585 87.1669
"133" 104.7098 -64.5126 89.1357
"134" 104.174 -65.6057 91.1881
"135" 103.3923 -66.1871 93.3526
"136" 102.1782 -66.0204 95.4162
"137" 100.8513 -65.4815 97.3159
"138" 99.4795 -64.1081 98.7342
"139" 98.005 -62.5931 99.8246
"140" 96.5475 -60.7115 100.0757
"141" 81.0531158447266 -56.0641937255859 7.799889087677
"142" 86.6663818359375 -63.7481231689453 54.1215515136719
"143" 82.4154205322266 -73.0719833374023 84.8996734619141
"144" 83.5404815673828 -78.6934814453125 73.0976104736328
"145" 85.9719009399414 -72.9537124633789 74.9256134033203
"146" 98.059684753418 -53.2524719238281 85.1964492797852
"147" 103.497001647949 -59.0933532714844 83.1175537109375
"148" 95.1059112548828 -76.3962173461914 52.5119400024414
"149" 99.5409317016602 -73.5886535644531 45.5253143310547
"150" 98.7614 -72.9892 46.4
"151" 98.4046 -72.7429 47.5688
"152" 98.4059 -73.1525 48.796
"153" 98.7771 -74.1012 49.2508
"154" 98.9093 -75.3397 49.4827
"155" 98.0754 -75.8162 50.177
"156" 96.9654 -75.6851 50.8479
"157" 96.088 -75.9859 51.7406
"158" 95.1059112548828 -76.3962173461914 52.5119400024414
"159" 113.213195800781 -94.6832275390625 54.7983894348145
"160" 99.5409317016602 -73.5886535644531 45.5253143310547
"161" 116.764495849609 -69.2599716186523 33.8601493835449
"162" 87.1442184448242 -70.1157684326172 36.8642578125
"163" 90.4008941650391 -67.5117568969727 44.8754806518555
"164" 110.975059509277 -79.3044662475586 24.6011848449707
"165" 81.0531158447266 -56.0641937255859 7.799889087677
"166" 82.6545 -54.2112 9.5512
"167" 84.7112 -53.0481 11.5256
"168" 87.0425 -52.0915 13.2465
"169" 90.0934 -51.9647 13.6385
"170" 92.9601 -52.4104 14.7117
"171" 95.7209 -52.6538 16.047
"172" 97.9087 -53.4976 18.0258
"173" 100.1213 -54.2916 20.0356
"174" 102.3556 -55.1095 21.9714
"175" 104.4173 -56.0078 24.0199
"176" 106.5477 -57.2317 25.9052
"177" 108.5601 -58.8763 27.5714
"178" 110.5784 -60.1354 29.5549
"179" 112.3087 -61.7455 31.2373
"180" 114.0775 -63.9897 32.342
"181" 115.7452 -66.4698 33.0654
"182" 116.764495849609 -69.2599716186523 33.8601493835449
"183" 97.615348815918 -78.0747222900391 80.6377258300781
"184" 95.4177 -77.9653 83.6567
"185" 93.6903 -77.4046 86.9245
"186" 92.3225 -76.6953 90.3345
"187" 90.9826 -76.1535 93.7546
"188" 89.7187 -74.512 96.863
"189" 89.0133 -72.7031 100.0477
"190" 88.3034 -70.9018 103.2179
"191" 87.6377 -69.2585 106.4724
"192" 84.3543167114258 -67.6394348144531 106.63402557373
"193" 97.615348815918 -78.0747222900391 80.6377258300781
"194" 84.7497482299805 -56.2251853942871 117.000045776367
"195" 84.3543167114258 -67.6394348144531 106.63402557373
"196" 81.6422805786133 -85.2767562866211 45.2689361572266
"197" 82.88671875 -73.8737869262695 72.8066253662109
"198" 82.6709442138672 -82.4535903930664 61.6057815551758
"199" 84.6112823486328 -73.8194808959961 63.6208381652832
"200" 83.8551 -75.0732 62.5209
"201" 83.4779 -75.9227 60.9485
"202" 82.3089 -76.442 59.9488
"203" 81.2183 -75.8158 60.9965
"204" 80.8968 -74.8806 62.5326
"205" 80.4257659912109 -73.8917465209961 64.0068359375
"206" 80.7141494750977 -71.8833618164062 31.030158996582
"207" 83.1353759765625 -50.2928237915039 91.1880340576172
"208" 84.7497482299805 -56.2251853942871 117.000045776367
"209" 84.1803 -52.3791 112.3196
"210" 83.7388 -51.1718 106.151
"211" 83.5995 -50.6161 99.861
"212" 83.206 -50.1691 93.5673
"213" 82.6517 -49.6297 87.2949
"214" 82.1113 -48.8805 81.0475
"215" 81.6768 -48.2605 74.8172
"216" 81.6991 -46.9158 68.6424
"217" 81.1709 -45.6758 62.474
"218" 80.9179 -44.6316 56.265
"219" 80.9857 -44.1892 49.9823
"220" 80.5247 -44.3144 43.7125
"221" 80.4566 -44.9702 37.4394
"222" 80.2272 -46.2005 31.2516
"223" 79.9089 -47.9255 25.2001
"224" 79.6342 -50.3329 19.3815
"225" 79.6393 -52.4588 13.4419
"226" 79.7752075195312 -55.3659744262695 7.85873317718506
"227" 80.081428527832 -85.5097961425781 32.023853302002
"228" 82.4046401977539 -48.4817008972168 74.8691101074219
"229" 79.7752075195312 -55.3659744262695 7.85873317718506
"230" 85.7423324584961 -66.810905456543 120.088455200195
"231" 84.7134017944336 -74.8438568115234 118.409210205078
"232" 80.2303161621094 -62.8579521179199 1.96148681640625
"233" 80.853645324707 -83.3585205078125 34.0583000183105
"234" 70.0688171386719 -88.5184478759766 42.7574157714844
"235" 70.6053314208984 -88.6022796630859 45.2600555419922
"236" 80.4257659912109 -73.8917465209961 64.0068359375
"237" 47.6897087097168 -90.8856353759766 46.4433441162109
"238" 48.8498 -92.8523 49.4425
"239" 48.7375 -92.5227 53.3703
"240" 48.8602 -91.8274 57.2879
"241" 49.7922 -89.0386 59.7624
"242" 49.3578 -85.2291 60.7222
"243" 48.1119 -81.5343 60.0397
"244" 46.3621 -78.5895 58.0185
"245" 44.5365 -77.368 54.703
"246" 43.8372 -77.2294 50.8506
"247" 43.4728 -78.4597 47.0814
"248" 43.8653 -80.7231 43.9035
"249" 45.6743 -84.1144 42.991
"250" 47.208 -87.4938 44.4247
"251" 47.6732749938965 -90.8899383544922 46.40478515625
"252" 47.6732749938965 -90.8899383544922 46.40478515625
"253" 47.6897087097168 -90.8856353759766 46.4433441162109
"254" 57.1378173828125 -83.0949554443359 85.6407852172852
"255" 54.6006 -83.6104 81.6875
"256" 52.5189 -85.7416 77.6445
"257" 51.2498 -88.0764 73.4181
"258" 50.2598 -90.2545 68.9843
"259" 50.1438 -92.2284 64.4469
"260" 50.7048 -94.3213 59.9001
"261" 51.6648483276367 -97.8861923217773 56.5446815490723
"262" 78.5535125732422 -73.3482437133789 32.563850402832
"263" 84.7497482299805 -56.2251853942871 117.000045776367
"264" 82.7634 -56.1839 116.816
"265" 80.8235 -56.3064 116.4467
"266" 79.326 -57.5947 116.1829
"267" 78.1768 -59.1939 116.1275
"268" 77.8784 -61.0944 116.6059
"269" 78.1965 -62.9676 117.201
"270" 78.7746 -64.8006 117.7334
"271" 80.2703 -65.7429 118.6155
"272" 81.9802 -66.581 119.2177
"273" 83.7495 -66.9826 119.9651
"274" 85.7423324584961 -66.810905456543 120.088455200195
"275" 75.4783477783203 -84.9773101806641 58.3429985046387
"276" 71.7419204711914 -53.2556076049805 92.8412246704102
"277" 68.3420104980469 -53.4639739990234 86.6836700439453
"278" 70.3044738769531 -49.9172668457031 76.0983581542969
"279" 80.7141494750977 -71.8833618164062 31.030158996582
"280" 79.1808 -72.5629 31.5651
"281" 78.1201 -73.3625 32.7368
"282" 77.1614 -74.3149 33.8999
"283" 76.3074 -75.5806 34.8122
"284" 75.5771 -77.0948 35.3744
"285" 75.1537 -78.6583 35.9361
"286" 75.6918 -80.2504 36.2835
"287" 76.489 -81.8052 36.0389
"288" 77.7232 -82.94 35.5357
"289" 79.1742 -83.2236 34.5491
"290" 80.853645324707 -83.3585205078125 34.0583000183105
"291" 54.7126846313477 -62.1091995239258 71.6450958251953
"292" 57.1378173828125 -83.0949554443359 85.6407852172852
"293" 59.1363 -84.2413 88.0555
"294" 61.3202 -82.7022 90.4131
"295" 63.4142 -81.1792 92.8617
"296" 65.4362 -79.8919 95.4904
"297" 67.5545 -79.2989 98.2916
"298" 69.4312 -79.0908 101.3007
"299" 71.5692 -78.4539 104.0754
"300" 73.614 -77.266 106.735
"301" 75.7874 -75.5087 108.9131
"302" 77.8321 -74.1303 111.4526
"303" 79.5866 -73.6841 114.4939
"304" 81.4779 -74.6314 117.3373
"305" 84.7134017944336 -74.8438568115234 118.409210205078
"306" 65.0521850585938 -94.461799621582 55.8178977966309
"307" 62.752 -93.6616 54.8697
"308" 60.1214 -94.0523 54.0938
"309" 57.5446 -94.8334 54.4636
"310" 55.1391 -95.8453 55.4223
"311" 53.3301 -97.7708 55.9903
"312" 52.7744 -99.9614 55.2329
"313" 54.1802 -100.3081 53.7168
"314" 56.2292 -98.6292 53.1138
"315" 58.5929 -97.3285 52.7948
"316" 61.3483 -97.2536 52.7795
"317" 64.0012 -97.6652 53.4728
"318" 65.9926 -96.9697 55.1821
"319" 57.1378173828125 -83.0949554443359 85.6407852172852
"320" 71.2405014038086 -61.7979278564453 101.054931640625
"321" 61.7935447692871 -66.4185256958008 89.9912567138672
"322" 77.9553604125977 -75.110969543457 97.2648620605469
"323" 58.8261985778809 -83.919807434082 25.7991981506348
"324" 72.248779296875 -60.3829002380371 100.942626953125
"325" 72.735 -58.0281 100.2002
"326" 72.4486 -56.0869 98.712
"327" 72.3091 -54.867 96.4956
"328" 72.0123 -53.8109 94.2158
"329" 71.2971 -53.3535 91.8262
"330" 70.2912 -53.0524 89.5452
"331" 68.7271 -53.6427 87.6751
"332" 67.0591 -54.5432 85.9905
"333" 65.3084 -55.7494 84.6237
"334" 63.8388 -57.6493 84.1342
"335" 62.5931 -59.6529 84.986
"336" 61.6489 -61.7159 86.0889
"337" 61.2887 -63.7356 87.5689
"338" 61.4564 -65.5595 89.2786
"339" 62.0214 -66.903 91.3539
"340" 63.1193 -67.3062 93.553
"341" 64.3908 -67.4942 95.7228
"342" 66.0008 -67.1274 97.6412
"343" 67.5392 -66.0513 99.283
"344" 69.0496 -64.2281 100.1795
"345" 70.6305 -62.311 100.6346
"346" 79.2927398681641 -55.877815246582 7.66698551177979
"347" 77.473388671875 -64.753532409668 53.9519386291504
"348" 82.2115020751953 -73.1186065673828 84.8600845336914
"349" 83.5062484741211 -78.702262878418 73.0637969970703
"350" 80.3960800170898 -73.7754669189453 74.9846572875977
"351" 68.3094635009766 -53.7303009033203 86.8500518798828
"352" 62.2805213928223 -59.8589324951172 84.6861877441406
"353" 67.3016510009766 -76.4848785400391 52.2345008850098
"354" 64.0130615234375 -73.7742156982422 44.6435852050781
"355" 64.1418 -73.7558 45.9498
"356" 63.5407 -74.0805 47.0151
"357" 63.8834 -74.0639 48.1657
"358" 63.4827 -74.3058 49.2414
"359" 63.0804 -74.94 50.2763
"360" 63.7666 -75.3004 51.1122
"361" 64.8875 -75.7038 51.6077
"362" 66.0862 -76.1118 51.9081
"363" 67.3016510009766 -76.4848785400391 52.2345008850098
"364" 51.6648483276367 -97.8861923217773 56.5446815490723
"365" 64.0130615234375 -73.7742156982422 44.6435852050781
"366" 44.678337097168 -70.6274108886719 37.5940017700195
"367" 74.6979904174805 -70.1312561035156 38.1561851501465
"368" 71.0088348388672 -69.3798980712891 45.2656478881836
"369" 49.4064483642578 -80.717414855957 27.8934516906738
"370" 79.2927398681641 -55.877815246582 7.66698551177979
"371" 77.3809 -54.5537 9.7573
"372" 75.3436 -53.5669 11.9296
"373" 72.7014 -53.1802 13.4659
"374" 69.7181 -53.3679 14.3228
"375" 66.8318 -53.9633 15.3917
"376" 64.3957 -54.767 17.1674
"377" 62.135 -55.4422 19.2341
"378" 60.0899 -56.3253 21.446
"379" 58.0927 -57.3667 23.6218
"380" 56.1504 -58.3206 25.8649
"381" 54.3247 -59.2732 28.1795
"382" 52.6344 -60.4047 30.5539
"383" 50.814 -61.4115 32.8873
"384" 49.2286 -63.0147 35.0163
"385" 47.5546 -65.48 35.9768
"386" 46.0218 -67.9437 37.1631
"387" 44.678337097168 -70.6274108886719 37.5940017700195
"388" 69.0607299804688 -79.3532943725586 82.0232086181641
"389" 71.8346 -78.9643 84.6258
"390" 73.67 -78.1672 87.854
"391" 75.3919 -77.4136 91.1919
"392" 76.6719 -76.5224 94.6909
"393" 78.3198 -74.7838 97.643
"394" 79.2327 -73.0182 100.8605
"395" 80.3401 -70.8668 103.7839
"396" 80.9592 -69.2839 107.0802
"397" 84.3543167114258 -67.6394348144531 106.63402557373
"398" 69.0607299804688 -79.3532943725586 82.0232086181641
"399" 98.9744262695312 -94.053840637207 54.1257781982422
"400" 99.0033187866211 -95.167854309082 53.5356597900391
"401" 99.9433670043945 -93.4489517211914 53.7938461303711
"402" 100.127342224121 -94.4136352539062 53.2990531921387
"403" 100.021858215332 -95.1878662109375 52.8880081176758
"404" 100.210304260254 -95.9667053222656 52.2235679626465
"405" 100.938598632812 -93.4432830810547 53.2188987731934
"406" 101.264083862305 -94.0205459594727 52.8796043395996
"407" 101.157943725586 -94.8670120239258 52.4653129577637
"408" 101.220031738281 -95.5022125244141 52.0439987182617
"409" 101.408866882324 -96.1390151977539 51.3501129150391
"410" 102.537895202637 -93.1468734741211 52.5927696228027
"411" 102.572578430176 -94.1106491088867 52.2350311279297
"412" 102.488433837891 -94.8638916015625 51.8815460205078
"413" 102.480743408203 -95.6763687133789 51.267204284668
"414" 103.793891906738 -92.8516998291016 52.355884552002
"415" 103.807807922363 -93.6463470458984 52.099494934082
"416" 103.850578308105 -94.4829940795898 51.7424049377441
"417" 103.79069519043 -95.3896789550781 50.8870277404785
"418" 105.102867126465 -93.4651260375977 52.0079307556152
"419" 105.125801086426 -94.4194946289062 51.6486587524414
"420" 105.056625366211 -95.1751022338867 50.972095489502
"421" 106.194458007812 -93.4590759277344 52.1623725891113
"422" 106.027214050293 -94.6869201660156 51.6036758422852
"423" 106.381851196289 -95.5112075805664 51.0316276550293
"424" 107.272232055664 -94.1407852172852 52.1761131286621
"425" 107.250755310059 -95.1715774536133 51.6806259155273
"426" 107.614967346191 -96.0216751098633 51.1211547851562
"427" 108.024002075195 -93.8893890380859 52.651237487793
"428" 108.14826965332 -94.9599533081055 52.1874694824219
"429" 108.472862243652 -95.9998092651367 51.6767387390137
"430" 108.882911682129 -97.4064483642578 50.7625617980957
"431" 109.407699584961 -95.1522216796875 52.901294708252
"432" 109.487113952637 -95.9892959594727 52.5990943908691
"433" 109.625198364258 -97.0514373779297 51.9180679321289
"434" 110.194053649902 -97.9655227661133 51.7636413574219
"435" 110.352203369141 -95.9970092773438 53.4103088378906
"436" 110.676742553711 -97.2291717529297 52.9143409729004
"437" 111.133399963379 -96.7612991333008 53.5500526428223
"438" 64.9080810546875 -95.2865905761719 55.6160011291504
"439" 65.0422134399414 -95.9837112426758 55.2521095275879
"440" 64.8564910888672 -96.7349090576172 54.6807899475098
"441" 64.0521850585938 -95.1747131347656 55.010498046875
"442" 64.0433731079102 -95.9323883056641 54.7440910339355
"443" 64.0277862548828 -96.5697326660156 54.2951507568359
"444" 63.9938316345215 -96.9850692749023 53.9959754943848
"445" 63.2177734375 -94.9381561279297 54.6968116760254
"446" 63.0297470092773 -95.63525390625 54.401195526123
"447" 63.0275917053223 -96.2337265014648 54.0761489868164
"448" 63.1149215698242 -96.7095642089844 53.8178482055664
"449" 62.9977760314941 -97.1538848876953 53.4311027526855
"450" 61.9983711242676 -94.9156494140625 54.2784042358398
"451" 62.0435447692871 -95.8064422607422 53.9812278747559
"452" 61.9536285400391 -96.3938064575195 53.6501502990723
"453" 62.006233215332 -96.8210220336914 53.360424041748
"454" 60.7402153015137 -94.8133392333984 54.0231323242188
"455" 60.9374542236328 -95.5410995483398 53.8210945129395
"456" 60.8115425109863 -95.9698791503906 53.6466827392578
"457" 60.8335380554199 -96.5032043457031 53.4084739685059
"458" 59.4943885803223 -94.6982040405273 53.9591369628906
"459" 59.6230010986328 -95.4025421142578 53.7906455993652
"460" 59.725513458252 -96.048225402832 53.5734367370605
"461" 59.9705009460449 -96.6156387329102 53.2317848205566
"462" 58.450855255127 -95.1876907348633 54.0551719665527
"463" 58.6522331237793 -95.8740844726562 53.8694305419922
"464" 58.7870903015137 -96.4403228759766 53.589900970459
"465" 58.9330291748047 -96.9670715332031 53.1321563720703
"466" 57.4624557495117 -95.7319946289062 54.2735595703125
"467" 57.8307456970215 -96.0265045166016 54.0524063110352
"468" 57.9683456420898 -96.6801376342773 53.7290420532227
"469" 57.6715469360352 -97.2955780029297 53.4292106628418
"470" 56.8503341674805 -96.1270751953125 54.5116767883301
"471" 57.0019378662109 -96.7744827270508 54.1543045043945
"472" 56.7951126098633 -97.6828994750977 53.5843200683594
"473" 55.5916938781738 -96.568733215332 54.9161491394043
"474" 56.0169868469238 -97.2269973754883 54.4083099365234
"475" 56.0670509338379 -98.2239532470703 54.0205154418945
"476" 54.8438949584961 -97.1284484863281 55.0442085266113
"477" 55.2881507873535 -98.3352584838867 54.2198028564453
"478" 55.4182662963867 -99.1037673950195 53.9539337158203
"479" 53.5889739990234 -98.7816543579102 55.5
"480" 54.1261901855469 -99.3811798095703 54.6835556030273
"481" 54.5336151123047 -99.6554183959961 54.1735916137695
"482" 53.5852737426758 -99.1215972900391 55.2930335998535
"483" 54.0582618713379 -99.5526885986328 54.6390991210938
"484" 105.990272521973 -80.2781982421875 85.3364028930664
"485" 105.673377990723 -77.0905990600586 84.3639907836914
"486" 103.590690612793 -74.6098709106445 84.80908203125
"487" 102.528038024902 -75.8554077148438 83.9098815917969
"488" 100.830749511719 -77.2033538818359 83.6511993408203
"489" 99.3694534301758 -77.3333969116211 82.4258422851562
"490" 105.70809173584 -78.2298965454102 86.5815505981445
"491" 104.624877929688 -74.1228637695312 88.1179351806641
"492" 101.71900177002 -73.2592010498047 87.3000030517578
"493" 100.717483520508 -75.1836471557617 86.0091781616211
"494" 99.7273330688477 -77.6369171142578 85.0456085205078
"495" 98.0678253173828 -77.6662445068359 83.7003173828125
"496" 103.679908752441 -78.6903457641602 88.6501541137695
"497" 102.682144165039 -75.6339569091797 88.5257034301758
"498" 101.46656036377 -72.8492584228516 88.502311706543
"499" 100.547996520996 -73.9526977539062 88.5167007446289
"500" 99.8385238647461 -75.4759674072266 87.1112365722656
"501" 96.9881973266602 -77.0335998535156 86.613151550293
"502" 102.608947753906 -77.879638671875 90.5339736938477
"503" 101.166938781738 -74.813117980957 91.1418914794922
"504" 100.450553894043 -73.0603713989258 90.2965927124023
"505" 99.8426971435547 -74.5337219238281 91.1552047729492
"506" 97.6378479003906 -76.5279922485352 90.7694778442383
"507" 95.4892272949219 -76.369758605957 89.8175811767578
"508" 101.114936828613 -76.9029693603516 92.9901580810547
"509" 100.535995483398 -74.2161712646484 93.0854263305664
"510" 100.389709472656 -74.205207824707 93.0831909179688
"511" 97.9462814331055 -76.0127105712891 92.9337310791016
"512" 95.9198226928711 -75.7201843261719 92.4945449829102
"513" 94.4558715820312 -75.9317092895508 91.5625
"514" 99.7892761230469 -76.4336242675781 95.4512100219727
"515" 99.8323440551758 -73.9904708862305 95.4047927856445
"516" 99.1901168823242 -73.6828918457031 95.3937301635742
"517" 96.6720657348633 -75.2297821044922 95.344596862793
"518" 94.0030364990234 -75.2271499633789 94.7139205932617
"519" 98.5506210327148 -76.3373107910156 98.2269439697266
"520" 98.8550338745117 -73.6913452148438 97.8456115722656
"521" 98.3593978881836 -73.179557800293 97.7539138793945
"522" 95.4598922729492 -74.7718887329102 97.4132461547852
"523" 93.3821182250977 -74.8747940063477 97.0611877441406
"524" 97.3259124755859 -75.9760665893555 99.9744110107422
"525" 97.4509582519531 -73.0624847412109 99.5065231323242
"526" 97.0847396850586 -72.7243881225586 99.3370056152344
"527" 94.8438034057617 -74.2155990600586 99.2994995117188
"528" 91.8763732910156 -74.0471954345703 99.311149597168
"529" 95.7631530761719 -75.2657699584961 101.824028015137
"530" 96.0660400390625 -72.9452514648438 101.603561401367
"531" 95.7731246948242 -72.6582489013672 101.196502685547
"532" 93.5898056030273 -73.8729629516602 100.579048156738
"533" 91.6865310668945 -73.8272705078125 99.620849609375
"534" 94.7594146728516 -74.875244140625 103.886848449707
"535" 94.8319320678711 -72.1823120117188 103.413192749023
"536" 93.2814254760742 -73.2738876342773 102.395149230957
"537" 91.9735412597656 -73.1396331787109 101.268745422363
"538" 93.5934143066406 -73.9330825805664 105.10359954834
"539" 94.6710433959961 -72.0311965942383 103.723297119141
"540" 92.2845840454102 -72.8013305664062 103.37287902832
"541" 90.581428527832 -72.4294509887695 101.886924743652
"542" 92.8195648193359 -73.3983383178711 106.445281982422
"543" 93.2807998657227 -71.0939025878906 105.597999572754
"544" 91.4550399780273 -72.0813446044922 104.583099365234
"545" 90.365837097168 -71.8109588623047 103.437423706055
"546" 91.750846862793 -72.4504013061523 107.659049987793
"547" 92.2438430786133 -70.3798675537109 106.573020935059
"548" 90.4359970092773 -71.2594985961914 105.322639465332
"549" 90.8094635009766 -71.72314453125 109.063056945801
"550" 90.3080825805664 -70.5909271240234 107.900787353516
"551" 90.135139465332 -70.4532165527344 107.276275634766
"552" 90.2452774047852 -71.6315612792969 110.805717468262
"553" 89.9375534057617 -70.4482269287109 109.518730163574
"554" 89.47998046875 -69.8641891479492 108.377326965332
"555" 89.6906127929688 -71.4646072387695 112.274436950684
"556" 89.3358154296875 -70.3744888305664 111.068260192871
"557" 87.8331146240234 -68.0634384155273 109.813957214355
"558" 88.8042221069336 -72.0125427246094 114.488105773926
"559" 88.5803298950195 -70.507453918457 113.113311767578
"560" 88.3210983276367 -69.3097076416016 111.73371887207
"561" 85.1563034057617 -67.5243988037109 110.699996948242
"562" 88.4621810913086 -73.097770690918 115.856033325195
"563" 87.3859939575195 -70.6980590820312 114.756904602051
"564" 86.7112350463867 -69.7870788574219 114.429649353027
"565" 85.1796875 -67.6996383666992 113.148292541504
"566" 86.5675582885742 -71.5531768798828 116.132598876953
"567" 85.3205947875977 -69.9003067016602 115.061614990234
"568" 61.1173553466797 -79.5554275512695 87.0854339599609
"569" 63.1329002380371 -76.4061965942383 88.5
"570" 64.3319854736328 -77.2243804931641 87.4086608886719
"571" 65.5081329345703 -76.850700378418 85.8000030517578
"572" 67.17919921875 -78.8354263305664 84.3327102661133
"573" 60.7812614440918 -79.8468627929688 87.4884338378906
"574" 61.6783714294434 -76.6558990478516 88.5047760009766
"575" 62.8065147399902 -74.5748138427734 88.7751159667969
"576" 64.6183242797852 -73.9828796386719 87.8979187011719
"577" 67.340705871582 -78.8946533203125 87.5401916503906
"578" 69.477409362793 -78.77197265625 86.2285461425781
"579" 62.0317153930664 -78.6834564208984 89.0166702270508
"580" 63.1425399780273 -75.5609970092773 90.3163299560547
"581" 65.1091232299805 -73.5001449584961 90.9000015258789
"582" 66.1033782958984 -76.6495208740234 90.4519577026367
"583" 68.8250885009766 -78.1862640380859 89.5600357055664
"584" 70.8480606079102 -78.0229034423828 88.4763946533203
"585" 65.2605819702148 -78.6975631713867 91.7880706787109
"586" 65.1846923828125 -74.3646926879883 92.0720367431641
"587" 65.4218978881836 -74.2186965942383 92.0999984741211
"588" 68.6952590942383 -75.4009475708008 92.1142196655273
"589" 70.6716384887695 -77.2004013061523 92.1952133178711
"590" 72.5811767578125 -77.1799926757812 91.6702270507812
"591" 66.4260559082031 -76.0868072509766 94.3863067626953
"592" 68.0555191040039 -74.8439636230469 94.5265884399414
"593" 68.443000793457 -73.9954223632812 94.8558959960938
"594" 69.6524353027344 -76.6120834350586 95.1126937866211
"595" 72.0171661376953 -76.6132583618164 94.582405090332
"596" 73.8427886962891 -76.3064575195312 94.6316070556641
"597" 68.7071380615234 -76.9967193603516 96.5009765625
"598" 68.4420700073242 -73.8670120239258 97.2209014892578
"599" 69.6076965332031 -74.108528137207 97.885871887207
"600" 72.0612869262695 -75.8355712890625 97.6664505004883
"601" 74.6135177612305 -75.8531951904297 97.4406433105469
"602" 70.3143844604492 -76.5956878662109 99.0147552490234
"603" 70.3330841064453 -73.6960830688477 99.4919204711914
"604" 70.8466491699219 -73.4281158447266 99.9580841064453
"605" 73.5911102294922 -75.3569488525391 99.6454467773438
"606" 75.6837387084961 -75.3169403076172 99.1514892578125
"607" 72.1485290527344 -75.9848403930664 101.201866149902
"608" 71.9091644287109 -73.3722152709961 101.35132598877
"609" 73.2818984985352 -75.046142578125 101.091293334961
"610" 75.0027847290039 -74.8959579467773 100.71004486084
"611" 76.5348815917969 -74.8060531616211 99.8242568969727
"612" 73.7785720825195 -75.0592956542969 103.108680725098
"613" 73.5941009521484 -72.3469009399414 103.200996398926
"614" 75.2053070068359 -74.2744750976562 102.419937133789
"615" 77.0248107910156 -73.9472961425781 101.20011138916
"616" 74.978630065918 -74.390022277832 104.653327941895
"617" 74.5742874145508 -72.0277328491211 104.34139251709
"618" 76.4853897094727 -73.4030838012695 103.756072998047
"619" 77.9010543823242 -73.0141448974609 102.560546875
"620" 75.7500991821289 -73.9100341796875 106.144706726074
"621" 76.7682876586914 -72.8859481811523 106.106719970703
"622" 77.3680572509766 -72.4523468017578 105.860160827637
"623" 78.2663726806641 -71.8872833251953 105.327262878418
"624" 77.2193832397461 -72.8486328125 108.238731384277
"625" 78.2239761352539 -71.4631576538086 108.157089233398
"626" 78.6635818481445 -70.8646392822266 108.00806427002
"627" 78.5240631103516 -72.1214370727539 110.398330688477
"628" 78.934211730957 -71.1219024658203 110.017608642578
"629" 79.8623657226562 -69.7685470581055 109.843399047852
"630" 80.5902633666992 -68.8946228027344 109.321815490723
"631" 79.6434707641602 -71.5705413818359 112.622497558594
"632" 80.3157653808594 -70.7248992919922 112.713874816895
"633" 80.8118515014648 -69.6937255859375 112.324058532715
"634" 82.7288970947266 -68.2811965942383 110.400001525879
"635" 80.5855484008789 -72.4768295288086 114.890846252441
"636" 81.718994140625 -71.1625823974609 114.981201171875
"637" 82.7345199584961 -69.8667755126953 114.534187316895
"638" 84.4453735351562 -69.196159362793 114.590789794922
