"V1" "V2" "V3"
"1" 29412.560546875 32467.251953125 14436.115234375
"2" 29546.2094 33887.5968 14138.8308
"3" 29451.4548 35312.8282 13843.0072
"4" 29428.5657 36733.0193 13549.8762
"5" 29457.0808 38147.4099 13211.0362
"6" 29456.3491 39565.5752 12855.5364
"7" 29427.2368 40980.7866 12490.0161
"8" 29485.0618 42383.7565 12085.8467
"9" 29572.5645 43780.9409 11662.8933
"10" 29660.0672 45178.1254 11239.9398
"11" 29607.2875 46544.4084 10733.3842
"12" 29514.0338 47906.6617 10258.608
"13" 29420.51953125 49307.40625 9891.7421875
"14" 35898.8125 56269.546875 8317.357421875
"15" 32733.8359375 50306.859375 9802.82421875
"16" 32808.05078125 38721.46484375 16112.287109375
"17" 55000.8046875 50417.609375 5266.5947265625
"18" 54173.7959 48358.5226 4309.2481
"19" 53708.6958 46021.9559 4353.5962
"20" 53951.1442 43750.5925 5012.6996
"21" 54365.722 41698.0444 6203.3936
"22" 54757.182 40412.1372 8157.6122
"23" 55384.8573 40200.8852 10452.0991
"24" 56022.5191 41463.0697 12314.3925
"25" 56729.9869 43482.7804 13408.1604
"26" 57291.4625 45710.8645 14113.7151
"27" 57346.973 48119.2236 14319.9375
"28" 57356.5762 50504.729 14055.645
"29" 57101.4188 52635.0114 12980.0534
"30" 57070.1355 53860.324 10977.4025
"31" 56329.6067 53359.125 8777.4632
"32" 55588.4848 52104.6113 6868.9458
"33" 55000.7265625 50433.9921875 5229.54345703125
"34" 55000.7265625 50433.9921875 5229.54345703125
"35" 55000.8046875 50417.609375 5266.5947265625
"36" 51589.640625 23283.150390625 14615.412109375
"37" 48847.4917 24352.2739 18602.7157
"38" 45066.0045 26747.846 21973.4451
"39" 41514.3117 30445.4279 24425.6402
"40" 38871.1345 35258.9895 25922.9835
"41" 36881.8489 40388.51 27124.7284
"42" 37144.1234 46036.6978 27384.7267
"43" 38426.0206 51575.2843 27362.8806
"44" 40966.0737 56587.4697 26393.7924
"45" 43729.9357 61205.6476 24673.374
"46" 47226.1237 63129.2262 21436.1926
"47" 50956.4128 59733.9845 18841.6049
"48" 54585.4653 56040.3747 16504.625
"49" 56929.5098 51134.2303 14991.2833
"50" 57568.6661 45532.3148 15058.1127
"51" 56610.327 40215.3266 13417.8716
"52" 54942.7890625 38650.1796875 8634.580078125
"53" 29615.263671875 66513.59375 18891.509765625
"54" 29874.34765625 5869.890625 24227.10546875
"55" 31429.8533 5856.1412 23762.3003
"56" 32991.8981 6333.1064 23584.5285
"57" 34444.0769 6799.0235 22965.5002
"58" 35478.0096 6832.3828 21767.1313
"59" 36084.9592 5855.5392 20623.0755
"60" 36015.4935 4397.3905 19895.2363
"61" 35530.8455 3061.5509 19055.8725
"62" 34470.9607 2288.9146 18132.2738
"63" 32913.894 1993.3689 17753.7801
"64" 31351.3417 1656.2489 17423.2259
"65" 29803.66015625 1192.6171875 17574.615234375
"66" 39492.34765625 49209.21875 11034.58984375
"67" 35702.44921875 14156.841796875 25756.3203125
"68" 39388.2890625 19998.42578125 25501.658203125
"69" 37083.7421875 31342.783203125 26434.4375
"70" 29382.904296875 63364.625 17192.177734375
"71" 30180.519 63566.9356 16608.0153
"72" 30693.3128 63346.8962 15766.4793
"73" 31243.2412 62922.8432 15019.6766
"74" 31775.7894 62416.8022 14345.5508
"75" 32103.4341 61660.2924 13746.7805
"76" 32098.3872 61029.1917 12955.5648
"77" 31847.3455 60847.9282 12012.4081
"78" 31466.0261 61044.3988 11087.2726
"79" 30912.9264 61375.839 10326.2129
"80" 29942.8084 61553.6591 10177.3802
"81" 28962.734375 61538.328125 10460.0087890625
"82" 45419.55859375 26569.30859375 21568.84765625
"83" 51589.640625 23283.150390625 14615.412109375
"84" 51252.9543 21972.1542 13086.0159
"85" 50229.4214 20170.3702 12495.0958
"86" 49027.8951 18380.7396 12304.7274
"87" 47947.1547 16507.5364 12178.9943
"88" 46678.4187 14755.9574 12219.5484
"89" 45332.6117 13067.1813 12348.1285
"90" 43946.4764 11418.6972 12556.9555
"91" 42488.4442 9845.6035 12818.2128
"92" 40946.6927 8347.9449 13088.0336
"93" 39341.4172 6911.7186 13316.698
"94" 37669.4803 5542.3214 13437.1007
"95" 35812.7438 4438.0851 13538.7455
"96" 33861.2593 3539.7686 13756.9804
"97" 31843.9451 2843.6433 14086.2125
"98" 29723.1953125 2421.8134765625 14076.99609375
"99" 45021.68359375 43324.6484375 4144.603515625
"100" 46511.407 43387.9422 4396.4429
"101" 47825.9149 44020.5635 4899.5782
"102" 49340.4951 44047.7781 5242.1998
"103" 50716.5422 43356.7384 5085.0906
"104" 52056.9111 43511.4575 4689.9858
"105" 52472.4175 44654.4473 3745.4188
"106" 52309.2406 45998.7386 3046.305
"107" 51455.5222 47008.4899 2288.447
"108" 49903.2597 47218.0645 2210.148
"109" 48350.7277 46939.0269 2108.9739
"110" 46871.8879 46381.4395 2026.7426
"111" 45482.3469 45697.139 2292.1414
"112" 44932.4059 44489.1076 3074.5333
"113" 51589.640625 23283.150390625 14615.412109375
"114" 37255.01171875 9232.9775390625 22261.259765625
"115" 43871.58203125 13735.8203125 17852.52734375
"116" 36903.734375 16149.875 15031.576171875
"117" 45626.703125 66812.6875 9514.810546875
"118" 36552.22265625 9540.62109375 23138.28515625
"119" 35818.2934 10697.2056 24257.6668
"120" 35511.5909 12196.7552 25118.455
"121" 35677.5528 13829.9093 25713.4455
"122" 36150.9549 15492.6468 26077.7357
"123" 36917.1352 17083.3298 26239.8484
"124" 37988.3709 18489.2972 26119.1841
"125" 39150.9705 19715.5736 25638.3783
"126" 40304.1451 20819.7545 24952.2557
"127" 41581.0119 21832.5991 24250.9958
"128" 42933.1999 22141.789 23201.3869
"129" 44282.0932 21840.8728 22176.4763
"130" 45146.4488 20726.6091 21116.1795
"131" 45503.0247 19411.9125 19982.6097
"132" 45654.4455 17972.1243 18969.7856
"133" 45311.5848 16422.802 18206.0385
"134" 44587.1702 14843.3787 17877.5255
"135" 43624.4719 13358.3003 17925.1427
"136" 42508.9001 12013.3285 18186.4133
"137" 41258.6543 10893.1294 18705.6465
"138" 39996.5431 9918.5238 19483.2957
"139" 38817.1148 9119.0431 20528.7967
"140" 37681.8458 9118.4925 21834.9845
"141" 32859.65625 61377.65625 27479.26171875
"142" 33394.93359375 47650.40234375 22010.75
"143" 30445.986328125 14601.1689453125 17568.974609375
"144" 32438.166015625 23728.150390625 14843.419921875
"145" 31805.765625 27087.8515625 16116.572265625
"146" 39312.6953125 19959.083984375 25417.150390625
"147" 44130.09765625 22024.451171875 22213.244140625
"148" 42815.5234375 44266.6875 11707.982421875
"149" 40853.35546875 52817.7578125 15926.68359375
"150" 41752.579 51761.2738 15893.8956
"151" 42401.9757 50655.412 15691.2656
"152" 42692.3042 49332.3031 15346.6239
"153" 42802.9352 48211.3346 14661.3316
"154" 42186.8559 47297.7655 14881.9962
"155" 43418.073 47251.9744 14315.9762
"156" 43636.7266 46202.4024 13456.8959
"157" 43169.829 45047.6401 12858.7698
"158" 42815.5234375 44266.6875 11707.982421875
"159" 54942.7890625 38650.1796875 8634.580078125
"160" 40853.35546875 52817.7578125 15926.68359375
"161" 38108.62890625 60770.16015625 26108.693359375
"162" 32058.390625 58003.84765625 17361.87890625
"163" 36550.25390625 52357.015625 18702.69140625
"164" 46818.65625 72299.734375 17408.275390625
"165" 32859.65625 61377.65625 27479.26171875
"166" 33179.9931 61153.893 27460.6496
"167" 33500.33 60930.1297 27442.0374
"168" 33765.9983 60662.9035 27360.1485
"169" 34059.2008 60449.8342 27298.9548
"170" 34386.5916 60254.7624 27249.7478
"171" 34734.1668 60077.5659 27234.3074
"172" 35064.8169 59893.0432 27143.7222
"173" 35425.6671 59747.7018 27126.5199
"174" 35760.3831 59567.5691 27053.6409
"175" 36122.4091 59545.1742 26987.9736
"176" 36500.3852 59566.4476 26900.5783
"177" 36852.7221 59629.7677 26769.7831
"178" 37210.9663 59714.645 26639.6875
"179" 37528.4703 59877.9091 26496.0796
"180" 37728.7421 60110.1986 26288.3187
"181" 37918.6855 60440.1794 26198.506
"182" 38108.62890625 60770.16015625 26108.693359375
"183" 46808.33984375 22785.78125 14124.140625
"184" 44768.8084 21308.324 13958.1441
"185" 42639.639 19937.7174 14138.9866
"186" 40558.2409 18488.9875 14273.7913
"187" 38337.8004 17332.4093 14637.0855
"188" 36774.6766 15445.9028 15002.9719
"189" 35303.0903 13424.0308 15350.5704
"190" 33903.9616 11350.8258 15780.8236
"191" 32083.0727 10177.2796 16866.3028
"192" 29747.947265625 10599.552734375 17611.12890625
"193" 46808.33984375 22785.78125 14124.140625
"194" 29874.34765625 5869.890625 24227.10546875
"195" 29747.947265625 10599.552734375 17611.12890625
"196" 29420.51953125 49307.40625 9891.7421875
"197" 29547.1171875 31014.50390625 15869.0908203125
"198" 29412.560546875 32467.251953125 14436.115234375
"199" 32808.05078125 38721.46484375 16112.287109375
"200" 31613.3026 39441.2082 15705.4169
"201" 30746.1099 40703.3562 15464.5631
"202" 29246.9844 41019.5163 15413.1217
"203" 27797.0679 40569.7835 15734.7301
"204" 27098.9321 39245.7163 16051.6295
"205" 25790.0390625 38717.4765625 16420.607421875
"206" 29382.904296875 63364.625 17192.177734375
"207" 29801.498046875 9607.6533203125 25595.939453125
"208" 29874.34765625 5869.890625 24227.10546875
"209" 29692.7597 8434.302 25433.1373
"210" 29855.5567 11133.2799 26317.7469
"211" 29822.9815 13936.1881 26892.6037
"212" 29906.9638 16753.3499 27352.2419
"213" 29979.0724 19578.4854 27708.7798
"214" 30039.4426 22423.1142 27430.3966
"215" 30014.5928 25280.0801 27320.1921
"216" 30030.3781 28134.9764 27320.3899
"217" 29968.2504 30992.9482 27378.7209
"218" 30004.0752 33838.3501 27623.379
"219" 29921.8546 36690.5022 27838.799
"220" 29966.6341 39533.9514 28133.4622
"221" 29965.0076 42385.2599 28349.0553
"222" 30098.2061 45229.1917 28614.4569
"223" 29914.2942 48042.4817 28835.6544
"224" 29860.1146 50884.6192 28888.2859
"225" 29913.7038 53742.6156 28811.0857
"226" 29940.275390625 56580.6015625 28514.015625
"227" 28739.541015625 64566.3125 6893.0390625
"228" 30009.611328125 30617.2890625 27371.57421875
"229" 29940.275390625 56580.6015625 28514.015625
"230" 29803.66015625 1192.6171875 17574.615234375
"231" 29723.1953125 2421.8134765625 14076.99609375
"232" 29597.666015625 68921.828125 23606.5
"233" 28962.734375 61538.328125 10460.0087890625
"234" 22005.8203125 56376.7421875 9157.875
"235" 25715.923828125 50423.00390625 10046.5390625
"236" 25790.0390625 38717.4765625 16420.607421875
"237" 3110.3798828125 50208.40625 7370.1416015625
"238" 3726.9167 47729.7957 6367.0151
"239" 4114.3998 45046.2612 6182.1389
"240" 3871.5794 42619.4244 7494.2446
"241" 3567.7863 40557.6163 9282.636
"242" 3335.5002 39859.7932 11883.7324
"243" 2672.799 40762.7089 14381.5553
"244" 1907.6939 42895.3196 15908.4137
"245" 1518.5441 45566.3078 16483.6765
"246" 1433.3574 48321.3865 16650.2411
"247" 1356.8039 50966.0304 15937.3165
"248" 1318.757 53188.495 14345.6606
"249" 1940.7058 53171.3735 11821.2081
"250" 2567.0288 51866.9191 9547.5564
"251" 3090.3232421875 50232.390625 7397.1376953125
"252" 3090.3232421875 50232.390625 7397.1376953125
"253" 3110.3798828125 50208.40625 7370.1416015625
"254" 7477.6328125 23045.693359375 16637.55859375
"255" 16135.4218 27879.824 24211.8182
"256" 22905.2982 38348.8641 27759.2735
"257" 21776.7298 51176.9896 28454.8683
"258" 15219.9896 61990.7978 25635.1676
"259" 6230.8641 57673.0906 20028.3933
"260" 1651.967 46854.1152 17360.3013
"261" 3467.74609375 38446.765625 10823.8193359375
"262" 29252.416015625 66536.9921875 18899.658203125
"263" 29874.34765625 5869.890625 24227.10546875
"264" 28321.7112 5925.1981 23893.679
"265" 26879.0315 6582.9637 23698.396
"266" 25432.9696 7051.5737 23283.3482
"267" 24452.7103 6809.9667 22180.2858
"268" 23850.1665 5836.0208 21063.8638
"269" 23886.2489 4439.084 20306.3604
"270" 24459.4047 3160.6054 19522.3812
"271" 25441.0219 2241.2683 18667.7589
"272" 26729.8487 1610.2635 17933.1501
"273" 28202.1235 1098.4763 17523.7782
"274" 29803.66015625 1192.6171875 17574.615234375
"275" 19037.955078125 48611.265625 12209.84765625
"276" 24807.197265625 13065.1708984375 26118.392578125
"277" 20338.689453125 20393.35546875 26117.125
"278" 23881.67578125 31029.314453125 27113.07421875
"279" 29382.904296875 63364.625 17192.177734375
"280" 28485.4867 63553.7681 16815.2376
"281" 27771.3801 63567.2271 16206.9676
"282" 27212.7644 62967.8352 15625.8618
"283" 26646.9444 62524.3573 14928.7608
"284" 26490.2448 61703.7019 14402.6577
"285" 26402.2796 61069.0388 13634.3959
"286" 26551.208 60776.8768 12709.4887
"287" 26847.8924 60964.3384 11769.1227
"288" 27237.4942 61243.6028 10898.8866
"289" 27968.1269 61632.499 10418.5537
"290" 28962.734375 61538.328125 10460.0087890625
"291" 14107.19140625 25992.923828125 22551.287109375
"292" 7477.6328125 23045.693359375 16637.55859375
"293" 7950.4561 21302.1253 15022.5509
"294" 9152.9447 19225.9567 14308.2243
"295" 10525.8037 17139.8135 14045.0772
"296" 12003.5649 15114.1809 13915.7535
"297" 13558.1865 13139.8308 13902.2028
"298" 15221.4024 11257.2837 13987.9933
"299" 16938.3914 9427.6147 14134.7713
"300" 18837.7691 7791.0906 14286.3221
"301" 20514.8886 5966.466 14645.2661
"302" 22702.3212 4865.2848 14123.2611
"303" 24911.1189 3767.9646 14201.2355
"304" 27294.8215 3015.283 14296.5133
"305" 29723.1953125 2421.8134765625 14076.99609375
"306" 12435.1748046875 43266.0390625 5660.353515625
"307" 10926.4769 43602.8817 6023.6251
"308" 9519.0518 43967.2621 6713.3722
"309" 8090.9495 43625.1844 7046.9555
"310" 6682.6291 43210.7524 6782.099
"311" 5790.1149 44060.2069 5788.8213
"312" 5987.1601 45364.6492 4913.0662
"313" 6504.1017 46743.8737 4233.882
"314" 7909.8564 47196.4439 3899.5173
"315" 9486.8159 46962.262 3696.865
"316" 10995.7996 46399.7313 3575.1104
"317" 12338.5078 45577.6371 3874.4274
"318" 13010.8627 44341.8888 4630.8763
"319" 7477.6328125 23045.693359375 16637.55859375
"320" 21460.9921875 9222.220703125 21556.615234375
"321" 14887.068359375 14601.9384765625 19105.201171875
"322" 22167.22265625 16084.7919921875 15623.5
"323" 12082.7099609375 66126.625 11182.9140625
"324" 22328.677734375 9094.5 22522.482421875
"325" 23505.2317 9824.5117 23758.4003
"326" 24390.6828 11115.4604 24745.7532
"327" 24781.3452 12578.3655 25803.8676
"328" 24684.4149 14293.3329 26515.3114
"329" 24058.6545 15995.1231 26928.0602
"330" 23176.2802 17610.0452 27134.1793
"331" 21828.6473 18874.2183 26952.5679
"332" 20548.1098 20135.382 26434.9612
"333" 19279.2941 21384.4154 25856.6736
"334" 17863.3036 22198.0179 25027.6724
"335" 16361.913 21955.3504 23994.7871
"336" 15074.8218 21196.8713 22922.7395
"337" 14369.5192 19936.3172 21740.618
"338" 14089.7388 18435.6946 20674.2702
"339" 14193.1878 16814.8712 19764.615
"340" 14694.7472 15117.2145 19234.0936
"341" 15640.8316 13518.5863 19024.3318
"342" 16849.5496 12097.9261 19150.0897
"343" 18139.586 10813.7188 19551.2742
"344" 19595.4218 9864.8948 20233.3777
"345" 20983.5416 9195.0952 21224.3008
"346" 26480.787109375 60973.0546875 27776.70703125
"347" 26020.1328125 47005.21484375 22379.654296875
"348" 28997.63671875 14778.748046875 17582.6015625
"349" 26841.453125 23808.228515625 14984.423828125
"350" 27328.53125 27387.486328125 16089.001953125
"351" 20268.775390625 20427.689453125 26353.75390625
"352" 16033.3564453125 22013.80859375 23749.001953125
"353" 15697.4912109375 44275.37109375 12782.7236328125
"354" 17856.68359375 52895.6640625 17029.19140625
"355" 17246.3138 51679.5659 17011.5688
"356" 16870.1854 50397.605 17243.632
"357" 16383.2795 49259.9456 16966.3963
"358" 15680.0769 48519.7656 16062.8023
"359" 16170.1997 47294.6833 16028.1169
"360" 16468.4986 46013.363 15817.057
"361" 15743.3417 45501.4959 14897.6614
"362" 15709.9587 44846.3406 13989.6517
"363" 15697.4912109375 44275.37109375 12782.7236328125
"364" 3467.74609375 38446.765625 10823.8193359375
"365" 17856.68359375 52895.6640625 17029.19140625
"366" 21191.30859375 60827.00390625 26938.603515625
"367" 26437.1328125 57723.1953125 17417.470703125
"368" 21770.830078125 52084.33984375 18750.2109375
"369" 12413.884765625 72319.2265625 19236.244140625
"370" 26480.787109375 60973.0546875 27776.70703125
"371" 26138.6928 60886.06 27819.485
"372" 25796.5985 60799.0654 27862.263
"373" 25484.0271 60645.8016 27832.3505
"374" 25180.6484 60463.7463 27802.2496
"375" 24858.2889 60316.8131 27778.4608
"376" 24542.5028 60154.6825 27783.0509
"377" 24213.3331 60022.4226 27763.8503
"378" 23886.1796 59886.0099 27739.2357
"379" 23568.9431 59747.1922 27667.8729
"380" 23236.1892 59720.0007 27575.5331
"381" 22904.9641 59825.7264 27519.7297
"382" 22600.7352 59989.618 27465.443
"383" 22302.4668 60172.3587 27432.9688
"384" 22011.0477 60324.4965 27372.8447
"385" 21710.3794 60454.258 27250.5846
"386" 21450.844 60640.6309 27094.5941
"387" 21191.30859375 60827.00390625 26938.603515625
"388" 12571.921875 22412.818359375 15593.6875
"389" 14015.1623 20404.0688 15269.9767
"390" 16222.3516 19275.8502 15311.6059
"391" 18425.9721 18079.3309 15335.1207
"392" 20727.0404 17078.7644 15447.9332
"393" 22382.2565 15224.0099 15664.2373
"394" 23939.7453 13319.0829 16150.2614
"395" 25387.9088 11275.7275 16281.4641
"396" 27305.8362 10454.4045 17151.6078
"397" 29747.947265625 10599.552734375 17611.12890625
"398" 12571.921875 22412.818359375 15593.6875
"399" 45569.625 43835.65234375 3570.3984375
"400" 45313.3203125 44450.1953125 3058.50463867188
"401" 46032.22265625 43953.05859375 3960.142578125
"402" 46101.05859375 44288.27734375 3291.04150390625
"403" 45881.1015625 45000.83984375 3184.30908203125
"404" 45893.88671875 45389.01953125 2463.07958984375
"405" 46941.1015625 44133.140625 4183.00830078125
"406" 46638.6015625 44769.6015625 3668.65991210938
"407" 46587.27734375 44869.17578125 2946.50512695312
"408" 46358.6328125 45537.03125 2780.6640625
"409" 46670.8515625 45919.71484375 2221.916015625
"410" 47597.0703125 44304.76953125 4117.7255859375
"411" 47495.10546875 44851.62109375 3508.68896484375
"412" 47375.69140625 45337.3046875 2966.2314453125
"413" 47288.23046875 45905.93359375 2427.02124023438
"414" 48157.578125 44345.8671875 4506.1083984375
"415" 47879.7890625 45000.09765625 4120.7705078125
"416" 48031.16015625 45440.5390625 3366.17065429688
"417" 47965.55859375 46218.14453125 2605.4375
"418" 48678.18359375 44938.16796875 4180.35498046875
"419" 48681.11328125 45624.9765625 3544.05737304688
"420" 48684.26171875 46340.9453125 2876.02270507812
"421" 49197.46484375 44815.8125 4349.6015625
"422" 49217.3515625 45802.1953125 3503.81201171875
"423" 49453.4140625 46560.5390625 2904.78686523438
"424" 49749.5625 44956.921875 4156.931640625
"425" 49873.01953125 45759.97265625 3481.15600585938
"426" 50090.57421875 46434.02734375 2953.171875
"427" 50199.359375 44253.78125 4539.88232421875
"428" 50277.234375 45052.69921875 3886.38354492188
"429" 50519.17578125 45760.703125 3284.32885742188
"430" 50823.64453125 46464.48828125 2633.54541015625
"431" 50668.703125 44100.734375 4332.02587890625
"432" 50814.11328125 44822.9453125 3749.04956054688
"433" 50994.3515625 45531.59375 3197.2626953125
"434" 51412.984375 45990.16796875 2717.6044921875
"435" 51127.34765625 44003.5859375 4078.7822265625
"436" 51515.2734375 44862.62109375 3358.82177734375
"437" 51885.1640625 44254.69921875 4272.0703125
"438" 12060.4873046875 43594.5234375 5336.70458984375
"439" 12257.498046875 44022.53125 4897.70361328125
"440" 12268.2734375 44708.7265625 4368.09228515625
"441" 11516.1337890625 43885.4453125 5210.19189453125
"442" 11645.3046875 44352.546875 4787.01953125
"443" 11736.595703125 44965.6640625 4300.2451171875
"444" 11755.63671875 45341.0703125 4040.51245117188
"445" 10984.6220703125 43948.2734375 5522.9921875
"446" 11043.9794921875 44540.37109375 4952.03369140625
"447" 11098.2099609375 45014.05078125 4490.69580078125
"448" 11181.94140625 45415.75390625 4139.7666015625
"449" 11166.1416015625 45977.4140625 3785.16552734375
"450" 10464.6650390625 44380.12890625 5565.15478515625
"451" 10500.5576171875 44981.1171875 4931.15771484375
"452" 10515.994140625 45549.0625 4400.97021484375
"453" 10529.720703125 46074.25 3959.50830078125
"454" 9913.9931640625 44574.97265625 5854.240234375
"455" 10024.9501953125 45040.97265625 5293.8134765625
"456" 9964.6591796875 45508.71484375 4847.6484375
"457" 10000.7451171875 46091.65234375 4282.15380859375
"458" 9352.8125 44605.66796875 6141.0146484375
"459" 9425.7138671875 45174.80078125 5578.3271484375
"460" 9448.958984375 45757.83984375 4961.48583984375
"461" 9507.0263671875 46326.48046875 4371.24365234375
"462" 8866.76171875 44714.58203125 6174.11083984375
"463" 8948.271484375 45469.546875 5514.98876953125
"464" 8932.5166015625 46121.375 4917.64453125
"465" 8915.6103515625 46768.66796875 4292.26123046875
"466" 8315.25 44439.34375 6442.03955078125
"467" 8520.7880859375 45322.95703125 5704.7763671875
"468" 8494.2353515625 46059.8046875 5082.13525390625
"469" 8212.4775390625 46581.6484375 4617.763671875
"470" 8078.62646484375 44643.02734375 6145.85546875
"471" 8050.6171875 45460.8515625 5548.814453125
"472" 7770.37109375 46359.3671875 4794.46044921875
"473" 7694.5185546875 44103.20703125 6454.5859375
"474" 7690.34716796875 44976.12109375 5789.46875
"475" 7374.63818359375 45884.58203125 5036.81689453125
"476" 7363.4052734375 43746.0234375 6541.49755859375
"477" 7204.50634765625 44817.16015625 5697.78369140625
"478" 6879.001953125 45967.47265625 4797.703125
"479" 6958.53759765625 43422.1484375 6616.31640625
"480" 6774.75341796875 44351.2578125 5758.4580078125
"481" 6419.7509765625 45525.69140625 4914.3671875
"482" 6124.9599609375 43725.1015625 6694.93994140625
"483" 6212.11474609375 44469.4375 5434.150390625
"484" 50319.71875 21926.244140625 15906.9267578125
"485" 48608.19921875 21316.599609375 16522.599609375
"486" 46788.3984375 20353.599609375 17124.69921875
"487" 46485.953125 21184.759765625 16099.84765625
"488" 46282.6328125 22237.03515625 15917.0400390625
"489" 46759.53515625 22988.6328125 15617.3828125
"490" 49209.69921875 19895.69921875 14798.599609375
"491" 47179.125 18149.376953125 15665.2744140625
"492" 46601.80078125 18080.099609375 15924.099609375
"493" 46183.69921875 19366.099609375 15604
"494" 46183.69921875 20652.19921875 15300.400390625
"495" 45881.1015625 21267.072265625 14273.42578125
"496" 48604.5 17853.19921875 13534.7001953125
"497" 47107.19921875 17164.400390625 14713.599609375
"498" 45576.76953125 16383.7802734375 15736.28515625
"499" 44822 17839.30078125 15016.2998046875
"500" 44731.69921875 18376.69921875 14563.099609375
"501" 44208.01171875 19215.328125 13897.1923828125
"502" 47372.12890625 16641.193359375 13032.9375
"503" 46317.5 15281.099609375 14411.099609375
"504" 45052.9140625 15205.400390625 15499.626953125
"505" 44191.48046875 16083.689453125 14347.9736328125
"506" 43423.30859375 16912.576171875 14241.828125
"507" 42232.2421875 17561.158203125 14206.6220703125
"508" 46084.8671875 14885.3115234375 13112.1513671875
"509" 44862.45703125 14415.5283203125 14310.12890625
"510" 43848.92578125 14629.8720703125 14662.4921875
"511" 43157.5 15712.6875 14440.25
"512" 42031.5234375 16277.1953125 14441.0673828125
"513" 41074.8671875 16976.15234375 14381.7705078125
"514" 44944.015625 13516.341796875 13282.1728515625
"515" 44086.796875 13343.3701171875 14422.2880859375
"516" 42784.7890625 13750.8876953125 14916.880859375
"517" 41981.328125 14728.2216796875 14649.8876953125
"518" 40165.703125 15890.158203125 14636.4189453125
"519" 43852.5703125 12214.9130859375 13495.5771484375
"520" 43044.35546875 12308.9990234375 14757.2392578125
"521" 41719.796875 13109.3017578125 15021.443359375
"522" 40843.5234375 13964.8388671875 14816.7734375
"523" 39722.83203125 15002.96484375 14808.890625
"524" 42942.375 11209.5810546875 13829.140625
"525" 42228.3671875 11442.1240234375 14931.4970703125
"526" 41347.30078125 11872.7001953125 15493.400390625
"527" 40066.33203125 12807.2734375 15052.9150390625
"528" 38581.7265625 13918.4453125 15025.7041015625
"529" 41692.08984375 10206.8037109375 14276.640625
"530" 41101.09375 10372.078125 15326.208984375
"531" 40131.94140625 11098.49609375 15570.5126953125
"532" 38986.1328125 12235.8837890625 15182.8173828125
"533" 37655.2734375 13216.5966796875 15153.841796875
"534" 40734.44140625 9057.849609375 14264.341796875
"535" 40353.3671875 9378.85546875 15484.4375
"536" 38721.72265625 10748.69921875 15478.0263671875
"537" 37547.6328125 11950.978515625 15277.6298828125
"538" 39882.40625 8311.306640625 14499.8916015625
"539" 38985.90625 9471.9912109375 15857.7021484375
"540" 37813.140625 10351.6064453125 15476.935546875
"541" 36198.9296875 11574.1904296875 15323.7666015625
"542" 39123.21484375 7595.93994140625 14616.265625
"543" 38228.94921875 8733.7275390625 16029.7275390625
"544" 36978.0078125 9691.466796875 15558.67578125
"545" 35703.8984375 10688.4345703125 15478.2158203125
"546" 38159.625 6808.41015625 14825.3056640625
"547" 37257.1015625 8245.740234375 16019.900390625
"548" 35481.44140625 9684.7646484375 16536.8125
"549" 37227.08984375 6166.6572265625 15042.732421875
"550" 36316.03125 7635.90771484375 16190.1787109375
"551" 35132.484375 8677.681640625 16673.166015625
"552" 36275.96484375 5397.67578125 14909.1474609375
"553" 35562.00390625 7035.35009765625 16414.525390625
"554" 34391.4296875 8163.7802734375 16641.171875
"555" 35398.734375 4955.03662109375 14943.833984375
"556" 34641.53515625 6456.39892578125 16639.205078125
"557" 33515.89453125 7752.49072265625 16954.4921875
"558" 33854.328125 4091.677734375 14858.390625
"559" 33763.9765625 4606.67822265625 16067.8974609375
"560" 32513.640625 6849.712890625 16769.03125
"561" 31310.416015625 8047.97802734375 17105.2421875
"562" 32681.3203125 3691.7919921875 14988.3134765625
"563" 32361.775390625 4009.30249023438 15912.3486328125
"564" 32073.125 4937.65234375 17191.375
"565" 30763.359375 6936.51318359375 17710.533203125
"566" 31359.685546875 3456.81201171875 15522.4736328125
"567" 30280.40234375 3695.66357421875 16684.193359375
"568" 10326.099609375 21155.775390625 17557.720703125
"569" 11687.7998046875 19375.599609375 18482.30078125
"570" 12551.7646484375 19668.912109375 17299.263671875
"571" 12905.8720703125 20715.02734375 17419.921875
"572" 13169.400390625 21408.69921875 16529.30078125
"573" 9130.91015625 19971.30078125 16226.7001953125
"574" 11193.16015625 18599.4375 16833.361328125
"575" 12333.7666015625 17798.279296875 17393.40625
"576" 12701.7001953125 18307.099609375 17588.400390625
"577" 13628.2001953125 18912.19921875 16075.400390625
"578" 13737.39453125 19414.875 15330.5673828125
"579" 10582.48046875 18210.201171875 15191.115234375
"580" 11687.7998046875 16568.728515625 16100.75
"581" 12900.400390625 16195.2001953125 16837.599609375
"582" 13761.638671875 16947.158203125 15712.400390625
"583" 14429.326171875 17552.75 15541.6923828125
"584" 15506.3046875 18156.94140625 15336.3466796875
"585" 11894.134765625 16377.505859375 15066.728515625
"586" 13227.9794921875 15509.03515625 15720.451171875
"587" 14562.400390625 15214.8544921875 16953.326171875
"588" 15088.5966796875 15929.87890625 15738.595703125
"589" 16135.7255859375 16447.640625 15617.990234375
"590" 17449.658203125 16934.384765625 15512.005859375
"591" 13376.748046875 14552.244140625 15147.375
"592" 14755.0732421875 14275.2353515625 16161.60546875
"593" 15748.439453125 14366.09375 16078.068359375
"594" 16154.884765625 14887.7861328125 15881.345703125
"595" 17380.576171875 15487.2578125 15721.080078125
"596" 18772.904296875 15990.0048828125 15712.4677734375
"597" 14305.3583984375 13306.1025390625 15044.1845703125
"598" 15668.2236328125 13083.2939453125 16127.0048828125
"599" 17069.072265625 13369.994140625 16173.7861328125
"600" 17893.822265625 13981.662109375 15945.736328125
"601" 19430.375 14538.9755859375 15858.0068359375
"602" 15707.6005859375 11909.94921875 15297.751953125
"603" 16942.619140625 11887.736328125 16392.8515625
"604" 18163.640625 12365.771484375 16313.14453125
"605" 19395.04296875 13073.4599609375 16016.0283203125
"606" 20897.763671875 13781.833984375 15874.4912109375
"607" 17112.1640625 10681.12890625 15671.396484375
"608" 18154.13671875 10881.591796875 16605.37109375
"609" 19440.30078125 11548.2958984375 16327.720703125
"610" 20606.16796875 12315.6455078125 16086.904296875
"611" 21772.466796875 12959.4755859375 15882.6298828125
"612" 18350.84375 9605.6904296875 15923.0849609375
"613" 19799.525390625 10347.7783203125 16614.703125
"614" 20862.650390625 11159.04296875 16212.646484375
"615" 22292.265625 11858.5732421875 16014.4619140625
"616" 19352.732421875 8676.5751953125 16013.0595703125
"617" 20534.06640625 9346.59375 16783.919921875
"618" 21844.568359375 10071.2412109375 16297.619140625
"619" 23289.123046875 11008.6357421875 16087.8466796875
"620" 20073.2734375 7778.43310546875 15748.5654296875
"621" 21008.6171875 8042.97607421875 16826.552734375
"622" 22331.86328125 8830.4541015625 16517.3046875
"623" 23692.060546875 9496.1201171875 16244.009765625
"624" 21434.2734375 6698.6318359375 15781.69921875
"625" 22582.62109375 7224.77978515625 16935.30078125
"626" 24176.408203125 8004.71533203125 16509.142578125
"627" 22688.970703125 5780.92236328125 15627.5888671875
"628" 23626.150390625 6362.45556640625 17012.474609375
"629" 25370.0234375 7338.02587890625 16684.12890625
"630" 27367.525390625 8370.892578125 16897.193359375
"631" 24547.623046875 4933.35888671875 15905.140625
"632" 25763.3984375 5789.6123046875 17233.33203125
"633" 26705.455078125 6456.85595703125 17098.90234375
"634" 28325.107421875 6834.9912109375 17532.068359375
"635" 25591.9140625 4135.99462890625 15298.8017578125
"636" 26650.36328125 4177.27734375 16160.857421875
"637" 27568.166015625 4745.06396484375 17360.91015625
"638" 28787.599609375 4551.97021484375 17774.30078125
