"V1" "V2" "V3"
"1" 40.356201171875 62.7841567993164 21.0131301879883
"2" 40.413 64.3468 21.3918
"3" 40.3601 65.9052 20.9959
"4" 40.3143 67.4688 20.6192
"5" 40.2433 69.0339 20.2547
"6" 40.2082 70.6093 19.9288
"7" 40.1085 72.1885 19.6361
"8" 39.9884 73.758 19.3046
"9" 39.8309 75.323 18.9686
"10" 39.8305 76.8918 18.6163
"11" 39.7409 78.4481 18.2164
"12" 39.6749 80.0242 17.9159
"13" 39.6283302307129 81.6161804199219 17.6874904632568
"14" 48.7995719909668 88.9409255981445 18.4116592407227
"15" 44.1460762023926 84.9278717041016 17.9892635345459
"16" 44.1912117004395 68.3788833618164 24.8170356750488
"17" 73.2376861572266 83.1786270141602 13.2987451553345
"18" 72.9189 80.6906 11.72
"19" 72.7628 77.8057 11.3746
"20" 72.7974 74.952 12.1105
"21" 72.9323 72.3966 13.5761
"22" 73.1763 70.5964 15.7921
"23" 73.8969 69.9194 18.571
"24" 74.5461 71.0626 21.165
"25" 75.4313 73.2573 22.8806
"26" 75.8908 76.0218 23.7899
"27" 75.9106 78.9216 24.293
"28" 75.6487 81.8573 24.5107
"29" 75.2531 84.5507 23.7392
"30" 74.5388 86.1662 21.6159
"31" 74.4746 86.0431 18.6811
"32" 74.0384 84.9244 15.9796
"33" 73.2800827026367 83.463493347168 13.5697450637817
"34" 73.2800827026367 83.463493347168 13.5697450637817
"35" 73.2376861572266 83.1786270141602 13.2987451553345
"36" 68.1748809814453 46.6176567077637 25.2195720672607
"37" 63.0589 49.0694 29.9774
"38" 58.4837 52.9171 34.3837
"39" 53.5622 57.735 37.3948
"40" 49.0972 63.1311 39.9956
"41" 46.6424 69.6539 41.7742
"42" 47.3486 77.0932 42.4205
"43" 49.9379 84.1459 42.3176
"44" 53.5805 90.6917 41.7992
"45" 57.2156 96.8551 39.8295
"46" 61.7509 99.8186 35.1872
"47" 66.8157 95.683 31.784
"48" 71.5733 90.6543 28.8519
"49" 75.1329 84.6222 26.4998
"50" 76.5012 77.2802 25.7751
"51" 75.4814 70.1328 23.9913
"52" 74.0731582641602 67.4392547607422 17.6067771911621
"53" 39.2623405456543 97.478889465332 29.8107013702393
"54" 40.5355758666992 24.9900398254394 33.1457939147949
"55" 42.2222 25.547 34.6091
"56" 44.2041 26.457 34.791
"57" 46.302 27.1589 34.1205
"58" 48.0743 27.8958 33.0271
"59" 48.9073 26.5771 31.4346
"60" 48.7443 24.4381 30.6112
"61" 47.778 22.6845 29.4608
"62" 46.5979 21.3241 28.0194
"63" 44.9583 20.3805 26.7249
"64" 42.7201 20.5336 26.6761
"65" 40.6044425964355 21.2425956726074 27.1048965454102
"66" 51.9254760742188 79.89599609375 19.2227535247803
"67" 48.7701568603516 38.4143142700195 37.6078491210938
"68" 52.2168312072754 43.5935363769531 36.8962936401367
"69" 49.3101387023926 53.9755172729492 38.1490936279297
"70" 39.4826278686523 96.075927734375 27.3976497650146
"71" 40.1368 95.5831 26.5921
"72" 40.6754 94.9121 25.8406
"73" 41.3143 94.5624 24.9713
"74" 41.9736 94.7432 24.0508
"75" 42.6285 94.8609 23.1366
"76" 43.272 94.5321 22.2639
"77" 43.2319 93.7196 21.6164
"78" 42.521 93.8734 20.8276
"79" 41.6882 94.1768 20.1056
"80" 40.5574 94.1666 19.9596
"81" 39.474681854248 93.796516418457 20.0365447998047
"82" 59.3686904907227 52.040168762207 33.1927070617676
"83" 68.1748809814453 46.6176567077637 25.2195720672607
"84" 69.1271 45.1013 23.4476
"85" 68.1976 42.6035 22.5266
"86" 67.0454 40.1496 21.7699
"87" 65.661 37.7473 21.2532
"88" 64.1243 35.4086 20.9079
"89" 62.406 33.1842 20.7262
"90" 60.6009 31.0182 20.801
"91" 58.7123 28.9528 21.0491
"92" 56.6618 27.0181 21.0128
"93" 54.4484 25.2852 20.8307
"94" 52.0448 23.8397 20.6484
"95" 49.4496 22.7484 20.6134
"96" 46.7371 21.988 20.5346
"97" 44.06 21.1221 20.5261
"98" 41.3035469055176 20.6637916564941 20.1706581115723
"99" 60.7457847595215 73.4822998046875 10.9978332519531
"100" 62.69 74.0219 11.1498
"101" 64.401 75.2088 11.2474
"102" 66.3924 75.3201 11.6821
"103" 68.3912 74.7328 11.6517
"104" 69.8889 75.1813 10.5523
"105" 70.5267 76.3561 9.0165
"106" 69.9618 78.1839 8.1181
"107" 68.6652 79.6334 7.4338
"108" 66.6033 79.9099 7.5095
"109" 64.6592 79.3357 7.8955
"110" 62.9715 78.1303 8.2689
"111" 61.501 76.6764 8.595
"112" 60.7402 75.0877 9.6331
"113" 68.1748809814453 46.6176567077637 25.2195720672607
"114" 50.0685882568359 31.7200012207031 33.9924163818359
"115" 59.0634346008301 42.4163818359375 31.1089591979981
"116" 50.1835975646973 39.0385818481445 24.6410064697266
"117" 58.1656188964844 102.842216491699 19.6566696166992
"118" 49.0713653564453 32.0232124328613 35.2156066894531
"119" 48.3063 33.5241 36.3124
"120" 48.333 35.3886 37.0203
"121" 48.5862 37.3355 37.5099
"122" 49.0973 39.2783 37.8137
"123" 49.9599 41.1034 37.9252
"124" 51.2758 42.5685 37.6314
"125" 52.772 43.7289 36.8946
"126" 54.3406 44.7036 36.0674
"127" 55.8362 45.6526 35.0936
"128" 57.5573 45.5709 34.058
"129" 58.9346 44.8278 32.9325
"130" 59.4176 43.2814 31.7463
"131" 59.4459 41.5897 30.6214
"132" 59.4499 39.7643 29.7542
"133" 59.1918 37.9183 28.9828
"134" 58.4515 36.0483 28.79
"135" 57.393 34.3235 28.7061
"136" 55.9495 32.9488 29.08
"137" 54.4775 31.7494 29.7389
"138" 52.7152 31.221 30.5847
"139" 51.4322 31.1099 32.0621
"140" 50.3078 31.5234 33.6828
"141" 42.5745544433594 93.6435394287109 41.9325675964355
"142" 45.5043487548828 73.9037170410156 32.9372062683105
"143" 42.3182678222656 40.5322570800781 27.8508529663086
"144" 42.9930877685547 54.2158508300781 23.0648231506348
"145" 42.5762481689453 53.1607208251953 25.8445434570312
"146" 52.248291015625 43.5231704711914 37.2832107543945
"147" 57.141674041748 46.1765441894531 34.3145408630371
"148" 57.0778274536133 74.6607513427734 18.4651107788086
"149" 53.5888214111328 84.8836975097656 25.3420753479004
"150" 54.6662 83.6431 25.266
"151" 55.8474 82.5412 24.9613
"152" 56.562 81.123 24.5468
"153" 56.7872 80.3545 23.2935
"154" 57.0512 79.615 21.959
"155" 57.465 78.2781 21.4546
"156" 57.6417 76.8353 20.7955
"157" 57.4875 75.6727 19.6965
"158" 57.0778274536133 74.6607513427734 18.4651107788086
"159" 74.0731582641602 67.4392547607422 17.6067771911621
"160" 53.5888214111328 84.8836975097656 25.3420753479004
"161" 50.7631492614746 95.1044158935547 41.4644012451172
"162" 42.4502220153809 89.9888076782227 27.2198905944824
"163" 48.6079788208008 83.4439315795898 27.9721374511719
"164" 60.849048614502 109.360328674316 31.6104240417481
"165" 42.5745544433594 93.6435394287109 41.9325675964355
"166" 42.9945 93.2567 41.9858
"167" 43.4145 92.8699 42.0391
"168" 43.9297 92.6999 41.9974
"169" 44.4427 92.4473 41.991
"170" 44.9544 92.1938 41.9861
"171" 45.5025 92.0835 41.9889
"172" 46.0618 92.1875 41.9348
"173" 46.6029 92.365 41.8994
"174" 47.1524 92.514 41.8606
"175" 47.6893 92.678 41.7558
"176" 48.2224 92.858 41.6917
"177" 48.6839 93.1973 41.7047
"178" 49.1172 93.562 41.686
"179" 49.5541 93.9276 41.6755
"180" 49.9603 94.3229 41.6721
"181" 50.3542 94.7211 41.5853
"182" 50.7631492614746 95.1044158935547 41.4644012451172
"183" 61.6834907531738 46.9309730529785 22.5074520111084
"184" 59.0952 44.974 22.4383
"185" 56.3627 43.3624 23.123
"186" 54.0114 41.5388 23.7428
"187" 52.1692 38.9016 23.93
"188" 50.5914 36.0395 23.897
"189" 48.7892 33.3066 24.0007
"190" 46.6636 30.9132 24.6507
"191" 44.1119 29.2259 25.2454
"192" 40.9141082763672 28.7234878540039 25.5176391601562
"193" 61.6834907531738 46.9309730529785 22.5074520111084
"194" 40.5355758666992 24.9900398254394 33.1457939147949
"195" 40.9141082763672 28.7234878540039 25.5176391601562
"196" 39.6283302307129 81.6161804199219 17.6874904632568
"197" 40.1002540588379 56.3891067504883 25.5188179016113
"198" 40.356201171875 62.7841567993164 21.0131301879883
"199" 44.1912117004395 68.3788833618164 24.8170356750488
"200" 42.9353 69.3375 24.1858
"201" 42.1261 70.9038 23.8925
"202" 40.455 71.4298 23.7433
"203" 38.6957 71.2046 23.8059
"204" 37.6011 69.8429 24.0881
"205" 36.3508186340332 68.855354309082 24.7654342651367
"206" 39.4826278686523 96.075927734375 27.3976497650146
"207" 40.4514236450195 34.3890037536621 38.3819198608398
"208" 40.5355758666992 24.9900398254394 33.1457939147949
"209" 40.3697 27.5568 35.7506
"210" 40.3992 31.0152 37.1669
"211" 40.5292 34.5724 38.341
"212" 40.5298 38.2397 39.0942
"213" 40.4494 41.9703 39.4545
"214" 40.0776 45.6834 39.3471
"215" 39.912 49.4119 39.1722
"216" 39.8834 53.1593 39.2267
"217" 39.8415 56.906 39.4111
"218" 39.8361 60.6106 40.0047
"219" 39.7663 64.2512 40.9182
"220" 39.8324 67.9036 41.6996
"221" 39.5031 71.5586 42.3816
"222" 39.5414 75.2875 42.777
"223" 39.5436 79.0389 42.9074
"224" 39.4632 82.7856 42.8246
"225" 39.2426 86.5207 42.6025
"226" 39.1990737915039 90.2506942749023 42.1847686767578
"227" 39.1521644592285 98.6899566650391 16.6951198577881
"228" 39.9831123352051 54.5872764587402 39.1939163208008
"229" 39.1990737915039 90.2506942749023 42.1847686767578
"230" 40.6044425964355 21.2425956726074 27.1048965454102
"231" 41.3035469055176 20.6637916564941 20.1706581115723
"232" 39.2154922485352 101.831352233887 37.4220123291016
"233" 39.474681854248 93.796516418457 20.0365447998047
"234" 30.7056713104248 88.7125396728516 19.0196552276611
"235" 34.9894714355469 84.6836166381836 18.3613910675049
"236" 36.3508186340332 68.855354309082 24.7654342651367
"237" 6.36047840118408 83.0167465209961 14.5770292282104
"238" 6.9138 80.7376 12.3175
"239" 7.3013 77.6206 11.5123
"240" 7.1967 74.3833 12.2904
"241" 7.0747 71.5314 13.9118
"242" 6.5392 70.0217 16.7441
"243" 5.8605 70.2205 19.9575
"244" 4.7183 71.9967 22.4041
"245" 3.698 74.8515 23.6785
"246" 3.4183 78.1044 24.383
"247" 3.7229 81.4245 24.5976
"248" 4.0347 84.3351 23.3116
"249" 4.5398 85.6001 20.3728
"250" 5.4766 84.9706 17.283
"251" 6.30590438842773 83.1315383911133 14.6675071716309
"252" 6.30590438842773 83.1315383911133 14.6675071716309
"253" 6.36047840118408 83.0167465209961 14.5770292282104
"254" 12.8716201782227 46.0651245117188 25.4788513183594
"255" 24.0075 53.6928 35.8621
"256" 33.4028 66.9984 41.1949
"257" 29.9564 83.3807 42.343
"258" 20.1415 96.8861 39.9129
"259" 9.9526 93.2398 30.7219
"260" 3.1628 78.7568 25.8142
"261" 5.98734283447266 66.9742889404297 17.5730686187744
"262" 39.2729644775391 97.4243621826172 29.6365089416504
"263" 40.5355758666992 24.9900398254394 33.1457939147949
"264" 38.7906 25.4243 34.2864
"265" 36.8389 26.3058 34.4239
"266" 34.9081 27.0131 33.8073
"267" 33.3291 27.6517 32.6149
"268" 32.7057 26.7058 30.9576
"269" 32.9986 24.7822 30.0608
"270" 33.7455 23.0114 29.1023
"271" 34.8175 21.6098 27.8766
"272" 36.4981 20.8923 26.7629
"273" 38.6161 20.7327 26.6207
"274" 40.6044425964355 21.2425956726074 27.1048965454102
"275" 28.5765361785889 79.4988861083984 20.1863117218018
"276" 32.1809501647949 38.2261581420898 37.6123428344727
"277" 29.199348449707 42.8620376586914 37.4886474609375
"278" 31.3980331420898 54.2106781005859 38.4997482299805
"279" 39.4826278686523 96.075927734375 27.3976497650146
"280" 38.7478 95.5235 26.6802
"281" 38.144 94.9226 25.8903
"282" 37.4016 94.6242 25.0486
"283" 36.6604 94.5026 24.1638
"284" 35.9963 94.5682 23.2135
"285" 35.5517 94.0328 22.3091
"286" 35.6282 93.4302 21.4416
"287" 36.315 93.9103 20.6535
"288" 37.2939 94.1984 20.148
"289" 38.4169 94.2867 20.0118
"290" 39.474681854248 93.796516418457 20.0365447998047
"291" 21.0654678344727 50.7006072998047 32.7608604431152
"292" 12.8716201782227 46.0651245117188 25.4788513183594
"293" 12.3279 44.0259 23.4697
"294" 13.4484 41.1722 22.2827
"295" 15.1421 38.533 21.2532
"296" 17.0899 36.0123 20.4012
"297" 19.052 33.4072 19.9167
"298" 21.2806 30.9834 19.8046
"299" 23.6802 28.728 19.9808
"300" 26.0942 26.5036 20.1566
"301" 28.7372 24.5499 19.9401
"302" 31.7558 23.2317 19.9275
"303" 34.9217 22.3189 20.0834
"304" 38.0878 21.3976 20.2085
"305" 41.3035469055176 20.6637916564941 20.1706581115723
"306" 18.8655967712402 73.7076873779297 11.5331974029541
"307" 16.7815 74.4607 11.6492
"308" 14.7124 75.2133 11.8704
"309" 12.5273 74.8224 11.9042
"310" 10.4803 74.5097 11.2089
"311" 9.5863 75.7257 9.6858
"312" 9.7587 77.2207 8.1042
"313" 10.9358 78.9535 7.6492
"314" 12.8691 79.8778 7.8978
"315" 15.0633 79.58 8.1919
"316" 17.0595 78.5928 8.3462
"317" 18.5823 77.0733 8.9463
"318" 19.2631 75.307 10.06
"319" 12.8716201782227 46.0651245117188 25.4788513183594
"320" 31.2576599121094 31.1095905303955 33.6098022460938
"321" 21.9792442321777 42.4854431152344 31.5496330261231
"322" 31.0151557922363 39.0279960632324 24.2384967803955
"323" 19.9963607788086 103.441696166992 20.1799812316894
"324" 32.0153656005859 31.7863731384277 34.7572860717773
"325" 32.4351 33.4326 35.9849
"326" 32.606 35.3111 36.9053
"327" 32.2627 37.3408 37.3652
"328" 31.7374 39.3326 37.8428
"329" 30.7252 41.1905 37.7974
"330" 29.2249 42.5569 37.2959
"331" 27.5886 43.7356 36.6513
"332" 25.9362 44.7777 35.8809
"333" 24.3239 45.4442 34.9586
"334" 22.7399 44.8755 33.8066
"335" 22.0566 43.4556 32.458
"336" 21.9445 41.7483 31.2125
"337" 21.9308 39.9918 30.0328
"338" 22.1056 38.1484 29.0546
"339" 22.6611 36.2645 28.3487
"340" 23.7215 34.4462 28.25
"341" 25.072 32.8642 28.464
"342" 26.5745 31.5138 29.0723
"343" 28.1919 30.7023 30.0171
"344" 29.6938 30.6416 31.4749
"345" 30.9189 31.0254 33.1136
"346" 36.3478050231934 94.2728652954102 41.8351211547852
"347" 36.2717437744141 78.2578582763672 31.7295799255371
"348" 39.1596946716309 39.9588012695312 27.5696640014648
"349" 38.2296600341797 54.166576385498 22.7507286071777
"350" 37.8828544616699 52.4953994750977 25.6843070983887
"351" 29.1256771087646 42.6970596313477 37.2292213439941
"352" 24.1746921539307 46.0624923706055 34.9429397583008
"353" 23.0379486083984 74.0389633178711 19.117374420166
"354" 26.134952545166 83.9915237426758 26.0849380493164
"355" 24.8755 82.5755 25.9238
"356" 23.8422 80.986 25.6687
"357" 23.0521 79.5362 24.8506
"358" 23.31 79.1905 23.214
"359" 23.6526 77.8452 22.8512
"360" 24.5443 76.5768 22.9943
"361" 23.1026 76.0114 21.8865
"362" 22.484 75.3435 20.3558
"363" 23.0379486083984 74.0389633178711 19.117374420166
"364" 5.98734283447266 66.9742889404297 17.5730686187744
"365" 26.134952545166 83.9915237426758 26.0849380493164
"366" 27.406307220459 96.4941101074219 41.394775390625
"367" 37.1772689819336 89.7440643310547 27.6347885131836
"368" 32.8907470703125 82.4660034179688 29.5495834350586
"369" 18.2762908935547 109.893592834473 31.4288902282715
"370" 36.3478050231934 94.2728652954102 41.8351211547852
"371" 35.8879 93.8117 41.919
"372" 35.4043 93.3794 41.9845
"373" 34.8919 92.981 41.9375
"374" 34.3161 92.6734 41.9256
"375" 33.6933 92.5027 41.9322
"376" 33.0441 92.4464 41.9049
"377" 32.4177 92.5923 41.8603
"378" 31.8298 92.8834 41.8803
"379" 31.2465 93.1264 41.8054
"380" 30.6901 93.4702 41.8584
"381" 30.1483 93.8388 41.8812
"382" 29.6097 94.2036 41.8186
"383" 29.1267 94.6077 41.7678
"384" 28.6156 94.992 41.633
"385" 28.1389 95.4352 41.6394
"386" 27.7635 95.958 41.5223
"387" 27.406307220459 96.4941101074219 41.394775390625
"388" 20.0821762084961 46.6292762756348 23.1346855163574
"389" 22.3761 44.37 22.7142
"390" 25.0554 42.6886 23.1401
"391" 27.9148 41.32 23.4618
"392" 29.3978 38.4187 23.6215
"393" 31.253 35.7315 23.5503
"394" 33.133 33.1018 23.7118
"395" 35.2126 30.6571 24.2959
"396" 37.7504 28.7319 24.6865
"397" 40.9141082763672 28.7234878540039 25.5176391601562
"398" 20.0821762084961 46.6292762756348 23.1346855163574
"399" 61.4903411865234 74.5398330688477 10.2397861480713
"400" 61.3295211791992 75.3046875 9.50428009033203
"401" 62.2591819763184 74.5194396972656 10.4188232421875
"402" 62.1786041259766 75.3402404785156 9.82323169708252
"403" 62.0278434753418 75.9507446289062 9.28231239318848
"404" 62.1882247924805 76.7531204223633 8.72909164428711
"405" 63.097095489502 74.9255981445312 10.5289707183838
"406" 62.9483261108398 75.6733703613281 10.0063753128052
"407" 62.7765846252441 76.3658981323242 9.40210056304932
"408" 62.8220291137695 76.9454498291016 8.91624069213867
"409" 62.978199005127 77.7249984741211 8.49746990203857
"410" 63.7961120605469 75.6456756591797 10.5817537307739
"411" 63.4946022033691 76.4414978027344 9.85545063018799
"412" 63.3082733154297 77.030158996582 9.25163841247559
"413" 63.4214935302734 77.7427673339844 8.74680519104004
"414" 64.3548965454102 75.6769714355469 10.9314966201782
"415" 64.1631546020508 76.3887023925781 10.4514045715332
"416" 64.165885925293 77.5362854003906 9.51385879516602
"417" 64.2822570800781 78.5099563598633 8.55960655212402
"418" 65.1340637207031 76.6425170898438 10.7784433364868
"419" 65.0277786254883 77.9137268066406 9.63970756530762
"420" 65.0542602539062 78.7942504882812 8.6356840133667
"421" 66.1654357910156 76.5663909912109 10.996883392334
"422" 65.7740707397461 78.2333755493164 9.53145027160645
"423" 66.2339172363281 79.1571578979492 8.50546360015869
"424" 66.4921493530273 76.7637557983398 10.9049711227417
"425" 66.5084533691406 78.4049224853516 9.38368988037109
"426" 66.4633865356445 79.0034637451172 8.678466796875
"427" 66.9626541137695 75.8832550048828 11.3645734786987
"428" 67.4195556640625 77.3267211914062 10.3932294845581
"429" 67.8644790649414 78.3275299072266 9.13638305664062
"430" 68.1471557617188 79.3019790649414 7.87327289581299
"431" 68.0528182983398 75.8236923217773 11.0355587005615
"432" 68.5928802490234 76.8017578125 10.1536197662354
"433" 68.8517456054688 77.9141998291016 8.92319011688232
"434" 69.3097763061523 78.231819152832 8.24419403076172
"435" 68.8054885864258 75.5781173706055 10.761287689209
"436" 69.6298980712891 76.6022033691406 9.54736042022705
"437" 69.621826171875 75.4916915893555 10.3512897491455
"438" 18.0679054260254 74.3626480102539 10.9478797912598
"439" 18.3182563781738 74.997673034668 10.4394264221191
"440" 18.3551082611084 75.9841232299805 9.7378396987915
"441" 17.4462585449219 74.9074249267578 10.737907409668
"442" 17.6304931640625 75.6122894287109 10.2557010650635
"443" 17.763614654541 76.4600448608398 9.5750560760498
"444" 17.7891521453857 76.9854125976562 9.14718723297119
"445" 16.7971572875977 75.0246505737305 10.9940128326416
"446" 16.9271259307861 75.8751449584961 10.3594675064087
"447" 17.1714839935303 76.6841583251953 9.69231128692627
"448" 17.1453304290771 77.2563247680664 9.23028755187988
"449" 17.1365184783936 77.9904327392578 8.66100120544434
"450" 16.2176685333252 75.6217346191406 10.9426002502441
"451" 16.4415187835693 76.6805267333984 10.1135225296021
"452" 16.6079006195068 77.5272979736328 9.31287002563477
"453" 16.4666328430176 78.3598327636719 8.65011978149414
"454" 15.3352003097534 75.9925003051758 11.2346000671387
"455" 15.906587600708 76.6561660766602 10.570291519165
"456" 15.6523551940918 77.6842651367188 9.85123825073242
"457" 15.7286720275879 78.4776611328125 8.94045734405518
"458" 14.4128618240356 75.9267959594727 11.6094808578491
"459" 14.697413444519 76.9288787841797 10.899507522583
"460" 14.7894296646118 78.1151885986328 9.82217121124268
"461" 15.0955562591553 78.790283203125 8.92566680908203
"462" 13.7935485839844 76.3708953857422 11.3432178497314
"463" 14.0763063430786 77.6714019775391 10.4001083374023
"464" 14.1631851196289 78.5094680786133 9.50599002838135
"465" 14.3447685241699 79.3011703491211 8.71248912811279
"466" 12.9182996749878 76.1980972290039 11.2936000823975
"467" 13.5513563156128 77.3965759277344 10.6802434921265
"468" 13.515344619751 78.5432357788086 9.47282981872559
"469" 13.1134099960327 79.0308990478516 8.86596012115479
"470" 12.9390802383423 76.1845932006836 11.3080854415894
"471" 12.9852170944214 77.8149871826172 10.2187824249268
"472" 11.9651002883911 77.0438003540039 7.92239999771118
"473" 12.1513996124268 75.3595962524414 11.4811000823975
"474" 11.944299697876 76.621696472168 10.7326002120972
"475" 11.9059190750122 77.0680313110352 7.99915409088135
"476" 11.6278705596924 75.0019302368164 11.4614839553833
"477" 11.1027307510376 76.4466781616211 10.2943630218506
"478" 11.5134677886963 77.2613067626953 7.78163909912109
"479" 10.7434463500977 74.194709777832 12.5602684020996
"480" 10.276478767395 75.4267120361328 10.3370094299316
"481" 10.5561323165894 76.7602996826172 8.09553050994873
"482" 9.4318904876709 74.5247116088867 12.4309167861938
"483" 9.36721992492676 75.8989028930664 8.72418975830078
"484" 65.1816024780273 46.5387992858887 25.9410991668701
"485" 63.114200592041 46.2836990356445 26.8934993743896
"486" 62.3107681274414 46.0344619750977 27.0333271026611
"487" 62.1412200927734 46.5172958374023 26.7722396850586
"488" 61.8630332946777 47.1713790893555 25.9503765106201
"489" 62.1480293273926 47.7477378845215 24.7651462554932
"490" 65.5092620849609 43.7745552062988 24.1695823669434
"491" 62.4372978210449 43.7143249511719 26.2348194122314
"492" 61.9562721252441 43.4123992919922 26.5426692962646
"493" 62.1572875976562 43.977725982666 25.3932609558105
"494" 62.2957992553711 44.8372001647949 24.4132995605469
"495" 61.657283782959 45.1629524230957 22.5924606323242
"496" 65.2317581176758 41.5889167785645 23.5827884674072
"497" 63.269157409668 41.461311340332 25.4559326171875
"498" 61.5588607788086 41.757007598877 25.6946239471436
"499" 61.6914749145508 41.8127708435059 25.5542030334473
"500" 61.6501197814941 42.3394241333008 23.513219833374
"501" 59.760181427002 43.0743713378906 23.0904960632324
"502" 64.7905578613281 39.4069900512695 22.934850692749
"503" 62.064567565918 39.5644149780273 24.0257701873779
"504" 60.8078842163086 39.635009765625 25.464469909668
"505" 61.0754776000977 39.4958915710449 24.0297565460205
"506" 59.3008918762207 40.4979095458984 23.8414344787598
"507" 57.9721603393555 41.8466873168945 23.4515724182129
"508" 63.4383163452148 37.2079086303711 22.5801849365234
"509" 60.939826965332 37.9992942810059 24.1076908111572
"510" 60.4471244812012 38.0325622558594 24.1384086608887
"511" 59.3440475463867 38.8795547485352 24.1030597686768
"512" 57.5638961791992 39.7183456420898 24.1471652984619
"513" 56.3750801086426 40.5100288391113 23.8518352508545
"514" 62.1140747070312 35.3804740905762 22.3917484283447
"515" 60.4347496032715 35.9845657348633 23.9201679229736
"516" 59.2245826721191 36.4822463989258 24.3291530609131
"517" 57.8163909912109 37.367301940918 24.2786140441895
"518" 55.4997749328613 38.7602462768555 24.0187187194824
"519" 60.7816276550293 33.4988632202148 22.2488975524902
"520" 59.2668571472168 34.3204803466797 24.0620727539062
"521" 57.663932800293 35.3654632568359 24.650239944458
"522" 56.4435081481934 36.210521697998 24.362154006958
"523" 54.6568145751953 37.3333702087402 24.1484203338623
"524" 59.4976043701172 32.1350746154785 22.4616203308105
"525" 58.31591796875 32.9368286132812 24.0422687530518
"526" 57.1103858947754 33.635368347168 24.6296310424805
"527" 55.4944458007812 34.5846633911133 24.6344375610352
"528" 53.0862579345703 35.7541923522949 23.9563274383545
"529" 57.9070014953613 30.6663055419922 22.9037590026855
"530" 56.831657409668 31.2637100219727 24.2870597839355
"531" 56.0052070617676 32.3530883789062 24.9397144317627
"532" 54.427562713623 33.5303115844727 24.8552360534668
"533" 52.5542907714844 34.6780586242676 24.2233448028564
"534" 56.6683502197266 28.9031734466553 22.6922435760498
"535" 55.8769989013672 29.8805999755859 24.1229991912842
"536" 54.0817565917969 31.6603832244873 25.4346866607666
"537" 52.0297622680664 33.2415657043457 24.6043663024902
"538" 55.5132827758789 27.957576751709 22.8619575500488
"539" 54.7377166748047 29.0111541748047 24.476957321167
"540" 52.4076766967773 31.1271286010742 25.5005035400391
"541" 50.2086296081543 32.2289924621582 24.2072525024414
"542" 54.2952117919922 26.8300399780273 22.7365207672119
"543" 53.2778129577637 27.776195526123 24.5972061157227
"544" 51.096752166748 30.1154251098633 25.615758895874
"545" 49.4210395812988 31.1839179992676 24.5056896209717
"546" 52.823600769043 25.9288005828857 22.7957000732422
"547" 52.2253608703613 26.810094833374 24.3994235992432
"548" 48.8964004516602 29.6923007965088 25.0701007843018
"549" 51.1478157043457 24.9781322479248 22.7896518707275
"550" 50.4706497192383 25.8152809143066 24.4774570465088
"551" 48.1075782775879 28.5029773712158 25.3021240234375
"552" 49.9606475830078 24.1070747375488 22.2766437530518
"553" 49.1991157531738 24.9950218200684 24.1005229949951
"554" 46.9003982543945 27.9430999755859 25.1714992523193
"555" 48.5542449951172 23.5481815338135 22.2689571380615
"556" 47.8093566894531 24.2962665557861 23.8424186706543
"557" 44.8275451660156 26.5448818206787 25.3951225280762
"558" 46.3795127868652 22.6841411590576 21.973518371582
"559" 45.9448928833008 23.5742607116699 23.6467342376709
"560" 44.4954223632812 25.7949829101562 25.5355796813965
"561" 42.9921989440918 27.2269992828369 25.5706005096436
"562" 44.7644577026367 21.9701366424561 21.1902961730957
"563" 44.2567176818848 22.8565311431885 23.1828193664551
"564" 43.1901092529297 23.2341480255127 24.2829246520996
"565" 41.9865913391113 23.500675201416 25.3788909912109
"566" 43.0075912475586 22.0870113372803 22.5308837890625
"567" 41.6266021728516 22.6973934173584 23.9879760742188
"568" 16.5399379730225 45.3501930236816 26.1151866912842
"569" 18.5129375457764 45.121940612793 27.2228050231934
"570" 19.15185546875 44.7933006286621 27.2227764129639
"571" 18.613712310791 45.3408432006836 26.101245880127
"572" 19.168399810791 45.4765014648438 24.9619998931885
"573" 14.8201904296875 43.6729965209961 24.5446033477783
"574" 16.8457260131836 43.1913528442383 25.295238494873
"575" 18.3227977752686 43.2378387451172 26.2951221466064
"576" 18.7009716033936 43.1077117919922 26.1850414276123
"577" 18.8794689178467 42.9560317993164 23.6128768920898
"578" 20.5175476074219 43.3908996582031 23.0684032440186
"579" 15.2621164321899 41.6329612731934 23.6673755645752
"580" 17.4917869567871 41.6782531738281 24.0674381256104
"581" 19.0419998168945 41.6153907775879 25.274356842041
"582" 19.0198001861572 41.8193016052246 24.8104991912842
"583" 20.6745223999023 41.5389823913574 23.5324420928955
"584" 22.3874530792236 42.0886116027832 23.3297920227051
"585" 16.4384651184082 39.5546073913574 22.9829139709473
"586" 18.4749298095703 39.7668571472168 23.7970237731934
"587" 19.485710144043 39.3852195739746 23.7940540313721
"588" 20.8849754333496 39.5870170593262 23.7635669708252
"589" 22.2495002746582 40.0140991210938 23.8134994506836
"590" 24.5871028900146 40.7443733215332 23.6869621276855
"591" 18.0990676879883 37.3908233642578 22.5833873748779
"592" 20.1423225402832 38.0033988952637 23.6849689483643
"593" 20.9013004302979 37.5333976745605 23.6904563903809
"594" 22.0365772247314 37.9631652832031 23.7882900238037
"595" 23.764949798584 38.6440391540527 24.0495738983154
"596" 26.2290897369385 39.1724319458008 23.7249526977539
"597" 19.2119274139404 35.6180877685547 21.9796180725098
"598" 21.1994247436523 36.0187644958496 23.436164855957
"599" 22.7693691253662 35.8529853820801 23.7951641082764
"600" 24.0870037078857 36.2435493469238 23.9702014923096
"601" 26.9189167022705 37.2296829223633 23.83447265625
"602" 20.9798221588135 33.6839790344238 21.947208404541
"603" 22.7614002227783 34.0695343017578 23.4773788452148
"604" 24.2941722869873 34.386848449707 24.0276298522949
"605" 26.0097713470459 34.9119758605957 24.1866397857666
"606" 28.2081527709961 35.4731979370117 23.7524509429932
"607" 22.8990287780762 31.8705520629883 22.3372497558594
"608" 24.144847869873 32.6179046630859 23.8848075866699
"609" 25.8286914825439 33.0425109863281 24.4547309875488
"610" 27.5567588806152 33.8836212158203 24.2287101745605
"611" 29.486837387085 34.2782211303711 23.7001476287842
"612" 24.5984783172607 30.1588020324707 22.6107330322266
"613" 26.358024597168 30.9625186920166 24.5773334503174
"614" 27.8526706695557 32.0499458312988 24.6858253479004
"615" 30.5584316253662 32.7881202697754 23.8077831268311
"616" 26.1194725036621 28.4912261962891 22.5241527557373
"617" 26.9669151306152 28.8372840881348 23.8737659454346
"618" 29.777702331543 31.0669193267822 24.6747207641602
"619" 31.8839206695557 31.4991550445557 23.9958095550537
"620" 27.4111995697021 27.1189002990723 22.2178001403809
"621" 28.4697360992432 27.0616550445557 23.2004203796387
"622" 29.4543342590332 26.9387073516846 23.9251461029053
"623" 32.6582717895508 29.2988338470459 24.7899990081787
"624" 29.6805953979492 25.4466361999512 22.0821552276611
"625" 31.1788749694824 25.5893993377686 23.3417873382568
"626" 33.8666000366211 26.6278991699219 24.6056003570557
"627" 31.7297821044922 24.4236068725586 21.9604969024658
"628" 32.554500579834 24.7838973999023 23.0407199859619
"629" 35.5917015075684 25.8428001403809 24.6555004119873
"630" 37.7234344482422 27.0648365020752 24.9313888549805
"631" 34.2761535644531 23.6633281707764 22.2323246002197
"632" 35.3731079101562 23.6557273864746 22.8492374420166
"633" 36.9264945983887 24.035551071167 24.1583347320557
"634" 38.4752998352051 25.7805004119873 25.614200592041
"635" 36.0270538330078 22.6192169189453 21.3891410827637
"636" 37.4659271240234 22.9424228668213 22.6441211700439
"637" 38.5210990905762 23.256799697876 23.7877006530762
"638" 39.8801155090332 23.1946792602539 24.531717300415
