"V1" "V2" "V3"
"1" 32.6989784240723 30.9403324127197 32.6492576599121
"2" 32.9005 30.9505 31.9537
"3" 33.0917 30.9532 31.2552
"4" 33.2464 30.9801 30.5486
"5" 33.3455 31.0135 29.8327
"6" 33.4442 31.042 29.118
"7" 33.5836 31.0578 28.408
"8" 33.7212 31.083 27.698
"9" 33.8774 31.094 26.9912
"10" 33.8716 31.1193 26.2712
"11" 33.6093 31.1234 25.7324
"12" 33.2551 31.0178 25.141
"13" 33.0966262817383 31.030122756958 24.4344158172607
"14" 33.0131034851074 34.4407997131348 18.9034786224365
"15" 33.3059997558594 35.5602493286133 23.24245262146
"16" 27.0972175598144 33.5007362365723 33.272346496582
"17" 33.5523223876953 52.3937797546387 22.5404186248779
"18" 35.0561 52.9387 22.6785
"19" 36.2896 54.11 22.7398
"20" 37.3714 55.1834 23.3724
"21" 37.4153 55.9776 24.7984
"22" 36.7036 56.1401 26.323
"23" 35.4982 56.5129 27.4502
"24" 33.9497 56.8867 28.0054
"25" 32.41 57.565 27.8776
"26" 31.171 58.0739 26.9178
"27" 30.4985 58.3163 25.3761
"28" 30.6643 58.2915 23.7793
"29" 32.1149 58.0795 23.1524
"30" 33.4679 57.118 22.7443
"31" 34.032 55.7055 22.213
"32" 33.6981 54.0697 21.9949
"33" 33.4186096191406 52.4858627319336 22.5071201324463
"34" 33.4186096191406 52.4858627319336 22.5071201324463
"35" 33.5523223876953 52.3937797546387 22.5404186248779
"36" 39.4012336730957 48.8954124450684 45.6935577392578
"37" 39.5414 49.7231 44.7237
"38" 39.9992 50.2628 43.6522
"39" 40.3462 50.8695 42.5752
"40" 40.5781 51.4674 41.4794
"41" 40.8239 52.1232 40.4305
"42" 41.1389 52.5252 39.2997
"43" 41.1885 52.9974 38.1083
"44" 41.4499 53.6566 37.0457
"45" 41.5442 53.9423 35.8345
"46" 41.6757 54.3682 34.6332
"47" 41.8564 54.6969 33.4052
"48" 41.8978 54.9676 32.1557
"49" 41.791 55.1915 30.9027
"50" 41.6178 55.3129 29.6385
"51" 41.5455 55.056 28.4145
"52" 41.6168174743652 55.1230659484863 27.1395149230957
"53" 22.7276668548584 34.5737915039062 17.0290985107422
"54" 26.0820693969727 32.1739616394043 73.6369857788086
"55" 26.5743 33.1388 74.0767
"56" 27.0027 34.1397 73.6575
"57" 27.4038 35.1511 73.245
"58" 28.0171 35.8401 72.6898
"59" 29.1473 35.6163 72.5711
"60" 30.1138 35.0105 72.8105
"61" 30.9615 34.2773 73.2009
"62" 31.8146 33.6375 73.7004
"63" 32.7463 32.964 73.9809
"64" 33.6039 32.2015 74.239
"65" 34.0700759887695 31.1033706665039 74.2491836547852
"66" 34.2987899780273 39.1601791381836 24.1042098999023
"67" 17.5335235595703 38.5048637390137 55.3700790405273
"68" 17.5509033203125 38.5867958068848 55.3962173461914
"69" 15.6251392364502 39.0402450561523 51.6950836181641
"70" 21.4871368408203 31.4280090332031 17.086856842041
"71" 21.6926 32.4787 17.0978
"72" 22.3037 33.3205 17.2882
"73" 23.1353 33.9661 17.27
"74" 24.0431 34.4201 17.5983
"75" 24.9186 34.8729 18.0028
"76" 25.8863 35.0933 18.2442
"77" 26.7874 34.6214 18.2738
"78" 27.5603 33.9615 17.943
"79" 28.2796 33.3222 17.4845
"80" 28.7425 32.4917 17.0101
"81" 29.0271034240723 31.527400970459 16.6408157348633
"82" 29.9986991882324 56.122917175293 40.2031364440918
"83" 39.4012336730957 48.8954124450684 45.6935577392578
"84" 39.7126 47.497 47.5505
"85" 39.6292 46.2786 49.5609
"86" 38.9991 45.1874 51.5146
"87" 38.8188 43.6754 53.1787
"88" 39.2568 42.2598 54.9633
"89" 39.2913 40.8501 56.8335
"90" 39.0801 39.5652 58.7944
"91" 38.4499 38.4582 60.7681
"92" 37.6229 37.3099 62.6544
"93" 36.6901 36.2414 64.5375
"94" 36.0107 35.2262 66.5529
"95" 35.4569 34.1791 68.587
"96" 35.372 33.3384 70.7653
"97" 35.8738 32.3649 72.8251
"98" 35.9910430908203 30.9659118652344 74.4580993652344
"99" 41.169189453125 45.8316955566406 26.0698051452637
"100" 41.0227 47.1938 26.588
"101" 40.709 48.596 26.6066
"102" 40.5364 49.9822 26.4688
"103" 41.0862 51.3095 26.3628
"104" 41.9268 52.5158 26.2938
"105" 42.707 53.3589 25.7083
"106" 43.1721 53.355 24.5123
"107" 42.872 51.9738 24.1252
"108" 42.2338 50.6501 23.9661
"109" 42.3479 49.2065 23.9326
"110" 42.715 47.8062 23.8761
"111" 42.6237 46.4773 23.8833
"112" 41.9597 45.6954 24.8273
"113" 39.4012336730957 48.8954124450684 45.6935577392578
"114" 27.0745182037354 39.962532043457 62.588321685791
"115" 30.1442546844482 47.1074752807617 53.7856140136719
"116" 35.6540870666504 35.5216979980469 57.7390556335449
"117" 28.8636798858643 47.0429382324219 13.9473838806152
"118" 25.8753051757812 40.1498222351074 62.4880561828613
"119" 24.343 40.5097 62.073
"120" 23.1108 41.0242 61.1354
"121" 22.0257 41.4351 59.9822
"122" 21.2171 42.2954 58.9672
"123" 20.9335 43.622 58.0392
"124" 21.2789 44.9459 57.1414
"125" 22.0478 46.0507 56.237
"126" 23.1363 47.0205 55.4832
"127" 24.4002 47.7702 54.7746
"128" 25.8908 48.0427 54.1913
"129" 27.4675 47.9397 53.7682
"130" 29.0689 47.66 53.6461
"131" 30.5824 47.0735 53.8794
"132" 31.6816 46.236 54.7526
"133" 32.3691 45.1563 55.7545
"134" 32.6988 44.07 56.9372
"135" 32.7349 43.0613 58.2228
"136" 32.3196 42.1065 59.4807
"137" 31.4981 41.2156 60.582
"138" 30.5153 40.3886 61.5814
"139" 29.093 40.0152 62.2985
"140" 27.5097 39.9807 62.526
"141" 4.2989091873169 32.482536315918 17.1462745666504
"142" 21.2746734619141 35.7347869873047 29.5142192840576
"143" 29.8353252410889 33.6807823181152 58.0371360778809
"144" 31.8277549743652 32.3282203674316 48.5435256958008
"145" 30.1172618865967 34.2989234924316 47.2747421264648
"146" 20.852087020874 42.7086296081543 58.4971160888672
"147" 30.0877990722656 47.1260833740234 53.7152214050293
"148" 31.357364654541 41.8908920288086 27.9474563598633
"149" 24.1535758972168 40.5128135681152 25.7070369720459
"150" 24.545 41.9691 26.3556
"151" 24.7634 43.5572 26.7013
"152" 24.7639 45.0843 27.3057
"153" 25.3498 45.9838 28.4453
"154" 26.4317 45.1007 28.9621
"155" 27.3654 44.0249 28.306
"156" 28.7204 43.3725 27.6458
"157" 29.7498 42.2684 28.1386
"158" 31.357364654541 41.8908920288086 27.9474563598633
"159" 41.6168174743652 55.1230659484863 27.1395149230957
"160" 24.1535758972168 40.5128135681152 25.7070369720459
"161" 14.8550157546997 57.0041732788086 21.0969676971436
"162" 23.6911888122559 34.9743614196777 20.146915435791
"163" 23.3740501403809 38.1265754699707 25.1255664825439
"164" 20.4820594787598 54.8642425537109 9.16089248657227
"165" 4.2989091873169 32.482536315918 17.1462745666504
"166" 3.1007 33.5111 17.8289
"167" 3.2544 35.0629 18.6956
"168" 3.612 36.3524 19.8616
"169" 4.0502 38.0905 20.1499
"170" 4.4642 39.8489 20.4746
"171" 4.9793 41.5672 20.8633
"172" 5.5637 43.1763 21.2005
"173" 6.1032 44.8666 21.5523
"174" 6.8287 46.5192 21.9077
"175" 7.5518 48.0708 22.3785
"176" 8.5017 49.6019 22.2331
"177" 9.3668 51.1673 22.6249
"178" 10.3535 52.3353 21.8025
"179" 11.4392 53.527 21.2467
"180" 12.5645 54.6503 20.4302
"181" 13.5538 56.0862 20.4942
"182" 14.8550157546997 57.0041732788086 21.0969676971436
"183" 36.3166885375977 41.6554641723633 43.7167205810547
"184" 36.6342 40.3656 46.2481
"185" 36.8279 39.8463 48.9981
"186" 36.7601 38.3197 51.4196
"187" 36.7631 36.7211 53.7921
"188" 35.969 36.0752 56.4849
"189" 35.149 35.2356 59.1004
"190" 34.2955 34.5947 61.7714
"191" 33.023 33.7282 64.1046
"192" 31.7217559814453 31.3232307434082 64.5120239257812
"193" 36.3166885375977 41.6554641723633 43.7167205810547
"194" 26.0820693969727 32.1739616394043 73.6369857788086
"195" 31.7217559814453 31.3232307434082 64.5120239257812
"196" 33.0966262817383 31.030122756958 24.4344158172607
"197" 29.2342529296875 30.9257831573486 43.8408393859863
"198" 32.6989784240723 30.9403324127197 32.6492576599121
"199" 27.0972175598144 33.5007362365723 33.272346496582
"200" 27.7751 33.03 32.4959
"201" 28.3082 32.2186 32.3707
"202" 28.5844 31.2276 32.7371
"203" 28.5554 30.1284 32.6378
"204" 28.1494 29.1432 32.4458
"205" 27.2340984344482 28.5259323120117 32.6935348510742
"206" 21.4871368408203 31.4280090332031 17.086856842041
"207" 19.1372261047363 31.8356151580811 58.5698165893555
"208" 26.0820693969727 32.1739616394043 73.6369857788086
"209" 24.3045 32.0581 70.6779
"210" 22.7162 31.9488 67.5907
"211" 21.3931 31.8076 64.3714
"212" 20.1452 31.5725 61.1258
"213" 18.7828 31.7171 57.9187
"214" 17.2991 31.5314 54.7798
"215" 15.8459 31.5328 51.6184
"216" 14.3408 31.4761 48.4773
"217" 12.9434 31.5722 45.2827
"218" 11.5208 31.5576 42.1044
"219" 9.9975 31.5758 38.9929
"220" 8.5255 31.7628 35.8539
"221" 7.1523 31.9134 32.6608
"222" 5.9949 31.9483 29.3929
"223" 4.7846 31.9738 26.1252
"224" 3.7505 32.2073 22.8067
"225" 2.8531 32.4358 19.4479
"226" 3.83611488342285 32.1521186828613 16.3693885803223
"227" 30.5871410369873 31.6063995361328 14.4926528930664
"228" 15.4824180603027 31.6464424133301 50.8579902648926
"229" 3.83611488342285 32.1521186828613 16.3693885803223
"230" 34.0700759887695 31.1033706665039 74.2491836547852
"231" 35.9910430908203 30.9659118652344 74.4580993652344
"232" 14.260820388794 32.0805549621582 0.630954742431641
"233" 29.0271034240723 31.527400970459 16.6408157348633
"234" 33.2012329101562 27.7594242095947 18.5992088317871
"235" 33.1413040161133 26.7646598815918 23.2209854125977
"236" 27.2340984344482 28.5259323120117 32.6935348510742
"237" 33.1868743896484 9.31035232543945 21.5887870788574
"238" 34.6803 8.4715 22.0739
"239" 35.8778 7.1119 22.3513
"240" 36.4453 5.8475 23.496
"241" 35.8419 5.2973 25.1477
"242" 34.6421 5.0047 26.5011
"243" 32.939 4.5998 27.0523
"244" 31.1841 4.1646 26.7848
"245" 29.9159 3.8381 25.5332
"246" 29.3227 3.6905 23.8279
"247" 30.3506 3.7139 22.5343
"248" 32.0398 4.3441 22.1407
"249" 33.1959 5.6009 21.6956
"250" 33.1258 7.3776 21.3355
"251" 33.1553497314453 9.20490169525146 21.5616817474365
"252" 33.1553497314453 9.20490169525146 21.5616817474365
"253" 33.1868743896484 9.31035232543945 21.5887870788574
"254" 37.0805969238281 11.6253881454468 45.6300468444824
"255" 37.8443 10.275 43.6748
"256" 38.5571 9.1567 41.5231
"257" 39.2769 8.1503 39.3268
"258" 39.8416 7.5772 36.9545
"259" 40.202 6.7509 34.5908
"260" 40.4659 5.9572 32.2005
"261" 40.3620376586914 5.4148063659668 29.7417392730713
"262" 23.0979175567627 28.2254905700684 17.1638603210449
"263" 26.0820693969727 32.1739616394043 73.6369857788086
"264" 26.701 31.1605 73.872
"265" 26.9812 30.0525 73.5724
"266" 27.4171 29.088 73.0366
"267" 27.9055 28.3214 72.2749
"268" 28.889 27.9747 72.1476
"269" 30.0779 28.0128 72.2482
"270" 31.0682 28.2884 72.8691
"271" 31.9415 28.7773 73.549
"272" 32.8709 29.3136 73.9999
"273" 33.8724 29.9383 74.1245
"274" 34.0700759887695 31.1033706665039 74.2491836547852
"275" 34.0266265869141 23.2904281616211 24.0024318695068
"276" 17.4790325164795 24.6348705291748 54.3058204650879
"277" 17.61696434021 24.7136707305908 54.638484954834
"278" 15.0931777954102 25.3830375671387 50.1461143493652
"279" 21.4871368408203 31.4280090332031 17.086856842041
"280" 21.6806 30.3605 16.9224
"281" 22.2965 29.4445 16.8644
"282" 23.0881 28.7007 16.8848
"283" 24.0053 28.3301 17.332
"284" 24.973 27.9713 17.724
"285" 26.0081 27.8863 18.0548
"286" 27.024 28.201 18.0423
"287" 27.8066 28.8306 17.5882
"288" 28.4015 29.5415 17.0078
"289" 28.8121 30.4488 16.6241
"290" 29.0271034240723 31.527400970459 16.6408157348633
"291" 29.2224960327148 5.56193161010742 39.6423797607422
"292" 37.0805969238281 11.6253881454468 45.6300468444824
"293" 36.6574 13.0282 48.0202
"294" 36.1807 14.6658 50.245
"295" 35.8746 16.4205 52.3984
"296" 36.0534 18.2322 54.53
"297" 36.6716 19.7515 56.8158
"298" 36.8558 21.1735 59.2276
"299" 36.4632 22.7717 61.4982
"300" 35.8942 24.3983 63.7177
"301" 35.2187 25.9545 65.9337
"302" 34.8283 27.1827 68.4235
"303" 34.9489 28.1368 70.9901
"304" 35.8559 29.2199 73.3934
"305" 35.9910430908203 30.9659118652344 74.4580993652344
"306" 40.9352989196777 15.1761541366577 25.8053646087646
"307" 40.6124 13.7532 26.2461
"308" 40.4237 12.2724 26.141
"309" 40.0473 10.7562 25.8935
"310" 40.5057 9.2137 26.1338
"311" 41.4106 7.8919 25.9816
"312" 42.3301 7.5589 24.8035
"313" 42.5964 8.5343 23.817
"314" 42.0063 10.0335 23.6813
"315" 41.9331 11.6248 23.5719
"316" 42.4953 13.1423 23.5
"317" 42.4068 14.667 23.5905
"318" 41.4764 15.5371 24.4639
"319" 37.0805969238281 11.6253881454468 45.6300468444824
"320" 25.9327011108398 22.639741897583 61.9275588989258
"321" 29.0084114074707 14.9965648651123 54.0953521728516
"322" 35.2232093811035 26.2379055023193 57.089542388916
"323" 29.1613922119141 15.6331825256348 14.0616989135742
"324" 24.9098892211914 22.3882369995117 62.056037902832
"325" 23.5543 22.0768 61.091
"326" 22.3818 21.7334 59.9277
"327" 21.5058 21.0331 58.7179
"328" 21.1235 19.7154 57.7427
"329" 21.2054 18.0909 57.2975
"330" 21.4814 16.6672 56.4412
"331" 21.9607 15.3411 55.5202
"332" 22.8889 14.248 54.6506
"333" 24.0019 13.5342 53.7001
"334" 25.63 13.2964 53.4071
"335" 27.2493 13.693 53.3907
"336" 28.6861 14.5204 53.6766
"337" 29.698 15.5977 54.5025
"338" 30.5905 16.7924 55.2971
"339" 31.108 17.9155 56.4371
"340" 31.2871 19.225 57.4898
"341" 31.1303 20.4398 58.6509
"342" 30.5854 21.6057 59.7369
"343" 29.5512 22.4741 60.7241
"344" 28.1402 22.9786 61.4677
"345" 26.5374 22.7858 61.8041
"346" 4.31019258499146 32.0205268859863 16.423152923584
"347" 20.2318286895752 26.6475162506104 30.899564743042
"348" 29.7638149261475 29.2919883728027 57.7963981628418
"349" 31.7331466674805 29.438591003418 48.5343399047852
"350" 30.340482711792 27.5280494689941 46.5876579284668
"351" 20.9794692993164 20.7689189910889 58.1317977905273
"352" 28.7459087371826 14.8004188537598 53.7175140380859
"353" 31.194393157959 20.9718112945557 28.1285896301269
"354" 24.2372264862061 21.9668712615967 25.5927276611328
"355" 24.8567 20.4151 25.934
"356" 24.9602 18.721 26.1933
"357" 24.7468 17.1009 26.5488
"358" 25.5188 16.4932 27.8723
"359" 26.8514 16.2784 27.3372
"360" 27.9653 17.2562 26.8029
"361" 28.7819 18.744 27.0821
"362" 29.9293 19.8605 27.7031
"363" 31.194393157959 20.9718112945557 28.1285896301269
"364" 40.3620376586914 5.4148063659668 29.7417392730713
"365" 24.2372264862061 21.9668712615967 25.5927276611328
"366" 15.2851448059082 5.78838586807251 19.4339580535889
"367" 23.406852722168 27.4930534362793 19.7727947235107
"368" 22.9716758728027 24.5349369049072 24.8173065185547
"369" 19.3625240325928 8.34764099121094 8.29237747192383
"370" 4.31019258499146 32.0205268859863 16.423152923584
"371" 3.2442 31.2058 17.7667
"372" 3.1321 29.4554 18.3815
"373" 3.5231 27.6934 19.1696
"374" 3.9244 25.7926 19.2949
"375" 4.0297 23.8883 18.8133
"376" 4.4468 21.9804 18.4966
"377" 4.9214 20.068 18.2444
"378" 5.6281 18.2168 18.436
"379" 6.3554 16.4106 18.8248
"380" 7.2928 14.8487 19.599
"381" 8.1487 13.2302 20.2798
"382" 9.2428 11.6726 20.7745
"383" 10.3138 10.0539 21.0106
"384" 11.5504 8.6473 20.4961
"385" 12.7428 7.4315 19.6818
"386" 13.9544 6.1409 19.888
"387" 15.2851448059082 5.78838586807251 19.4339580535889
"388" 34.5326614379883 19.8700771331787 43.4343605041504
"389" 35.5531 21.2102 45.65
"390" 35.5113 21.5163 48.6188
"391" 35.7312 22.9295 51.1915
"392" 35.9216 24.6195 53.5845
"393" 35.4522 25.9011 56.2282
"394" 34.706 26.7845 58.999
"395" 33.7828 27.6194 61.7271
"396" 32.9594 28.8168 64.2578
"397" 31.7217559814453 31.3232307434082 64.5120239257812
"398" 34.5326614379883 19.8700771331787 43.4343605041504
"399" 41.4885215759277 45.9884567260742 25.6933879852295
"400" 41.8365478515625 45.8783340454102 25.1780319213867
"401" 41.4432945251465 46.6140213012695 26.0208377838135
"402" 41.7807426452637 46.6270294189453 25.5456314086914
"403" 42.0208435058594 46.4262161254883 25.0903053283691
"404" 42.3927459716797 46.461483001709 24.5232410430908
"405" 41.4862976074219 47.4335746765137 26.3029594421387
"406" 41.7314453125 47.366024017334 25.770975112915
"407" 41.9924736022949 47.1377830505371 25.1988468170166
"408" 42.3523635864258 47.0230560302734 24.7537803649902
"409" 42.6542587280273 47.1817321777344 24.2382888793945
"410" 41.3678703308105 48.2065200805664 26.2726058959961
"411" 41.7005233764648 48.1178894042969 25.6490650177002
"412" 42.0346946716309 47.9566650390625 25.1541538238525
"413" 42.4643249511719 47.8701133728027 24.5564022064209
"414" 40.9348068237305 48.8834419250488 26.3861026763916
"415" 41.3271636962891 48.8171691894531 25.8658504486084
"416" 41.6587982177734 48.7410125732422 25.2853660583496
"417" 42.1904067993164 48.6416511535645 24.5535469055176
"418" 41.027759552002 49.5048027038574 25.8941135406494
"419" 41.4483032226562 49.4418334960938 25.2965717315674
"420" 41.855037689209 49.3497161865234 24.6682777404785
"421" 40.8753814697266 50.1006774902344 25.9787082672119
"422" 41.3297843933105 49.9425239562988 25.0806655883789
"423" 41.7544364929199 50.0433387756348 24.5528869628906
"424" 41.233829498291 50.6752433776855 25.6264724731445
"425" 41.6440696716309 50.4807624816895 24.9254360198975
"426" 41.8540153503418 50.5027275085449 24.631628036499
"427" 41.4131126403809 51.2563934326172 25.9926815032959
"428" 41.7441711425781 51.2347755432129 25.5315475463867
"429" 42.212100982666 51.3227729797363 24.7827014923096
"430" 42.6392822265625 51.5001220703125 24.1311740875244
"431" 41.8520584106445 51.7384147644043 25.917552947998
"432" 42.1398010253906 51.8827896118164 25.650354385376
"433" 42.7179412841797 52.2502517700195 24.8022708892822
"434" 43.13330078125 52.4948997497559 24.459400177002
"435" 42.3628273010254 52.4821815490723 25.7424278259277
"436" 42.8144111633301 52.6861801147461 25.1608695983887
"437" 42.7652320861816 52.9893493652344 25.5455341339111
"438" 41.4282379150391 14.4855604171753 25.4491138458252
"439" 41.533374786377 14.8592948913574 25.165922164917
"440" 41.8853378295898 14.8806314468384 24.6345043182373
"441" 41.366081237793 14.156044960022 25.6745128631592
"442" 41.6508636474609 14.2590026855469 25.164945602417
"443" 41.9707679748535 14.4402561187744 24.6389598846436
"444" 42.2290916442871 14.4632062911987 24.3539733886719
"445" 41.2008781433105 13.6012897491455 26.0178756713867
"446" 41.6100196838379 13.6287631988525 25.3189182281494
"447" 41.8775482177734 13.7582492828369 24.8051738739014
"448" 42.1899642944336 13.9166240692139 24.4530925750732
"449" 42.4708976745605 13.9572153091431 23.9763240814209
"450" 41.2204093933105 12.9325046539307 25.7977275848389
"451" 41.5932312011719 13.0344228744507 25.0781707763672
"452" 41.9576530456543 13.1760683059692 24.5768909454346
"453" 42.3858184814453 13.2754125595093 24.1131744384766
"454" 40.9114837646484 12.3003215789795 25.699592590332
"455" 41.3365097045898 12.4569368362427 25.2232284545898
"456" 41.5153770446777 12.5112724304199 24.7856426239014
"457" 42.0383110046387 12.6672248840332 24.2681331634521
"458" 40.5317687988281 11.6848526000977 25.6866359710693
"459" 40.9535331726074 11.8401517868042 25.1928520202637
"460" 41.3823356628418 11.9822330474854 24.7088470458984
"461" 41.8353424072266 12.2052297592163 24.1943664550781
"462" 40.471378326416 11.1699419021606 25.500093460083
"463" 40.8739433288574 11.4124126434326 24.9219551086426
"464" 41.3124313354492 11.5544061660767 24.4902400970459
"465" 41.7762489318848 11.7420692443848 23.9875774383545
"466" 40.479118347168 10.6434650421143 25.5013561248779
"467" 40.8024101257324 10.9381551742554 25.0428104400635
"468" 41.1941947937012 11.07115650177 24.4910926818848
"469" 41.5271301269531 10.9628267288208 24.1408672332764
"470" 40.6651229858398 10.2814846038818 25.3627414703369
"471" 41.0453262329102 10.4225492477417 24.8128700256348
"472" 41.6550407409668 10.4227285385132 24.2507457733154
"473" 40.9433250427246 9.5869607925415 25.5907859802246
"474" 41.467601776123 9.5223503112793 25.096700668335
"475" 41.8273506164551 9.87656879425049 24.3901233673096
"476" 41.2927703857422 9.04404640197754 25.5148906707764
"477" 41.7039184570312 9.44588470458984 24.7711791992188
"478" 42.2202339172363 9.44247627258301 24.1625385284424
"479" 41.608154296875 8.61373805999756 25.4076766967773
"480" 41.8686294555664 8.67411327362061 25.0481243133545
"481" 42.4268493652344 8.8458890914917 24.2286052703857
"482" 41.9487419128418 8.12666320800781 25.2900238037109
"483" 42.2937469482422 8.29605007171631 24.6881542205811
"484" 37.7799110412598 48.0207405090332 47.7096405029297
"485" 37.4090385437012 46.2200050354004 49.0230026245117
"486" 36.5040054321289 45.1400375366211 49.4980125427246
"487" 36.3929634094238 44.6638145446777 48.4593391418457
"488" 36.0587997436523 43.0140991210938 47.4001007080078
"489" 36.0261993408203 42.2452011108398 45.3610000610352
"490" 37.569507598877 46.0572052001953 48.3227310180664
"491" 35.8646087646484 45.222728729248 50.4012565612793
"492" 35.4911804199219 44.6929397583008 50.5373268127441
"493" 36.6440734863281 44.0333251953125 49.3238220214844
"494" 36.4782981872559 42.7186012268066 48.1068000793457
"495" 36.5155487060547 41.3743095397949 46.7164306640625
"496" 37.5616111755371 45.289665222168 49.6950416564941
"497" 35.603343963623 44.9090805053711 50.5554580688477
"498" 35.4004287719727 44.414249420166 51.5218391418457
"499" 35.7281455993652 43.6457633972168 51.042854309082
"500" 36.3898849487305 42.506175994873 49.9669418334961
"501" 36.8789482116699 41.202709197998 49.4142532348633
"502" 37.5695457458496 44.3733177185059 51.1153526306152
"503" 35.6265068054199 44.0002250671387 52.322639465332
"504" 35.5904426574707 43.4875907897949 52.6852569580078
"505" 36.3815002441406 42.4675483703613 52.6698875427246
"506" 36.784351348877 41.090145111084 52.17529296875
"507" 36.804573059082 39.8236312866211 52.0407295227051
"508" 37.3710479736328 43.2385482788086 53.0294761657715
"509" 35.704475402832 42.9915885925293 53.8390808105469
"510" 35.6892623901367 42.5753974914551 54.1674537658691
"511" 36.851131439209 40.9943656921387 53.5889091491699
"512" 36.7201843261719 39.7602081298828 53.5956954956055
"513" 36.7852210998535 38.8413429260254 53.3303031921387
"514" 37.5028648376465 41.6009788513184 54.4445877075195
"515" 36.1380004882812 41.4406318664551 54.9784469604492
"516" 36.4888916015625 41.4243316650391 55.6663856506348
"517" 36.6986045837402 39.8377838134766 55.304069519043
"518" 36.5266647338867 38.2306442260742 55.2816123962402
"519" 37.8458709716797 40.531494140625 56.4495620727539
"520" 36.2848091125488 40.3557815551758 56.6745491027832
"521" 36.5006866455078 40.1948738098145 57.2166481018066
"522" 36.5770301818848 38.845142364502 56.8831977844238
"523" 36.2997055053711 37.9212608337402 56.8429794311523
"524" 37.5467758178711 39.5719718933105 57.8760414123535
"525" 36.2172775268555 39.4574890136719 57.992130279541
"526" 35.8115615844727 39.5504722595215 58.5052909851074
"527" 36.3721656799316 38.2745971679688 58.4704132080078
"528" 35.8383712768555 36.9151153564453 58.6767387390137
"529" 36.9482040405273 38.5791320800781 59.5659332275391
"530" 35.6805763244629 38.2180633544922 59.6264419555664
"531" 35.0291404724121 38.5132789611816 59.8811340332031
"532" 36.0281181335449 37.5682258605957 59.7071495056152
"533" 35.5737495422363 36.5287933349609 59.3307151794434
"534" 36.6750831604004 37.7393684387207 61.2000732421875
"535" 35.4421272277832 37.3732452392578 61.0232162475586
"536" 35.3144035339355 37.3540306091309 61.1963195800781
"537" 35.3042144775391 36.4388313293457 60.4977798461914
"538" 36.0701522827148 37.0050354003906 62.3776092529297
"539" 35.3166122436523 36.5360908508301 61.8502769470215
"540" 35.4228057861328 36.6049957275391 62.1173400878906
"541" 34.6618690490723 35.6138954162598 61.3744506835938
"542" 35.6628723144531 36.3755378723145 63.4686622619629
"543" 34.579174041748 35.706916809082 63.1606292724609
"544" 34.7530136108398 35.9183464050293 63.2280883789062
"545" 34.3081970214844 35.3325691223145 62.5700798034668
"546" 35.033374786377 35.7091102600098 64.6696014404297
"547" 34.3206901550293 35.4941787719727 64.2237701416016
"548" 34.1041831970215 35.1980400085449 63.9485931396484
"549" 34.533073425293 35.102180480957 66.0323181152344
"550" 33.7039642333984 34.8399467468262 65.5116195678711
"551" 33.6293144226074 34.7936401367188 65.29736328125
"552" 34.4935264587402 34.5156707763672 67.3288650512695
"553" 33.5904006958008 34.5054893493652 66.8285980224609
"554" 32.9116363525391 34.3568344116211 66.1940841674805
"555" 34.3147392272949 33.954776763916 68.4351348876953
"556" 33.5704078674316 33.9306259155273 68.0469436645508
"557" 31.680700302124 33.1529006958008 67.0868988037109
"558" 34.5441246032715 33.2689781188965 70.2367935180664
"559" 33.7671813964844 33.2888298034668 69.6121444702148
"560" 33.5025177001953 33.5899505615234 68.7015609741211
"561" 32.125545501709 33.5335388183594 67.3580932617188
"562" 34.8681602478027 32.6866188049316 71.4197692871094
"563" 34.4139823913574 32.8720588684082 70.8974227905273
"564" 33.8056564331055 32.9061889648438 70.4865036010742
"565" 32.6026916503906 32.7011566162109 69.9031829833984
"566" 35.0249443054199 32.2811431884766 72.0626449584961
"567" 33.5890007019043 31.6077995300293 71.7098007202148
"568" 35.8815689086914 14.1520919799805 48.1842803955078
"569" 34.2817344665527 15.4484195709229 49.5581245422363
"570" 34.5918769836426 16.6730041503906 49.0352210998535
"571" 34.3377990722656 17.6716995239258 47.7613983154297
"572" 34.5769309997559 19.0848045349121 45.6409645080566
"573" 35.666805267334 14.1966686248779 47.8363990783691
"574" 34.1691780090332 14.8768005371094 49.2326889038086
"575" 33.1478385925293 15.7320766448975 50.2436714172363
"576" 33.8774223327637 16.6108798980713 50.0790863037109
"577" 34.4947509765625 18.3607215881348 48.6258354187012
"578" 35.1675987243652 20.1980304718018 47.9088554382324
"579" 34.9494094848633 14.5916814804077 49.7003631591797
"580" 33.750545501709 15.8080921173096 50.7622680664062
"581" 33.9231910705566 17.0036869049072 51.3698692321777
"582" 34.8311882019043 17.7268543243408 51.0401992797852
"583" 34.7654685974121 19.5236530303955 50.3300895690918
"584" 35.2064781188965 20.8154048919678 50.2837982177734
"585" 34.8181266784668 16.3448066711426 51.2800102233887
"586" 33.9174346923828 17.5063915252686 51.8221626281738
"587" 34.1440315246582 18.0724449157715 52.8965339660645
"588" 34.8009071350098 19.4024696350098 52.5474586486816
"589" 34.9941825866699 20.8848552703857 52.4505615234375
"590" 35.3499984741211 22.114200592041 52.655158996582
"591" 35.2294540405273 18.5802364349365 52.8308334350586
"592" 34.0989532470703 18.8991737365723 53.7744064331055
"593" 34.5754470825195 19.4721584320068 54.5097541809082
"594" 35.1451072692871 20.2801666259766 54.2023429870605
"595" 35.1142692565918 21.9523639678955 54.228630065918
"596" 35.4067649841309 23.332218170166 54.575870513916
"597" 35.1649169921875 19.6238117218018 54.5243492126465
"598" 34.5515937805176 20.396993637085 55.2174949645996
"599" 34.6932144165039 20.8976249694824 56.3263320922852
"600" 35.0715675354004 22.2928295135498 56.1190948486328
"601" 35.2973289489746 24.0218753814697 56.414234161377
"602" 35.4499092102051 20.7560043334961 56.6762008666992
"603" 34.705883026123 21.7030563354492 57.1230735778809
"604" 34.65625 22.0337333679199 57.887336730957
"605" 35.1194381713867 23.4847221374512 57.9564819335938
"606" 35.1174964904785 24.9273166656494 58.1009635925293
"607" 35.387092590332 22.4839687347412 58.3093566894531
"608" 34.6325912475586 23.0405426025391 58.609001159668
"609" 34.8471374511719 23.2937355041504 59.2157669067383
"610" 34.9246711730957 24.5476474761963 59.2499809265137
"611" 34.894645690918 25.6163158416748 59.1689643859863
"612" 35.0507659912109 23.6689567565918 60.1039810180664
"613" 34.0379829406738 24.0144481658936 60.6124153137207
"614" 34.7511711120605 24.5964183807373 60.6170501708984
"615" 34.5481605529785 25.9162292480469 60.4374961853027
"616" 34.6717643737793 24.3933944702148 61.6927871704102
"617" 33.7181205749512 24.8174133300781 61.9076118469238
"618" 34.4652900695801 25.4256019592285 62.1587600708008
"619" 34.083324432373 26.5491790771484 61.8715858459473
"620" 34.6521148681641 25.3239860534668 62.8781776428223
"621" 34.1008071899414 25.9724082946777 63.4227905273438
"622" 33.867073059082 26.2122840881348 63.8166923522949
"623" 33.7828636169434 26.9455146789551 63.9788780212402
"624" 34.2795028686523 26.3587741851807 65.0161056518555
"625" 33.679027557373 27.2021312713623 65.51171875
"626" 33.3886451721191 27.5723991394043 65.8929824829102
"627" 34.0431480407715 27.4006958007812 66.9217529296875
"628" 33.6074867248535 27.7173309326172 67.1462707519531
"629" 32.8180732727051 28.3502368927002 67.4435958862305
"630" 32.3395919799805 28.6863422393799 67.2947006225586
"631" 33.8706550598145 28.0966091156006 69.0007095336914
"632" 34.0705718994141 28.100564956665 69.3088455200195
"633" 33.372314453125 28.4795818328857 68.7455368041992
"634" 31.9506225585938 29.5625648498535 68.966911315918
"635" 34.4419250488281 28.3515510559082 70.6943283081055
"636" 34.1865501403809 28.846752166748 71.2854385375977
"637" 33.5984687805176 29.4384365081787 71.3732452392578
"638" 33.1887016296387 31.0384006500244 71.5983963012695
