"V1" "V2" "V3"
"1" 48.5985641479492 49.987922668457 91.666877746582
"2" 48.2979 49.9236 93.1663
"3" 47.7932 49.7111 94.5605
"4" 47.059 49.2991 95.8339
"5" 46.3609 48.925 97.14
"6" 45.6871 48.5823 98.4704
"7" 44.995 48.1751 99.7616
"8" 44.6296 47.926 101.2047
"9" 44.2586 47.7901 102.6821
"10" 43.8902 47.8446 104.1656
"11" 43.707 47.6732 105.6741
"12" 43.536 47.5004 107.1633
"13" 42.8926162719727 47.3227157592773 108.540786743164
"14" 30.4019165039062 58.711555480957 121.07112121582
"15" 33.8503570556641 60.2209510803223 109.850997924805
"16" 60.1795883178711 61.1398124694824 83.094856262207
"17" 22.137508392334 88.3500900268555 104.126106262207
"18" 21.763 87.6639 98.0764
"19" 22.8841 87.8535 92.5179
"20" 27.1209 90.0687 88.8288
"21" 32.0187 93.3075 87.514
"22" 36.5173 96.8579 89.0623
"23" 39.9183 99.899 93.0401
"24" 41.9277 101.2738 98.4355
"25" 40.9315 102.0121 104.3312
"26" 37.9973 101.3282 109.5678
"27" 33.6973 98.8553 112.9417
"28" 29.1169 95.1074 113.3161
"29" 25.3069 91.7062 110.1986
"30" 22.44 88.5889 105.8744
"31" 21.2712 87.6864 99.9978
"32" 21.3904 86.7875 98.7036
"33" 22.2881317138672 88.3432083129883 104.533187866211
"34" 22.2881317138672 88.3432083129883 104.533187866211
"35" 22.137508392334 88.3500900268555 104.126106262207
"36" 40.6747589111328 84.2641983032227 56.7486419677734
"37" 42.8706 85.8553 57.082
"38" 44.7784 87.0648 58.6788
"39" 46.6563 88.3992 60.1777
"40" 47.9681 90.0785 61.9126
"41" 48.6357 91.4669 64.1808
"42" 48.9844 92.6312 66.6346
"43" 48.7113 93.5892 69.2132
"44" 47.8749 94.806 71.5517
"45" 46.6007 95.7215 73.8074
"46" 44.8648 96.0121 75.9424
"47" 42.9904 95.8038 77.9667
"48" 40.5726 95.3255 79.009
"49" 38.2023 93.9443 79.1165
"50" 36.0315 92.3614 79.5115
"51" 34.1193 90.6662 78.5813
"52" 32.1945724487305 89.1978759765625 77.2343902587891
"53" 51.7745513916016 58.9880218505859 126.61799621582
"54" 84.5102691650391 69.0982360839844 30.6894912719727
"55" 83.6861 71.8646 31.6144
"56" 81.9384 74.1127 32.3838
"57" 79.1949 75.0798 32.0491
"58" 76.7695 74.9719 30.2509
"59" 74.8648 74.4876 27.954
"60" 73.2073 73.5723 25.6054
"61" 71.6102 72.1964 23.4517
"62" 70.0878 70.424 21.5502
"63" 69.8439 67.7426 20.7192
"64" 71.9218 65.6785 20.1112
"65" 74.1008987426758 63.5857162475586 19.8653907775879
"66" 38.8617095947266 59.2524871826172 98.1726303100586
"67" 83.9022521972656 77.4366302490234 48.0768280029297
"68" 78.2493515014648 84.2600402832031 59.5060424804688
"69" 80.6251220703125 80.7948608398438 71.7044982910156
"70" 57.1874694824219 57.1155281066895 130.838638305664
"71" 55.9412 57.835 129.1731
"72" 54.2813 58.1997 127.7981
"73" 52.3556 58.9868 127.1481
"74" 50.5044 59.3608 126.0302
"75" 48.7526 59.4779 124.731
"76" 47.1874 59.4195 123.2203
"77" 46.305 57.9494 122.0047
"78" 45.809 55.8217 122.1182
"79" 45.643 53.7228 122.7219
"80" 46.4082 51.8117 123.2969
"81" 47.9325256347656 50.312858581543 123.820945739746
"82" 72.1459808349609 88.8131332397461 76.1668319702148
"83" 40.6747589111328 84.2641983032227 56.7486419677734
"84" 37.8176 82.0377 55.204
"85" 36.6015 79.7293 52.5218
"86" 37.9881 78.2147 49.1429
"87" 39.7387 76.8415 45.8745
"88" 41.9371 75.9686 42.7292
"89" 43.9263 74.3873 39.709
"90" 45.8054 72.8238 36.6125
"91" 47.8199 71.274 33.5871
"92" 50.1468 69.6594 30.8484
"93" 52.8551 67.9905 28.5124
"94" 55.9766 67.0862 26.2742
"95" 59.0922 65.9259 24.1442
"96" 62.0193 64.5331 21.9058
"97" 64.5928 62.3744 19.9645
"98" 66.6179275512695 59.1003341674805 19.1383590698242
"99" 29.9202480316162 67.8256912231445 96.2275772094727
"100" 29.8709 71.2983 95.8155
"101" 29.1785 74.736 96.1304
"102" 27.447 77.6683 95.1887
"103" 24.9416 79.2242 93.4694
"104" 21.6005 79.3667 92.9076
"105" 18.4925 78.6641 94.3121
"106" 16.8609 77.6785 97.1519
"107" 17.4627 75.7722 100.0277
"108" 19.4324 74.5469 102.6831
"109" 21.7657 72.1124 103.541
"110" 23.6221 69.2188 103.3052
"111" 25.1779 67.321 100.8558
"112" 27.6262 66.4762 98.5054
"113" 40.6747589111328 84.2641983032227 56.7486419677734
"114" 80.996467590332 76.7698822021484 39.756763458252
"115" 66.0474090576172 85.0237579345703 45.741626739502
"116" 58.7538146972656 66.3368377685547 54.7656059265137
"117" 27.7465438842773 72.4110870361328 141.80207824707
"118" 82.2375259399414 76.7501373291016 41.3876113891602
"119" 83.5462 76.9766 44.0894
"120" 84.0173 77.3882 47.0304
"121" 84.1464 77.9768 49.9546
"122" 83.7305 79.0784 52.685
"123" 82.6792 80.6662 54.9915
"124" 81.298 82.1473 57.1834
"125" 79.285 83.6129 58.7647
"126" 76.8733 85.2134 59.6042
"127" 74.4932 86.7792 59.0553
"128" 72.284 87.5023 57.1924
"129" 70.055 87.8087 55.1908
"130" 68.3771 87.6433 52.7035
"131" 67.1788 86.8081 50.0799
"132" 66.5415 85.6549 47.3835
"133" 66.3396 84.3582 44.6705
"134" 66.7106 83.146 41.9774
"135" 68.1963 81.536 39.9204
"136" 70.1513 80.1031 38.1471
"137" 72.5353 78.8995 36.7892
"138" 75.291 77.7625 36.6353
"139" 78.1263 77.0031 37.173
"140" 80.4378 76.8921 38.9744
"141" 76.8996200561523 72.8779373168945 142.006759643555
"142" 67.1007919311523 68.8996887207031 103.239364624023
"143" 71.8480072021484 62.6716651916504 43.7589492797852
"144" 58.5848083496094 55.3827819824219 71.2135162353516
"145" 67.1034240722656 64.6624298095703 65.9745178222656
"146" 77.9867477416992 84.0831909179688 59.5264587402344
"147" 71.5092163085938 87.4726181030273 56.6028137207031
"148" 43.703296661377 70.8141479492188 95.6371002197266
"149" 47.5859107971191 74.6262512207031 111.170875549316
"150" 47.9598 75.0462 108.7807
"151" 46.8238 76.5106 107.2287
"152" 47.1195 76.0086 105.0171
"153" 48.8431 74.586 103.9801
"154" 49.1241 74.8859 102.0195
"155" 48.2718 73.5474 100.1179
"156" 47.5866 71.8298 98.5386
"157" 45.6545 71.3726 97.1083
"158" 43.703296661377 70.8141479492188 95.6371002197266
"159" 32.1945724487305 89.1978759765625 77.2343902587891
"160" 47.5859107971191 74.6262512207031 111.170875549316
"161" 48.556266784668 100.797828674316 114.830863952637
"162" 55.9181518554688 61.8714599609375 124.268341064453
"163" 57.2539138793945 69.6966247558594 113.276229858398
"164" 30.7878189086914 77.364128112793 142.838363647461
"165" 76.8996200561523 72.8779373168945 142.006759643555
"166" 76.3565 74.2157 139.1572
"167" 75.606 76.111 136.8337
"168" 74.4404 78.1737 134.7522
"169" 72.6352 80.2222 133.1221
"170" 71.3528 81.9571 130.7655
"171" 71.0644 83.3077 127.8943
"172" 70.0744 85.0025 125.3793
"173" 68.8306 86.7399 122.9965
"174" 67.7163 88.3137 120.4444
"175" 66.1335 89.8946 118.1645
"176" 64.3446 91.6711 116.1987
"177" 62.0814 93.0539 114.4222
"178" 59.4288 94.4754 113.3476
"179" 56.7871 96.2588 113.4699
"180" 53.9939 97.8075 113.4612
"181" 51.1089 99.0205 114.0866
"182" 48.556266784668 100.797828674316 114.830863952637
"183" 52.5551490783691 72.3719863891602 64.5657196044922
"184" 54.4537 69.8013 62.2595
"185" 56.4675 68.1351 59.3517
"186" 58.1081 66.9364 55.9533
"187" 59.5608 65.6136 52.5046
"188" 60.7215 64.3581 48.954
"189" 62.2797 63.5358 45.4501
"190" 63.8863 63.0633 41.9241
"191" 65.4056 62.3384 38.3705
"192" 67.4378051757812 59.8481178283691 36.0645713806152
"193" 52.5551490783691 72.3719863891602 64.5657196044922
"194" 84.5102691650391 69.0982360839844 30.6894912719727
"195" 67.4378051757812 59.8481178283691 36.0645713806152
"196" 42.8926162719727 47.3227157592773 108.540786743164
"197" 68.0754241943359 61.279670715332 62.5851898193359
"198" 48.5985641479492 49.987922668457 91.666877746582
"199" 60.1795883178711 61.1398124694824 83.094856262207
"200" 58.4333 59.5815 86.1388
"201" 56.8935 57.8506 89.1745
"202" 56.7931 55.2159 91.6528
"203" 59.2306 53.7278 89.6107
"204" 61.9051 53.7248 86.8635
"205" 64.1991119384766 54.194465637207 83.829704284668
"206" 57.1874694824219 57.1155281066895 130.838638305664
"207" 87.1323471069336 70.8937911987305 45.1248931884766
"208" 84.5102691650391 69.0982360839844 30.6894912719727
"209" 85.7855 69.9508 36.2818
"210" 86.6828 70.6212 42.0389
"211" 87.7261 71.1636 47.7937
"212" 88.5821 72.4549 53.4554
"213" 89.1222 73.1076 59.2465
"214" 88.7599 72.8917 65.0598
"215" 87.9431 72.8082 70.8533
"216" 87.1492 72.3148 76.6505
"217" 86.7149 72.1882 82.4959
"218" 86.0735 72.2419 88.3266
"219" 85.5128 71.9481 94.1577
"220" 84.9124 71.3519 99.9648
"221" 84.0515 71.3389 105.7652
"222" 83.3534 72.0028 111.5255
"223" 82.8386 71.555 117.3584
"224" 82.1389 71.2389 123.1477
"225" 81.6922 71.3329 128.9889
"226" 80.9646530151367 70.9505844116211 134.777938842773
"227" 42.7129020690918 46.712818145752 127.387817382812
"228" 87.3759231567383 72.9139862060547 72.6549682617188
"229" 80.9646530151367 70.9505844116211 134.777938842773
"230" 74.1008987426758 63.5857162475586 19.8653907775879
"231" 66.6179275512695 59.1003341674805 19.1383590698242
"232" 56.6649131774902 58.3923225402832 182.24560546875
"233" 47.9325256347656 50.312858581543 123.820945739746
"234" 47.6469039916992 30.6195259094238 122.828857421875
"235" 50.3654594421387 33.3394165039062 109.481994628906
"236" 64.1991119384766 54.194465637207 83.829704284668
"237" 70.9065551757812 10.060567855835 107.684669494629
"238" 68.8506 9.4572 101.0458
"239" 69.1599 10.1402 94.627
"240" 73.2302 13.2793 90.0911
"241" 78.7951 17.0403 88.4253
"242" 84.5482 20.0324 90.3831
"243" 88.9104 21.3522 95.5068
"244" 90.6485 20.5114 102.074
"245" 89.3352 18.5552 108.6102
"246" 85.6251 15.7605 113.6245
"247" 79.5103 13.1403 115.039
"248" 74.1373 10.7844 111.6014
"249" 70.3156 9.6407 105.8947
"250" 68.703 9.0387 101.4622
"251" 71.2620086669922 10.2193937301636 107.843635559082
"252" 71.2620086669922 10.2193937301636 107.843635559082
"253" 70.9065551757812 10.060567855835 107.684669494629
"254" 76.6117401123047 25.9527587890625 58.3759918212891
"255" 81.4489 28.9281 60.7545
"256" 85.6318 29.5822 65.6234
"257" 88.0919 28.1738 71.4705
"258" 88.1609 24.5961 77.0108
"259" 84.1867 20.9451 80.7662
"260" 78.4332 17.8583 80.0846
"261" 72.9845733642578 14.3852310180664 78.779914855957
"262" 57.952507019043 50.4320755004883 126.101936340332
"263" 84.5102691650391 69.0982360839844 30.6894912719727
"264" 86.0588 66.6763 31.3046
"265" 87.0152 64.0867 32.1364
"266" 86.326 61.4457 31.5077
"267" 85.0321 59.6468 29.6613
"268" 83.9523 58.71 27.0829
"269" 82.234 57.5332 25.1132
"270" 80.1101 56.4743 23.371
"271" 77.7173 56.367 21.6956
"272" 75.7043 58.022 20.8133
"273" 74.9994 60.8342 20.3974
"274" 74.1008987426758 63.5857162475586 19.8653907775879
"275" 51.5382766723633 37.1140441894531 99.0030364990234
"276" 90.568359375 65.482421875 47.4672012329102
"277" 93.2332916259766 58.3942413330078 60.5877227783203
"278" 90.7179260253906 64.7353057861328 73.2557373046875
"279" 57.1874694824219 57.1155281066895 130.838638305664
"280" 57.4181 55.5233 129.1803
"281" 57.5093 53.6498 127.8639
"282" 57.7873 51.5989 126.8649
"283" 57.7826 49.6796 125.5925
"284" 57.2441 47.592 124.8149
"285" 56.3355 46.1865 123.3617
"286" 54.5899 45.3853 122.4627
"287" 52.3661 45.7393 122.4828
"288" 50.3654 46.7136 122.8265
"289" 48.8295 48.2172 123.4375
"290" 47.9325256347656 50.312858581543 123.820945739746
"291" 94.5081481933594 50.9967956542969 75.9884490966797
"292" 76.6117401123047 25.9527587890625 58.3759918212891
"293" 72.659 24.2724 56.9795
"294" 69.463 24.1328 53.8531
"295" 68.8118 26.2115 49.7618
"296" 69.1371 28.9286 46.1044
"297" 68.6967 31.6918 42.379
"298" 68.3198 34.4204 38.6327
"299" 67.6405 37.1161 34.874
"300" 67.181 40.265 31.4379
"301" 67.2916 43.8233 28.4332
"302" 68.1086 47.5492 25.7176
"303" 68.6573 51.3754 23.1031
"304" 68.4582 55.026 20.2052
"305" 66.6179275512695 59.1003341674805 19.1383590698242
"306" 54.6767501831055 24.8677139282227 96.6587982177734
"307" 58.0306 22.857 96.3865
"308" 61.0595 20.2751 96.6646
"309" 62.7667 16.8924 95.5527
"310" 62.6391 13.259 94.0369
"311" 60.9031 9.753 94.2531
"312" 58.6283 8.2303 96.7813
"313" 56.5899 9.0919 100.0573
"314" 56.0584 11.2839 103.2177
"315" 55.567 14.8891 104.6909
"316" 54.0764 18.5218 104.8815
"317" 52.5014 21.1084 102.408
"318" 52.3028 23.5771 99.4039
"319" 76.6117401123047 25.9527587890625 58.3759918212891
"320" 88.4065704345703 62.0571174621582 38.7001953125
"321" 88.2060928344727 47.0670852661133 47.3855667114258
"322" 68.5183258056641 49.7232208251953 53.1823921203613
"323" 60.2068176269531 22.092472076416 144.469268798828
"324" 89.1003341674805 63.4518966674805 39.9742202758789
"325" 89.8849 64.8412 42.6715
"326" 90.5909 65.4075 45.678
"327" 91.2034 65.7002 48.7609
"328" 91.9298 65.3642 51.7862
"329" 92.5988 64.1613 54.5991
"330" 93.0421 62.4001 57.1588
"331" 93.2898 60.3232 59.5037
"332" 93.4652 57.5451 60.7695
"333" 93.5055 54.5155 60.0678
"334" 93.2441 52.0083 58.2196
"335" 92.6154 49.8311 56.0639
"336" 91.4849 48.2427 53.6092
"337" 90.2298 47.1458 50.9616
"338" 88.8672 46.6085 48.1694
"339" 87.6136 46.5161 45.2811
"340" 86.8265 47.5986 42.4799
"341" 86.3039 49.8087 40.3011
"342" 85.986 52.3246 38.4404
"343" 86.3007 55.2541 37.4413
"344" 86.81 58.359 37.411
"345" 87.8392 61.0969 38.2923
"346" 80.308952331543 64.8934173583984 144.830230712891
"347" 74.0499877929688 57.3442573547363 104.723709106445
"348" 71.9330444335938 62.6366386413574 43.6298027038574
"349" 58.5154342651367 55.4007377624512 71.2420806884766
"350" 70.5714950561523 58.724292755127 65.5756912231445
"351" 93.2542572021484 58.4541931152344 60.5690956115723
"352" 93.3767776489258 51.881664276123 58.1831741333008
"353" 65.5414581298828 41.0859909057617 95.4756546020508
"354" 69.9474411010742 35.8384208679199 112.454689025879
"355" 70.2973 36.3401 110.1718
"356" 70.839 35.5225 108.0224
"357" 70.7046 36.4942 105.935
"358" 70.5594 37.4857 104.2713
"359" 70.2878 37.9598 102.3228
"360" 68.7969 39.1459 101.0717
"361" 67.2569 39.0073 99.3324
"362" 66.2605 40.2753 97.6174
"363" 65.5414581298828 41.0859909057617 95.4756546020508
"364" 72.9845733642578 14.3852310180664 78.779914855957
"365" 69.9474411010742 35.8384208679199 112.454689025879
"366" 91.548095703125 26.8102111816406 116.944831848145
"367" 62.5536956787109 52.1355056762695 123.710517883301
"368" 69.3872222900391 49.4244689941406 114.179916381836
"369" 65.1942825317383 22.6901950836182 143.902618408203
"370" 80.308952331543 64.8934173583984 144.830230712891
"371" 81.7951 63.1262 142.4817
"372" 82.7675 60.8044 140.3748
"373" 83.9249 58.5916 138.2696
"374" 85.1347 56.712 135.8951
"375" 86.2828 54.7151 133.5985
"376" 87.2944 53.7529 130.6422
"377" 88.5527 52.2308 128.032
"378" 89.5454 50.7663 125.2702
"379" 90.7151 48.9891 122.811
"380" 91.2864 46.9904 120.2594
"381" 91.9854 44.7853 117.9407
"382" 92.4115 42.05 116.1729
"383" 92.6833 39.08 114.7951
"384" 92.7467 35.9545 114.2107
"385" 92.649 32.7597 115.0052
"386" 92.4391 29.521 115.4609
"387" 91.548095703125 26.8102111816406 116.944831848145
"388" 69.6656341552734 42.8911819458008 64.9232635498047
"389" 69.1288 45.3232 62.0319
"390" 68.987 47.3073 58.7668
"391" 68.7128 49.0331 55.3732
"392" 68.158 50.8928 52.0694
"393" 67.9102 52.961 48.8628
"394" 67.8078 54.3087 45.4056
"395" 68.1614 55.7286 41.9154
"396" 68.3636 57.2856 38.5877
"397" 67.4378051757812 59.8481178283691 36.0645713806152
"398" 69.6656341552734 42.8911819458008 64.9232635498047
"399" 28.4773101806641 68.2482223510742 97.463249206543
"400" 27.4030437469482 67.6076583862305 98.8282165527344
"401" 28.7222137451172 69.7575302124023 97.0607528686523
"402" 27.501314163208 69.2916030883789 98.368408203125
"403" 26.5569591522217 68.7130966186523 99.6000671386719
"404" 25.2020950317383 68.5943832397461 100.931259155273
"405" 28.5414028167725 71.4550170898438 97.0132293701172
"406" 27.3167877197266 70.8567199707031 98.2462158203125
"407" 26.2241268157959 70.1562957763672 99.6925048828125
"408" 25.2555847167969 69.8394241333008 100.866424560547
"409" 23.9696769714355 69.6329803466797 102.061637878418
"410" 27.9302291870117 72.9005508422852 97.383659362793
"411" 26.550931930542 72.1603164672852 98.922233581543
"412" 25.4927558898926 71.5383071899414 100.390213012695
"413" 24.0422248840332 70.8979949951172 101.929039001465
"414" 27.8902206420898 74.4386520385742 96.836799621582
"415" 26.5611381530762 73.6999282836914 98.3019180297852
"416" 25.2532863616943 73.0827102661133 99.9886245727539
"417" 23.3295516967773 72.2219467163086 101.973068237305
"418" 26.0860157012939 74.9868545532227 97.817138671875
"419" 24.4871253967285 74.2539901733398 99.5949554443359
"420" 22.7798824310303 73.5198440551758 101.381225585938
"421" 25.813304901123 75.990837097168 97.2375564575195
"422" 23.636079788208 74.9509963989258 99.6324081420898
"423" 21.6347751617432 74.5892944335938 101.154190063477
"424" 24.6464920043945 76.5703506469727 97.4902420043945
"425" 22.901460647583 75.8855743408203 99.3375701904297
"426" 21.075496673584 75.3210067749023 100.51961517334
"427" 25.4175834655762 77.4295272827148 96.18359375
"428" 23.5475540161133 76.7976760864258 97.5665969848633
"429" 21.1979389190674 76.6112060546875 98.556770324707
"430" 19.0054149627686 76.0173950195312 99.4499053955078
"431" 24.2012939453125 78.1150588989258 95.4947662353516
"432" 22.128324508667 77.625129699707 96.3502426147461
"433" 20.2746238708496 77.1518325805664 97.392578125
"434" 18.6322288513184 76.782585144043 97.390251159668
"435" 23.3225803375244 78.5991439819336 94.5898361206055
"436" 20.5643177032471 78.1576538085938 95.2151870727539
"437" 22.1916198730469 78.905517578125 93.608528137207
"438" 54.9418525695801 23.5275192260742 97.3903732299805
"439" 53.9953498840332 23.0351638793945 98.5331268310547
"440" 53.3244972229004 22.1153335571289 100.187309265137
"441" 55.6741027832031 22.5429248809814 97.9029998779297
"442" 54.8017272949219 21.9225883483887 99.1243286132812
"443" 53.9904899597168 21.2188167572021 100.70393371582
"444" 53.5679779052734 20.6442337036133 101.567726135254
"445" 56.9505958557129 22.0664920806885 97.5680770874023
"446" 55.8656425476074 21.0527877807617 99.2156524658203
"447" 55.0666084289551 20.4682121276855 100.634086608887
"448" 54.3456001281738 19.9831943511963 101.716316223145
"449" 53.6154708862305 19.0673370361328 102.895858764648
"450" 57.6360549926758 20.7858905792236 98.2452011108398
"451" 56.4599914550781 19.9038200378418 100.114837646484
"452" 55.5376853942871 19.2109909057617 101.737297058105
"453" 54.4136543273926 18.3459606170654 102.979591369629
"454" 58.7744216918945 19.8387813568115 98.2465667724609
"455" 57.595386505127 19.25901222229 99.7968215942383
"456" 56.8981170654297 18.5718231201172 101.142333984375
"457" 55.5533218383789 17.6665134429932 102.554626464844
"458" 60.212833404541 19.2436122894287 97.8063507080078
"459" 58.6424331665039 18.2406883239746 99.6486740112305
"460" 57.235710144043 17.2936229705811 101.304550170898
"461" 55.9715118408203 16.6397247314453 102.599166870117
"462" 60.2193984985352 17.7974071502686 98.149787902832
"463" 58.6376609802246 16.7925777435303 99.924430847168
"464" 57.3153038024902 16.1066589355469 101.51195526123
"465" 55.9604911804199 15.2471103668213 103.11693572998
"466" 60.8030853271484 16.7825679779053 97.6251907348633
"467" 59.2034645080566 16.281644821167 99.5062561035156
"468" 57.9471206665039 15.2691268920898 101.262359619141
"469" 56.9338798522949 14.009334564209 102.229293823242
"470" 60.5217361450195 15.9844694137573 97.9893798828125
"471" 59.1528739929199 14.8556518554688 99.7755279541016
"472" 57.3374938964844 13.0591564178467 101.398818969727
"473" 61.3179893493652 15.2006587982178 96.7141342163086
"474" 59.6849098205566 14.1143531799316 98.6146392822266
"475" 57.9807205200195 12.316367149353 100.164672851562
"476" 61.6440963745117 14.4182863235474 95.8320693969727
"477" 59.521484375 12.6712770462036 97.8955612182617
"478" 57.4496650695801 10.8867816925049 99.6790771484375
"479" 62.3803405761719 13.3399715423584 95.4381332397461
"480" 59.8574905395508 11.5929651260376 96.3481521606445
"481" 57.8301734924316 9.97203254699707 98.1862335205078
"482" 61.815357208252 11.00514793396 94.0590209960938
"483" 59.3402976989746 9.84891796112061 95.9130554199219
"484" 44.7323036193848 83.6051940917969 57.4166107177734
"485" 48.6375007629395 82.0261001586914 57.1924018859863
"486" 52.6953392028809 80.8306121826172 56.7786674499512
"487" 52.7786636352539 79.6850509643555 59.0125770568848
"488" 52.7907409667969 77.4039535522461 60.992862701416
"489" 52.8584289550781 75.5622177124023 62.993221282959
"490" 44.7469940185547 80.845817565918 54.5529518127441
"491" 53.3226013183594 81.0341033935547 53.0087013244629
"492" 55.2249641418457 79.5385055541992 54.0591049194336
"493" 53.3559036254883 77.8184280395508 56.5757217407227
"494" 53.320125579834 75.5330429077148 59.7261428833008
"495" 53.2286071777344 72.936897277832 62.3443603515625
"496" 44.8917808532715 80.1487121582031 51.4105224609375
"497" 51.402904510498 80.0411834716797 51.3373985290527
"498" 55.8164978027344 79.0349731445312 51.2082176208496
"499" 55.2376403808594 77.671516418457 53.5060577392578
"500" 53.8933563232422 75.6021575927734 56.2916793823242
"501" 54.8748054504395 72.6454238891602 58.747142791748
"502" 44.5329666137695 79.3082122802734 48.6419677734375
"503" 52.4007720947266 79.3465118408203 48.1374473571777
"504" 56.4752159118652 78.271484375 49.1553039550781
"505" 54.5927200317383 76.3631210327148 51.2890892028809
"506" 55.6931457519531 73.5827789306641 54.28564453125
"507" 56.4926147460938 71.1838760375977 56.2020225524902
"508" 46.6083374023438 77.7215957641602 45.3720092773438
"509" 54.12060546875 77.9649200439453 46.3973388671875
"510" 56.617317199707 77.4199447631836 47.7820472717285
"511" 56.005916595459 74.3437881469727 51.5445785522461
"512" 56.7502861022949 71.6324691772461 53.2497825622559
"513" 56.9615783691406 70.2490463256836 55.1485710144043
"514" 48.1303253173828 76.5493011474609 42.854793548584
"515" 53.8588333129883 76.3531112670898 44.3454055786133
"516" 56.7817687988281 76.0961227416992 46.045768737793
"517" 57.0561294555664 73.2963180541992 49.1435317993164
"518" 57.5208282470703 70.1699829101562 52.6617012023926
"519" 49.4109153747559 75.3318405151367 40.3617630004883
"520" 55.2365646362305 75.9748153686523 42.1610298156738
"521" 57.272647857666 74.4402084350586 44.7614669799805
"522" 57.6399879455566 72.2379837036133 47.6277770996094
"523" 58.5669746398926 69.9349517822266 50.4344863891602
"524" 51.1664772033691 74.3623123168945 38.5538711547852
"525" 55.8155899047852 74.5542221069336 40.6823425292969
"526" 58.1646270751953 74.2311172485352 42.0599212646484
"527" 57.9677429199219 71.4328002929688 45.0476875305176
"528" 60.1124877929688 68.6965942382812 48.2006454467773
"529" 53.2160987854004 73.311897277832 36.6544227600098
"530" 57.4017333984375 72.9420013427734 38.7680702209473
"531" 59.1478996276855 72.6784515380859 40.5882530212402
"532" 58.6472244262695 69.8697891235352 43.6272315979004
"533" 59.3884735107422 67.7018203735352 46.8323936462402
"534" 53.5515251159668 71.7783050537109 34.2372512817383
"535" 58.3319892883301 71.954963684082 36.6732978820801
"536" 60.2573089599609 70.3486022949219 39.6974258422852
"537" 60.2364044189453 68.2271118164062 42.8127975463867
"538" 55.3116149902344 70.861328125 32.6808967590332
"539" 59.4095840454102 70.4012145996094 36.3723945617676
"540" 60.2293968200684 68.5083160400391 38.2491455078125
"541" 62.4024467468262 65.9797210693359 42.1051712036133
"542" 56.012523651123 69.8905944824219 31.177267074585
"543" 60.5459251403809 68.9163436889648 34.3876571655273
"544" 62.1058921813965 67.7791519165039 36.7080230712891
"545" 62.3709373474121 65.7660827636719 38.652774810791
"546" 58.2300605773926 68.9216537475586 29.6939392089844
"547" 61.6578369140625 68.4277191162109 33.1039199829102
"548" 63.1376495361328 65.9068756103516 36.084415435791
"549" 59.7787437438965 68.207633972168 28.6273136138916
"550" 62.9478340148926 66.9911880493164 31.8908195495605
"551" 63.7548141479492 65.8427886962891 33.4857559204102
"552" 60.4530715942383 67.3500061035156 26.8644752502441
"553" 64.0329666137695 66.6494750976562 31.1191158294678
"554" 64.9319000244141 64.8786010742188 31.9118003845215
"555" 61.9243698120117 66.7797241210938 25.9346084594727
"556" 64.7982940673828 66.878791809082 27.7821388244629
"557" 67.532096862793 64.3189010620117 31.203800201416
"558" 63.5229301452637 65.6068649291992 24.1124286651611
"559" 65.3220062255859 66.1078643798828 25.8933715820312
"560" 66.6818466186523 64.0155487060547 30.3090286254883
"561" 67.0417861938477 61.6408805847168 31.0989475250244
"562" 63.9851188659668 64.2322616577148 22.0978527069092
"563" 66.6935882568359 64.7051696777344 23.7467479705811
"564" 67.9040908813477 64.7873916625977 24.5772361755371
"565" 69.4003448486328 61.6196937561035 30.1821022033691
"566" 67.1439666748047 62.8538970947266 21.7066230773926
"567" 70.4519882202148 61.505542755127 23.0443992614746
"568" 77.479850769043 32.3812942504883 57.5874099731445
"569" 79.1435241699219 37.6169776916504 56.7101097106934
"570" 78.0344543457031 39.9801597595215 57.7599296569824
"571" 75.4721984863281 40.3059005737305 60.6263008117676
"572" 72.6898422241211 41.1122703552246 62.2434463500977
"573" 75.6708984375 30.1697006225586 56.0862007141113
"574" 77.5824584960938 34.8981704711914 54.9460411071777
"575" 79.5743408203125 38.9705047607422 54.0907974243164
"576" 78.3118133544922 40.7964172363281 55.2843742370605
"577" 73.766960144043 40.9702682495117 58.6819725036621
"578" 71.5284881591797 42.8894424438477 60.222728729248
"579" 73.9195098876953 30.2778472900391 53.2534828186035
"580" 76.9539947509766 36.4499816894531 52.518180847168
"581" 78.5249557495117 40.4511413574219 52.3406028747559
"582" 76.4065551757812 40.431941986084 54.2467155456543
"583" 73.4977340698242 42.2557907104492 56.4141273498535
"584" 71.6652984619141 44.5764999389648 58.0700988769531
"585" 73.6755523681641 31.8223056793213 50.304615020752
"586" 76.2997970581055 37.7085990905762 50.4748992919922
"587" 77.7606430053711 41.0038948059082 50.5159149169922
"588" 74.8884887695312 41.585319519043 52.6759757995605
"589" 73.1128082275391 44.1314086914062 54.2267303466797
"590" 71.4344253540039 46.1510429382324 55.567195892334
"591" 73.631706237793 34.2298851013184 47.2243118286133
"592" 76.3773193359375 39.9028511047363 48.1390991210938
"593" 76.3247756958008 42.0103416442871 48.9816703796387
"594" 75.0830993652344 41.5689811706543 50.1063232421875
"595" 73.1672515869141 45.0596046447754 52.1766548156738
"596" 71.4046630859375 46.7799949645996 53.3684501647949
"597" 72.8771133422852 35.2903099060059 44.7991218566895
"598" 76.2173690795898 40.4397315979004 45.4382667541504
"599" 75.5142822265625 43.1197738647461 46.2807350158691
"600" 73.9119186401367 44.3190040588379 47.369010925293
"601" 71.6221694946289 47.5108489990234 49.9170913696289
"602" 72.8158493041992 37.747932434082 42.1635322570801
"603" 75.6915893554688 42.2124061584473 42.9533042907715
"604" 75.0273590087891 44.4405136108398 44.1814002990723
"605" 72.6967926025391 46.6365089416504 46.1356048583984
"606" 70.6578140258789 48.8739128112793 48.0032806396484
"607" 72.9287109375 40.2617416381836 39.6701812744141
"608" 74.3726196289062 44.0280609130859 41.053653717041
"609" 73.363410949707 46.2370643615723 42.5061950683594
"610" 71.4501342773438 48.4121742248535 44.281078338623
"611" 69.4522323608398 50.4281845092773 46.4667510986328
"612" 72.6827011108398 42.5423851013184 37.0741539001465
"613" 72.7148208618164 46.792724609375 39.0101623535156
"614" 70.7181930541992 47.6994895935059 40.4570960998535
"615" 70.5233917236328 51.0973472595215 43.062931060791
"616" 72.1047821044922 44.1948127746582 34.7446899414062
"617" 72.4144973754883 47.9981880187988 36.9371719360352
"618" 70.9371948242188 50.1439971923828 38.3603591918945
"619" 70.1692428588867 52.2651023864746 39.6905746459961
"620" 71.017463684082 45.0012245178223 32.5320281982422
"621" 71.2741241455078 49.5866546630859 34.6448822021484
"622" 71.8810958862305 51.4043235778809 35.0835990905762
"623" 70.4582672119141 53.6140937805176 36.1576194763184
"624" 70.5484161376953 47.5512275695801 29.9738674163818
"625" 72.2463226318359 51.6369857788086 31.8836650848389
"626" 70.4950942993164 53.7026596069336 32.9601097106934
"627" 70.6011810302734 49.7145118713379 27.9091281890869
"628" 72.2956390380859 51.8711013793945 28.9021644592285
"629" 70.4448013305664 55.9782752990723 30.5098686218262
"630" 68.9810256958008 57.8989028930664 31.6741886138916
"631" 71.177848815918 52.265811920166 26.0783557891846
"632" 72.000244140625 54.3305892944336 26.4355182647705
"633" 71.1612014770508 57.5679016113281 29.7216053009033
"634" 70.5090942382812 59.4541931152344 30.1386318206787
"635" 70.240837097168 53.3193550109863 23.7865886688232
"636" 71.2085266113281 55.7281341552734 24.0644493103027
"637" 71.7548675537109 58.0999984741211 24.2069568634033
"638" 72.0740280151367 60.341926574707 24.1664962768555
