"V1" "V2" "V3"
"1" 13.3465080261231 12.5680112838745 17.6286220550537
"2" 13.3328 12.6484 18.279
"3" 13.3718 12.7359 18.9274
"4" 13.3623 12.8524 19.5724
"5" 13.3528 12.9648 20.2173
"6" 13.3418 13.0218 20.8707
"7" 13.3311 13.09 21.523
"8" 13.3499 13.1767 22.1727
"9" 13.3398 13.2669 22.8218
"10" 13.3307 13.3968 23.4647
"11" 13.3219 13.5433 24.1041
"12" 13.3281 13.6715 24.747
"13" 13.3778924942017 13.7521286010742 25.3952865600586
"14" 15.9496393203735 14.1631259918213 28.7811088562012
"15" 16.1826972961426 14.0821647644043 26.3701572418213
"16" 15.5397787094116 11.3320331573486 20.8835735321045
"17" 24.2139625549316 14.7512321472168 22.6013984680176
"18" 24.4057 14.994 21.5947
"19" 24.5086 14.9457 20.5503
"20" 24.4917 14.5423 19.5827
"21" 24.4052 13.8142 18.8605
"22" 24.3549 12.8395 18.4576
"23" 24.3548 11.8039 18.3207
"24" 24.471 10.7692 18.484
"25" 24.5222 9.8558 18.9959
"26" 24.49 9.2254 19.8289
"27" 24.4253 8.7546 20.7703
"28" 24.3968 8.6351 21.8215
"29" 24.4241 8.8115 22.8518
"30" 24.5087 9.5358 23.5579
"31" 24.4533 10.4771 23.9998
"32" 24.3547 11.5213 23.9523
"33" 24.1461296081543 12.5585556030273 23.9802322387695
"34" 24.1461296081543 12.5585556030273 23.9802322387695
"35" 24.2139625549316 14.7512321472168 22.6013984680176
"36" 21.5259990692139 14.3282871246338 9.96915626525879
"37" 21.7014 13.3209 10.1182
"38" 22.1933 12.4926 10.5973
"39" 22.5409 11.6528 11.1871
"40" 22.7876 10.809 11.8283
"41" 23.0979 10.1377 12.6279
"42" 23.4775 9.774 13.5817
"43" 23.8563 9.5755 14.5853
"44" 24.1815 9.6332 15.6211
"45" 24.4044 10.1637 16.541
"46" 24.5429 10.7776 17.4361
"47" 24.5813 11.7672 17.4461
"48" 24.5671 12.842 17.4732
"49" 24.5431 13.9065 17.7098
"50" 24.6249 14.7959 18.3227
"51" 24.719 15.5505 19.1044
"52" 24.6778221130371 16.4232044219971 19.7596664428711
"53" 14.5838680267334 7.55883264541626 30.5442428588867
"54" 13.1217727661133 7.79684257507324 0.38294792175293
"55" 13.9667 7.772 0.4582
"56" 14.8119 7.7704 0.7788
"57" 15.5454 8.0705 1.2086
"58" 16.0462 8.4885 1.8615
"59" 16.3809 9.199 2.2589
"60" 16.4386 10.0211 1.9817
"61" 16.1696 10.7445 1.4845
"62" 15.7597 11.4835 1.1142
"63" 15.1301 12.1068 0.8993
"64" 14.2485 12.1868 0.664
"65" 13.35973072052 12.3339385986328 0.738533496856689
"66" 17.5235633850098 13.927227973938 24.4648170471191
"67" 17.2954196929932 5.09321308135986 10.0945672988892
"68" 17.2104740142822 5.00745296478271 10.1218147277832
"69" 17.6200485229492 4.90328502655029 13.4576263427734
"70" 13.2431640625 7.01082038879395 30.8734455108643
"71" 13.9602 7.1691 30.7083
"72" 14.4818 7.6933 30.4706
"73" 14.92 8.1873 30.0538
"74" 15.4022 8.7093 29.7246
"75" 15.8052 9.3373 29.5048
"76" 15.9972 10.0822 29.4867
"77" 15.7685 10.7985 29.5187
"78" 15.3718 11.4638 29.6138
"79" 14.8492 12.0213 29.7299
"80" 14.135 12.2498 29.9354
"81" 13.4006366729736 12.3488426208496 30.1829471588135
"82" 23.4394836425781 8.89472198486328 14.1067934036255
"83" 21.5259990692139 14.3282871246338 9.96915626525879
"84" 21.0745 14.9092 9.6025
"85" 20.576 15.3013 8.9796
"86" 20.1048 15.4826 8.2515
"87" 19.6063 15.5972 7.5262
"88" 19.0773 15.6325 6.8109
"89" 18.5772 15.6296 6.0806
"90" 18.0607 15.5624 5.3597
"91" 17.5785 15.4138 4.6408
"92" 17.0601 15.2484 3.9631
"93" 16.566 15.2237 3.2507
"94" 16.0415 15.1876 2.5322
"95" 15.4643 15.3232 1.871
"96" 14.7465 15.2749 1.3772
"97" 14.0715 14.817 1.0712
"98" 13.2259130477905 14.5775346755981 0.97262978553772
"99" 21.5089912414551 17.2137794494629 20.2521514892578
"100" 22.0552 17.0209 20.2449
"101" 22.6185 16.8761 20.3623
"102" 23.1775 16.9343 20.128
"103" 23.7349 17.0834 19.9252
"104" 24.2558 17.3359 19.9532
"105" 24.3979 17.7095 20.3006
"106" 24.2493 18.0031 20.8165
"107" 23.7021 17.9311 21.0532
"108" 23.2109 17.6583 21.2726
"109" 22.6999 17.5705 21.4738
"110" 22.1194 17.7428 21.4827
"111" 21.6735 17.829 21.1698
"112" 21.3722 17.5845 20.7122
"113" 21.5259990692139 14.3282871246338 9.96915626525879
"114" 17.1508159637451 7.38197898864746 4.28009080886841
"115" 21.0070037841797 12.9317293167114 9.03118133544922
"116" 16.6400203704834 14.2035903930664 7.02656698226929
"117" 20.041633605957 9.03728675842285 31.0595817565918
"118" 17.1727752685547 6.85903835296631 4.61005640029907
"119" 17.5003 6.2872 5.6236
"120" 17.8994 5.8444 6.6755
"121" 18.3131 5.5127 7.7557
"122" 18.9093 5.5336 8.7997
"123" 19.782 5.7389 9.5971
"124" 20.5462 6.0359 10.4767
"125" 21.2315 6.5788 11.301
"126" 21.8009 7.461 11.8472
"127" 22.3158 8.5288 11.7955
"128" 22.4079 9.7111 11.5892
"129" 22.3433 10.7977 11.0914
"130" 22.051 11.7182 10.368
"131" 21.5178 12.4711 9.6117
"132" 20.8179 12.9152 8.7462
"133" 20.1823 13.3197 7.8033
"134" 19.4783 13.361 6.8314
"135" 18.7356 12.9564 5.9738
"136" 18.0919 12.3362 5.1869
"137" 17.6353 11.4548 4.4987
"138" 17.3743 10.3624 4.0873
"139" 17.2443 9.1691 3.9963
"140" 17.136 7.9733 4.1448
"141" 13.2896070480347 4.33268260955811 29.362419128418
"142" 17.1274108886719 7.6175708770752 24.3820610046387
"143" 14.3818311691284 11.1028032302856 7.66832971572876
"144" 14.4105348587036 12.7221546173096 13.2554302215576
"145" 15.7305393218994 11.2957954406738 13.920015335083
"146" 18.8098449707031 5.56022834777832 8.59768295288086
"147" 22.4897079467773 9.80429458618164 11.5689449310303
"148" 19.5233554840088 11.6629257202148 20.8095626831055
"149" 18.7191123962402 8.3553352355957 25.0709037780762
"150" 18.6446 8.4603 23.8471
"151" 19.3944 8.5561 22.9049
"152" 19.2151 8.4733 21.7745
"153" 19.8316 8.8965 20.7887
"154" 20.1236 9.1636 19.6077
"155" 20.392 9.5199 18.4816
"156" 20.399 10.3315 19.0294
"157" 19.9732 10.9722 19.9119
"158" 19.5233554840088 11.6629257202148 20.8095626831055
"159" 24.6778221130371 16.4232044219971 19.7596664428711
"160" 18.7191123962402 8.3553352355957 25.0709037780762
"161" 24.0911846160889 7.93013381958008 22.2185497283936
"162" 16.3098621368408 8.27987670898438 28.3975410461426
"163" 17.325252532959 8.06833744049072 25.2287750244141
"164" 20.0854930877686 8.93821334838867 31.2001113891602
"165" 13.2896070480347 4.33268260955811 29.362419128418
"166" 13.2664 4.328 27.6713
"167" 13.3678 4.3888 25.9784
"168" 13.4193 4.3094 24.2836
"169" 13.5134 4.061 22.6095
"170" 14.3679 3.9969 21.1607
"171" 15.3601 4.0943 19.7916
"172" 16.5422 4.3207 18.592
"173" 17.6383 4.5603 17.3225
"174" 18.6176 4.9426 15.9922
"175" 19.8469 5.4032 14.9519
"176" 21.3486 6.1347 14.7647
"177" 22.6482 7.0592 15.3079
"178" 23.6958 8.156 16.0725
"179" 24.2691 8.9092 17.404
"180" 24.4524 9.0143 19.0916
"181" 24.2613 8.2857 20.5869
"182" 24.0911846160889 7.93013381958008 22.2185497283936
"183" 19.2472839355469 13.2175445556641 11.7831993103027
"184" 18.8258 13.691 10.6664
"185" 18.5249 14.1522 9.514
"186" 17.8873 14.3102 8.4027
"187" 17.1426 14.3218 7.3602
"188" 16.6527 14.4689 6.1774
"189" 16.1192 14.1576 5.0564
"190" 15.5477 13.7576 3.9721
"191" 14.6356 13.1781 3.3717
"192" 13.4617671966553 12.6546239852905 3.2519474029541
"193" 19.2472839355469 13.2175445556641 11.7831993103027
"194" 13.1217727661133 7.79684257507324 0.38294792175293
"195" 13.4617671966553 12.6546239852905 3.2519474029541
"196" 13.3778924942017 13.7521286010742 25.3952865600586
"197" 13.2348165512085 11.6533203125 16.6500205993652
"198" 13.3465080261231 12.5680112838745 17.6286220550537
"199" 15.5397787094116 11.3320331573486 20.8835735321045
"200" 14.7531 11.6359 21.3408
"201" 13.8386 11.5416 21.693
"202" 13.0091 11.7445 22.0045
"203" 12.2502 11.5565 21.4135
"204" 11.4267 11.5138 20.8941
"205" 11.0493402481079 11.1983814239502 20.0426731109619
"206" 13.2431640625 7.01082038879395 30.8734455108643
"207" 13.2052803039551 4.89102935791016 8.43168640136719
"208" 13.1217727661133 7.79684257507324 0.38294792175293
"209" 13.179 6.6722 1.6436
"210" 13.2151 5.81 3.1092
"211" 13.1167 5.3234 4.7333
"212" 13.146 5.0782 6.4172
"213" 13.1521 4.9283 8.1076
"214" 13.2318 4.8101 9.8041
"215" 13.2721 4.4729 11.473
"216" 13.2196 4.305 13.1655
"217" 13.1615 4.099 14.8545
"218" 13.1573 3.9005 16.5407
"219" 13.1553 3.7523 18.2347
"220" 13.1244 3.7309 19.9359
"221" 13.2246 3.8652 21.6246
"222" 13.1497 4.0509 23.3107
"223" 13.1358 4.327 24.9858
"224" 13.154 4.4241 26.6701
"225" 13.1126 4.3046 28.3667
"226" 13.0486030578613 4.29139232635498 30.0606937408447
"227" 13.3480110168457 13.8289842605591 31.3917121887207
"228" 13.2068347930908 4.21600723266602 14.4204902648926
"229" 13.0486030578613 4.29139232635498 30.0606937408447
"230" 13.35973072052 12.3339385986328 0.738533496856689
"231" 13.2259130477905 14.5775346755981 0.97262978553772
"232" 13.1960163116455 5.89445304870605 34.9513397216797
"233" 13.4006366729736 12.3488426208496 30.1829471588135
"234" 11.0820655822754 14.3607778549194 28.6884994506836
"235" 11.0030212402344 13.998613357544 25.5673122406006
"236" 11.0493402481079 11.1983814239502 20.0426731109619
"237" 2.12457370758057 14.7311000823975 22.4705905914307
"238" 1.9687 14.8631 21.3066
"239" 1.8694 14.6961 20.1478
"240" 1.9226 14.1491 19.1112
"241" 1.9684 13.2183 18.4123
"242" 2.0507 12.067 18.2403
"243" 2.0153 10.9117 18.4509
"244" 2.0902 9.9617 19.1282
"245" 2.0284 9.1949 20.0155
"246" 2.0609 8.7287 21.1017
"247" 2.0428 8.7956 22.2719
"248" 1.9372 9.2635 23.3448
"249" 1.9418 10.286 23.816
"250" 2.0833 11.438 23.983
"251" 2.28858757019043 12.6023921966553 23.9707679748535
"252" 2.28858757019043 12.6023921966553 23.9707679748535
"253" 2.12457370758057 14.7311000823975 22.4705905914307
"254" 5.01455211639404 14.5001449584961 9.6011266708374
"255" 4.1287 12.4577 10.7185
"256" 3.5228 10.5602 12.2246
"257" 2.8294 9.7633 14.4508
"258" 2.1075 10.4412 16.7641
"259" 1.8663 12.3053 17.3364
"260" 1.7187 14.6162 18.2242
"261" 1.73481559753418 16.5900611877441 19.7674903869629
"262" 12.136194229126 7.62838745117188 30.6295833587646
"263" 13.1217727661133 7.79684257507324 0.38294792175293
"264" 12.2755 7.7216 0.6575
"265" 11.4819 7.9702 0.9227
"266" 10.8652 8.3237 1.462
"267" 10.6026 8.6615 2.2487
"268" 10.3854 9.4024 2.4523
"269" 10.3377 10.0886 1.908
"270" 10.5787 10.7758 1.3983
"271" 11.0124 11.4873 1.0865
"272" 11.6471 12.0227 0.8191
"273" 12.4949 12.1877 0.6104
"274" 13.35973072052 12.3339385986328 0.738533496856689
"275" 9.06149482727051 13.9078903198242 24.2743759155273
"276" 9.4854154586792 5.04215812683105 10.2135801315308
"277" 9.55055904388428 5.02346611022949 10.1539077758789
"278" 8.98116302490234 4.7472095489502 13.9909210205078
"279" 13.2431640625 7.01082038879395 30.8734455108643
"280" 12.5783 7.2792 30.7288
"281" 12.0718 7.7441 30.4432
"282" 11.6948 8.2746 30.0696
"283" 11.3051 8.8482 29.7798
"284" 10.9928 9.4999 29.5817
"285" 10.8543 10.2299 29.5701
"286" 11.0344 10.9507 29.6295
"287" 11.4329 11.5857 29.6675
"288" 12.0012 12.0438 29.8355
"289" 12.6754 12.217 30.1184
"290" 13.4006366729736 12.3488426208496 30.1829471588135
"291" 2.98887062072754 9.09019088745117 14.4317111968994
"292" 5.01455211639404 14.5001449584961 9.6011266708374
"293" 5.6498 14.9451 8.9834
"294" 6.2339 15.4682 8.4225
"295" 6.7703 15.6706 7.6136
"296" 7.358 15.7306 6.8168
"297" 7.9398 15.7765 6.0148
"298" 8.5506 15.6429 5.2474
"299" 9.1237 15.4969 4.4508
"300" 9.6774 15.315 3.6545
"301" 10.2552 15.2192 2.8882
"302" 10.8964 15.2138 2.1408
"303" 11.5868 15.3373 1.5154
"304" 12.3171 14.9325 1.1267
"305" 13.2259130477905 14.5775346755981 0.97262978553772
"306" 4.74840641021729 17.0536117553711 20.1979465484619
"307" 4.0951 16.7937 20.211
"308" 3.4525 16.7944 20.2577
"309" 2.7895 16.9358 20.0307
"310" 2.117 16.9277 19.8637
"311" 1.8202 17.3569 20.0889
"312" 1.9627 17.8106 20.5747
"313" 2.3541 17.9431 20.9949
"314" 2.9392 17.6328 21.2588
"315" 3.5746 17.5084 21.4828
"316" 4.249 17.677 21.597
"317" 4.7671 17.7578 21.1877
"318" 5.0479 17.5267 20.5949
"319" 5.01455211639404 14.5001449584961 9.6011266708374
"320" 9.36286067962646 7.71902132034302 4.25148677825928
"321" 4.78822040557861 12.5654706954956 9.6564998626709
"322" 9.96457386016846 14.2304267883301 6.87378692626953
"323" 6.18771266937256 9.29201793670654 31.0309600830078
"324" 9.53571796417236 7.26524257659912 4.38649892807007
"325" 9.2738 6.4896 5.357
"326" 8.8758 5.9252 6.4083
"327" 8.4991 5.6718 7.594
"328" 7.8356 5.5617 8.6503
"329" 7.0166 5.7735 9.448
"330" 6.1805 6.0649 10.3638
"331" 5.5411 6.6287 11.3072
"332" 4.796 7.4667 11.9044
"333" 4.3855 8.654 11.8178
"334" 4.2533 9.8577 11.4458
"335" 4.1819 10.9713 10.8421
"336" 4.4715 11.9309 10.0658
"337" 5.0159 12.7559 9.2644
"338" 5.7637 13.2272 8.3833
"339" 6.5673 13.3492 7.4004
"340" 7.3484 13.3474 6.3959
"341" 8.1288 12.91 5.4956
"342" 8.8394 12.1284 4.8129
"343" 9.3017 11.0004 4.4465
"344" 9.462 9.7759 4.1443
"345" 9.5377 8.5125 4.12
"346" 12.6999092102051 4.34027481079102 29.833532333374
"347" 8.6964111328125 8.08852195739746 24.2366619110107
"348" 12.5026788711548 11.2081241607666 8.11070346832275
"349" 12.2099046707153 12.7999629974365 13.0721740722656
"350" 11.6075878143311 11.6734981536865 13.8591213226318
"351" 7.62538909912109 5.62189149856567 8.95229244232178
"352" 4.25601768493652 10.2044906616211 11.3054141998291
"353" 6.97695922851562 11.4828033447266 20.4706420898438
"354" 8.0224781036377 8.62270450592041 25.1841278076172
"355" 7.9188 8.4684 24.0669
"356" 7.3813 8.6283 23.1494
"357" 7.4305 8.577 22.0863
"358" 7.0481 8.7537 21.0735
"359" 6.636 9.0691 20.0676
"360" 6.2834 9.328 19.026
"361" 6.2328 10.13 18.941
"362" 6.6622 10.715 19.7492
"363" 6.97695922851562 11.4828033447266 20.4706420898438
"364" 1.73481559753418 16.5900611877441 19.7674903869629
"365" 8.0224781036377 8.62270450592041 25.1841278076172
"366" 2.47382831573486 8.10253715515137 22.8544960021973
"367" 10.1894111633301 8.43832302093506 28.4744071960449
"368" 9.18264961242676 8.36733055114746 25.3954524993896
"369" 6.15341997146607 9.20629692077637 30.9965305328369
"370" 12.6999092102051 4.34027481079102 29.833532333374
"371" 12.8673 4.307 28.093
"372" 12.9701 4.367 26.3221
"373" 13.0664 4.294 24.5608
"374" 12.9585 4.038 22.817
"375" 12.2232 3.9438 21.218
"376" 11.1744 4.0777 19.7939
"377" 10.0029 4.1814 18.4724
"378" 9.0029 4.5916 17.0684
"379" 7.7783 4.9949 15.8657
"380" 6.617 5.6779 14.737
"381" 5.1998 6.6244 14.677
"382" 3.8836 7.703 15.144
"383" 2.9046 8.5847 16.1688
"384" 2.3196 8.8838 17.8208
"385" 2.051 8.798 19.4467
"386" 2.3024 8.1771 21.0884
"387" 2.47382831573486 8.10253715515137 22.8544960021973
"388" 7.08919525146484 13.3854131698608 11.6181926727295
"389" 7.5604 13.8387 10.5028
"390" 8.195 14.0918 9.376
"391" 8.5925 14.2769 8.1586
"392" 9.455 14.4713 7.2243
"393" 10.0891 14.4237 6.0789
"394" 10.6408 14.1524 4.9156
"395" 11.2098 13.6899 3.8283
"396" 12.2186 13.078 3.2994
"397" 13.4617671966553 12.6546239852905 3.2519474029541
"398" 7.08919525146484 13.3854131698608 11.6181926727295
"399" 21.5069007873535 17.3325996398926 20.3031005859375
"400" 21.5522994995117 17.4890003204346 20.5184001922607
"401" 21.7047996520996 17.2252998352051 20.202299118042
"402" 21.8101062774658 17.4511547088623 20.6003684997559
"403" 21.78830909729 17.58740234375 20.797269821167
"404" 21.8416328430176 17.7508201599121 21.0286312103271
"405" 21.9148998260498 17.1333999633789 20.1884994506836
"406" 21.9592990875244 17.3420295715332 20.5414447784424
"407" 22.0386753082275 17.4875373840332 20.8196277618408
"408" 22.053674697876 17.6034469604492 21.00026512146
"409" 22.0884113311768 17.7237720489502 21.2278919219971
"410" 23.1582870483398 17.2686061859131 20.2988758087158
"411" 23.1264190673828 17.3163986206055 20.4361343383789
"412" 23.2085018157959 17.6397438049316 20.8942794799805
"413" 23.2266883850098 17.7154026031494 21.0142936706543
"414" 22.5547828674316 17.0262813568115 20.4736137390137
"415" 23.2743892669678 17.3524150848389 20.3303909301758
"416" 23.2824630737305 17.6108283996582 20.7795524597168
"417" 22.576150894165 17.488130569458 21.1873531341553
"418" 22.8020286560059 17.1490211486816 20.5517539978027
"419" 22.7941112518311 17.300895690918 20.8207530975342
"420" 22.7975845336914 17.4446887969971 21.0919780731201
"421" 22.9146614074707 17.1476173400879 20.4142932891846
"422" 22.9370536804199 17.3488616943359 20.7708625793457
"423" 23.0094890594482 17.5069847106934 20.9991035461426
"424" 23.0867500305176 17.2569103240967 20.372631072998
"425" 23.1663761138916 17.4439792633057 20.6573371887207
"426" 23.2316761016846 17.618444442749 20.83740234375
"427" 23.3155498504639 17.2263526916504 20.1187286376953
"428" 23.3832511901855 17.4387264251709 20.3639316558838
"429" 23.3842544555664 17.5481128692627 20.582986831665
"430" 23.5334568023682 17.836404800415 20.8405742645264
"431" 23.6937999725342 17.3287925720215 20.1158447265625
"432" 23.5356998443604 17.485200881958 20.3045997619629
"433" 23.6841716766357 17.8380012512207 20.680082321167
"434" 23.8740119934082 17.9316062927246 20.7150135040283
"435" 23.846019744873 17.5228633880615 20.1836833953857
"436" 24.0362854003906 17.7778015136719 20.3789653778076
"437" 24.3042297363281 17.7318782806396 20.1878185272217
"438" 5.01028347015381 17.1014194488525 21.1673622131348
"439" 4.77810001373291 17.3917007446289 20.4022998809814
"440" 4.67643976211548 17.7399997711182 20.9260005950928
"441" 4.73333883285522 16.72629737854 20.8360500335693
"442" 4.544349193573 17.5521030426025 20.7498245239258
"443" 4.50265216827393 17.5935363769531 20.844970703125
"444" 4.51852560043335 17.7098865509033 21.0085391998291
"445" 4.28649377822876 17.1052379608154 20.3710441589355
"446" 4.40473890304565 17.3188743591309 20.5505466461182
"447" 4.45496225357056 17.6432819366455 20.9584121704102
"448" 4.33073949813843 17.5787525177002 21.0278434753418
"449" 4.34640073776245 17.7452697753906 21.2858009338379
"450" 3.35484004020691 17.1807994842529 20.2642002105713
"451" 3.30400991439819 17.3670310974121 20.5435314178467
"452" 3.25318002700806 17.6217994689941 20.9650993347168
"453" 4.12174797058105 17.5923080444336 21.2607002258301
"454" 3.35034322738647 17.1807994842529 20.2628021240234
"455" 3.25147008895874 17.332799911499 20.4146003723145
"456" 3.05209994316101 17.640100479126 20.7418994903564
"457" 3.8834490776062 17.4634094238281 21.1409778594971
"458" 3.30400991439819 17.0792007446289 20.1783008575439
"459" 3.56263518333435 17.2350425720215 20.6071033477783
"460" 3.61830139160156 17.2703189849854 20.9073600769043
"461" 3.6728880405426 17.4682502746582 21.1368389129639
"462" 3.33730578422546 17.2484569549561 20.3512020111084
"463" 3.40570521354675 17.3379974365234 20.6270370483398
"464" 3.46755361557007 17.4313488006592 20.8839797973633
"465" 3.52686643600464 17.5139255523682 21.2267189025879
"466" 3.20566272735596 17.2695598602295 20.3299522399902
"467" 3.28354549407959 17.3540058135986 20.496768951416
"468" 3.31871223449707 17.4646739959717 20.7612533569336
"469" 3.28971743583679 17.5910682678223 20.9610195159912
"470" 3.02548694610596 17.2003593444824 20.1368885040283
"471" 3.10804581642151 17.4120349884033 20.4824237823486
"472" 3.05209994316101 17.640100479126 20.7418994903564
"473" 2.72035837173462 17.1903381347656 20.0289554595947
"474" 2.84858560562134 17.460844039917 20.2811946868896
"475" 2.84509968757629 17.6756706237793 20.6507968902588
"476" 2.60308790206909 17.2296733856201 19.9767055511475
"477" 2.70663356781006 17.4887237548828 20.2525806427002
"478" 2.65744638442993 17.8388805389404 20.7618846893311
"479" 2.21672630310059 17.433521270752 20.0784721374512
"480" 2.32508134841919 17.701000213623 20.3028907775879
"481" 2.49071002006531 17.9002990722656 20.7297992706299
"482" 2.0840699672699 17.6259002685547 20.0823993682861
"483" 2.18507599830627 17.8910331726074 20.4550876617432
"484" 21.1963996887207 14.1816997528076 9.93091011047363
"485" 21.2343463897705 14.0292997360229 9.9487829208374
"486" 21.2472991943359 14.0802001953125 9.96315956115723
"487" 21.3997993469238 13.6735000610352 10.0965003967285
"488" 20.1524868011475 12.6077260971069 11.2550001144409
"489" 19.7425003051758 12.7402944564819 11.7655010223389
"490" 20.7826099395752 14.3175649642944 9.3989315032959
"491" 20.7894992828369 14.1833000183105 9.48799991607666
"492" 20.9025363922119 14.3639602661133 9.59085941314697
"493" 21.0104866027832 14.3343000411987 9.72490310668945
"494" 21.0902309417725 14.464958190918 9.8258581161499
"495" 19.163200378418 13.5574998855591 10.9238996505737
"496" 20.4069957733154 14.6335325241089 8.89979362487793
"497" 20.1747150421143 14.2046966552734 9.00246334075928
"498" 20.2200984954834 14.1908226013184 9.05417346954346
"499" 20.561466217041 14.4359998703003 9.15995311737061
"500" 20.6881999969482 14.7410001754761 9.20695972442627
"501" 18.8617992401123 14.0310001373291 9.82668018341064
"502" 19.9764995574951 15.0459003448486 8.20156002044678
"503" 19.7336006164551 14.4067888259888 8.34753227233887
"504" 19.6513423919678 14.246693611145 8.42369365692139
"505" 20.0437049865723 15.084342956543 8.2536039352417
"506" 19.9458961486816 15.3001003265381 8.10618495941162
"507" 18.4563007354736 14.234299659729 9.05891990661621
"508" 19.5989513397217 15.0263605117798 7.67618179321289
"509" 18.4275188446045 14.1123933792114 8.55026340484619
"510" 19.7301006317139 15.0694675445557 7.83832550048828
"511" 19.6136035919189 15.3508996963501 7.61788606643677
"512" 18.0770092010498 14.283031463623 8.45985126495361
"513" 18.1273365020752 14.2750148773193 8.56608963012695
"514" 19.1771812438965 15.0763368606567 7.08649682998657
"515" 17.9895401000977 14.2445650100708 7.98377180099487
"516" 19.2153244018555 15.2493000030518 7.08722019195557
"517" 19.1513996124268 15.3001003265381 6.98073196411133
"518" 17.8416004180908 14.2885999679565 7.9318699836731
"519" 18.7302284240723 15.1070442199707 6.46824550628662
"520" 18.5693264007568 14.6129846572876 6.62032794952393
"521" 18.7075977325439 15.210841178894 6.38091802597046
"522" 18.5073165893555 14.9066009521484 6.30027103424072
"523" 17.0309963226318 14.4282255172729 6.75038862228394
"524" 18.3616466522217 15.0122890472412 5.96960115432739
"525" 18.245475769043 14.5615854263306 6.10114479064941
"526" 18.285472869873 14.9065589904785 5.94023084640503
"527" 18.2159862518311 15.021185874939 5.76133155822754
"528" 16.7742004394531 14.4631004333496 6.28952980041504
"529" 17.8779239654541 14.8299541473389 5.42418050765991
"530" 17.755350112915 14.3865556716919 5.46487522125244
"531" 17.7642230987549 14.3862142562866 5.48018741607666
"532" 17.8899059295654 15.0333271026611 5.31571865081787
"533" 17.9188804626465 14.998104095459 5.38054513931274
"534" 17.5090141296387 14.8089723587036 4.78355264663696
"535" 17.4125633239746 14.3190078735352 4.89261531829834
"536" 17.2740592956543 14.1005249023438 5.01833057403564
"537" 17.5398712158203 15.0439949035645 4.748291015625
"538" 17.1763381958008 14.6827421188354 4.33944940567017
"539" 17.1110343933105 14.1179752349854 4.57820272445679
"540" 16.9410362243652 14.034197807312 4.64645195007324
"541" 17.0897998809814 14.944299697876 4.06615018844604
"542" 16.9197597503662 14.6223955154419 3.88871836662292
"543" 16.6700115203857 14.0323734283447 4.13615846633911
"544" 16.5760746002197 13.9606142044067 4.11682748794556
"545" 16.2582588195801 13.9263477325439 4.25849533081055
"546" 16.5618915557861 14.4829225540161 3.46614646911621
"547" 16.3994770050049 13.990532875061 3.71702647209167
"548" 16.1121120452881 13.8601636886597 3.73753213882446
"549" 16.2017688751221 14.3483858108521 2.99917268753052
"550" 15.9885330200195 13.8098516464233 3.28295636177063
"551" 15.7781209945679 13.7007284164429 3.29074025154114
"552" 16.0533008575439 14.7410001754761 2.66302990913391
"553" 15.7520780563354 13.7830038070679 2.83411908149719
"554" 15.3897876739502 13.5251789093018 3.03605794906616
"555" 15.6007843017578 14.2872953414917 2.32672595977783
"556" 15.412013053894 13.7254104614258 2.43788623809814
"557" 14.5706167221069 13.0332345962524 2.71651268005371
"558" 15.0735387802124 14.6167030334473 1.78504467010498
"559" 15.1983995437622 14.1309995651245 2.03446006774902
"560" 14.7410001754761 13.1370630264282 2.72257685661316
"561" 14.0301389694214 12.7750434875488 2.8665292263031
"562" 14.4868001937866 14.7410001754761 1.37511003017426
"563" 14.5885000228882 13.826000213623 1.69426000118256
"564" 14.0602359771729 12.7550649642944 2.70894312858582
"565" 13.1251640319824 12.5971574783325 2.66853451728821
"566" 13.9555988311768 14.0802001953125 1.24093234539032
"567" 13.2159996032715 12.5707712173462 2.49759769439697
"568" 7.01946020126343 13.7665004730225 10.4826002120972
"569" 5.79472017288208 13.1232995986938 10.2741003036499
"570" 4.80937957763672 13.865234375 10.0411996841431
"571" 5.79472017288208 13.1232995986938 10.2741003036499
"572" 6.90512132644653 13.4272737503052 11.1121444702148
"573" 5.68479013442993 14.7917995452881 9.03744983673096
"574" 7.05655002593994 13.7347002029419 10.0411996841431
"575" 5.08349990844727 14.4352998733521 9.60041046142578
"576" 5.08349990844727 14.4352998733521 9.60041046142578
"577" 5.99804019927979 15.2493000030518 9.00364017486572
"578" 7.47695064544678 14.0628757476807 9.82017803192139
"579" 6.00656604766846 14.7368745803833 8.7321195602417
"580" 7.42159652709961 14.0281057357788 9.5556526184082
"581" 6.0539608001709 15.2003126144409 8.93710041046143
"582" 6.0504298210144 15.1969995498657 8.93770980834961
"583" 6.10243988037109 15.2458000183105 8.92873001098633
"584" 7.82796001434326 14.2208995819092 9.37913036346436
"585" 6.48886489868164 14.972207069397 8.17752170562744
"586" 6.62720203399658 14.5893707275391 8.25242328643799
"587" 6.81852626800537 14.4126663208008 8.24167537689209
"588" 6.61308002471924 15.1983995437622 7.95272016525269
"589" 8.1329402923584 14.3213996887207 8.60673046112061
"590" 8.21598434448242 14.3272409439087 8.60673046112061
"591" 7.00580310821533 15.0673093795776 7.45778512954712
"592" 7.16905403137207 14.641622543335 7.58678436279297
"593" 7.37242889404297 14.5501766204834 7.48529386520386
"594" 7.04407691955566 15.4730195999146 7.30239295959473
"595" 8.58825016021729 14.3357000350952 7.94302988052368
"596" 8.85911464691162 14.3944025039673 7.57829856872559
"597" 7.42677974700928 15.1731491088867 6.84356069564819
"598" 7.69037771224976 14.7334880828857 6.88409996032715
"599" 7.89582681655884 14.7517995834351 6.62849569320679
"600" 7.88995456695557 15.4266986846924 6.18214750289917
"601" 9.45454978942871 14.479100227356 6.94927835464478
"602" 7.96825361251831 15.1156692504883 6.16346549987793
"603" 8.26903533935547 14.6778135299683 6.16385936737061
"604" 8.39075756072998 14.6631212234497 5.96212530136108
"605" 8.4418249130249 15.2225780487061 5.54768514633179
"606" 9.75928211212158 14.4527053833008 6.15391492843628
"607" 8.54808139801025 14.9064664840698 5.51932954788208
"608" 8.73467826843262 14.4906244277954 5.45665264129639
"609" 8.7243537902832 15.1570997238159 5.12392044067383
"610" 8.80644035339355 15.1983995437622 4.9831600189209
"611" 9.96284961700439 14.4092998504639 5.73782014846802
"612" 9.06694602966309 14.707052230835 4.88565254211426
"613" 9.2799072265625 14.2715120315552 4.81763362884521
"614" 9.20528984069824 15.0967998504639 4.42175006866455
"615" 9.35375022888184 15.1506996154785 4.18532991409302
"616" 9.42929077148438 14.5608396530151 4.32257080078125
"617" 9.65550899505615 14.1340198516846 4.32856464385986
"618" 9.92483425140381 14.0443906784058 4.28660154342651
"619" 10.3423671722412 14.0066375732422 4.33539772033691
"620" 9.72023296356201 14.6021089553833 3.83611536026001
"621" 9.96333885192871 14.1537084579468 3.69615507125854
"622" 10.2557792663574 13.9393825531006 3.64496207237244
"623" 10.6358127593994 13.8103322982788 3.58552002906799
"624" 10.2049503326416 14.4751739501953 3.15305113792419
"625" 10.5619049072266 13.9533214569092 3.09020853042603
"626" 11.0011835098267 13.658839225769 3.01973390579224
"627" 10.6568908691406 14.4511251449585 2.58580493927002
"628" 10.9066209793091 13.9018850326538 2.62059307098389
"629" 11.5352916717529 13.3474187850952 2.648850440979
"630" 12.2121496200562 12.9665594100952 2.65943956375122
"631" 11.2654914855957 14.2199106216431 2.10216569900513
"632" 11.2583408355713 14.1571073532104 2.15043473243713
"633" 12.0019178390503 13.1523838043213 2.17060828208923
"634" 13.2159996032715 12.5732192993164 2.53512001037598
"635" 11.9223546981812 14.4868001937866 1.54560577869415
"636" 12.0825424194336 13.8412275314331 1.69427180290222
"637" 12.5596313476562 12.7605886459351 2.38757491111755
"638" 13.6226997375488 12.5872316360474 2.34977698326111
