"V1" "V2" "V3"
"1" 14.480694770813 19.2243728637695 4.82137489318848
"2" 14.504 18.6723 4.8075
"3" 14.5201 18.1197 4.805
"4" 14.5608 17.5685 4.814
"5" 14.5288 17.0169 4.8177
"6" 14.5159 16.4644 4.804
"7" 14.5588 15.9143 4.7741
"8" 14.5831 15.3651 4.7171
"9" 14.626 14.8166 4.6637
"10" 14.6674 14.2661 4.6346
"11" 14.6696 13.7275 4.5122
"12" 14.6621 13.1835 4.4158
"13" 14.6889171600342 12.6392440795898 4.32364273071289
"14" 12.7988719940186 8.33517837524414 4.53336906433105
"15" 12.9405202865601 12.0062255859375 4.28174114227295
"16" 12.4847898483276 18.0333862304688 6.72126007080078
"17" 3.58168125152588 15.0277948379517 2.37434673309326
"18" 3.6931 15.878 1.8193
"19" 3.8855 16.8688 1.8171
"20" 3.9678 17.8007 2.2272
"21" 3.8572 18.6221 2.835
"22" 3.6756 19.2967 3.5779
"23" 3.6666 19.5478 4.5768
"24" 3.7545 19.6076 5.5992
"25" 3.5247 19.268 6.5213
"26" 3.2643 18.6158 7.2649
"27" 3.0448 17.7724 7.8183
"28" 2.9493 16.8001 8.1217
"29" 3.0284 15.7893 7.9783
"30" 3.0971 14.9312 7.4148
"31" 3.202 14.2413 6.6547
"32" 3.6131 13.9103 5.8223
"33" 3.66948699951172 14.012508392334 4.86967039108276
"34" 3.66948699951172 14.012508392334 4.86967039108276
"35" 3.58168125152588 15.0277948379517 2.37434673309326
"36" 4.80762481689453 25.5619411468506 4.71110057830811
"37" 4.9325 25.6928 5.455
"38" 4.9223 25.512 6.1921
"39" 4.7297 25.0685 6.7922
"40" 4.4763 24.4357 7.1418
"41" 4.2169 23.7261 7.0812
"42" 3.9942 23.0009 6.9611
"43" 3.8035 22.3125 6.6651
"44" 3.6428 21.7442 6.1648
"45" 3.5859 21.223 5.5987
"46" 3.5843 20.7865 4.9629
"47" 3.6112 20.4026 4.2896
"48" 3.7137 20.0544 3.6054
"49" 3.8413 19.598 3.0234
"50" 3.8633 18.988 2.5514
"51" 3.8591 18.3451 2.1228
"52" 3.91379547119141 17.6920547485352 1.70967197418213
"53" 13.2078428268433 6.68181228637695 11.16330909729
"54" 14.2240390777588 36.0484924316406 9.62606525421143
"55" 13.4971 35.8338 9.5955
"56" 12.7895 35.5976 9.5012
"57" 12.2063 35.3438 9.1018
"58" 11.7055 35.4235 8.5584
"59" 11.5366 35.6345 7.8633
"60" 11.5706 35.768 7.1209
"61" 11.7875 35.805 6.4062
"62" 12.2256 35.8088 5.7961
"63" 12.7954 35.8047 5.299
"64" 13.478 35.9804 5.0455
"65" 14.2067670822144 36.1210327148438 4.8985333442688
"66" 10.1354942321777 13.5365619659424 4.36783504486084
"67" 8.37774276733398 26.971586227417 13.0447845458984
"68" 8.41414451599121 27.0798740386963 13.0589303970337
"69" 8.70235157012939 25.4150257110596 13.253472328186
"70" 14.7330846786499 5.87523460388184 11.9875373840332
"71" 14.0093 6.0026 11.7581
"72" 13.5791 6.5269 11.3563
"73" 13.176 6.9684 10.8166
"74" 12.8302 7.4946 10.3238
"75" 12.7278 7.9994 9.7151
"76" 12.8394 8.3166 8.9958
"77" 12.9642 8.3772 8.203
"78" 13.147 8.3279 7.4187
"79" 13.5859 8.0068 6.8546
"80" 14.2879 7.6459 6.6937
"81" 15.0641117095947 7.50473260879517 6.71624755859375
"82" 3.30852127075195 20.7734107971191 8.66273307800293
"83" 4.80762481689453 25.5619411468506 4.71110057830811
"84" 5.065 26.0341 3.9276
"85" 5.4716 26.7099 3.3709
"86" 5.88 27.3614 2.7865
"87" 6.3585 28.0974 2.3807
"88" 6.8909 28.8281 2.0321
"89" 7.4746 29.5821 2.0401
"90" 8.0675 30.2863 1.7902
"91" 8.7305 30.9899 1.8558
"92" 9.4167 31.671 1.9124
"93" 10.1414 32.3087 1.993
"94" 10.8977 32.8806 2.1873
"95" 11.6286 33.4492 2.4357
"96" 12.3759 33.9342 2.8141
"97" 13.1182 34.4552 2.9189
"98" 13.9905233383179 34.8012046813965 2.75310325622559
"99" 7.82796096801758 16.8713569641113 1.28877544403076
"100" 7.342 17.3458 1.4406
"101" 6.6582 17.3721 1.5444
"102" 5.9836 17.128 1.6269
"103" 5.3147 17.3241 1.5659
"104" 4.6565 17.515 1.4078
"105" 4.0672 17.2094 1.2472
"106" 4.1747 16.6918 0.7585
"107" 4.6362 16.3457 0.4121
"108" 5.3239 16.2225 0.5763
"109" 5.9868 16.0206 0.6903
"110" 6.6277 15.8832 0.4137
"111" 7.3218 16.014 0.387
"112" 7.788 16.4265 0.7324
"113" 4.80762481689453 25.5619411468506 4.71110057830811
"114" 10.0436897277832 32.4684944152832 10.3249921798706
"115" 5.93092918395996 27.9457340240479 6.37946510314941
"116" 10.8790779113769 28.4260997772217 4.58393096923828
"117" 7.91679286956787 8.12181663513184 5.54356527328491
"118" 9.83447265625 32.103443145752 10.85227394104
"119" 9.4237 31.2831 11.3234
"120" 9.0294 30.3704 11.5698
"121" 8.659 29.489 11.9441
"122" 8.1139 28.6392 12.1553
"123" 7.5013 27.8146 12.1424
"124" 6.9279 27.02 11.8592
"125" 6.3105 26.4482 11.2724
"126" 5.7929 25.9906 10.5191
"127" 5.4036 25.9855 9.5751
"128" 5.1745 26.2613 8.6148
"129" 5.1573 26.7042 7.687
"130" 5.5018 27.3052 6.9467
"131" 5.8606 27.9672 6.2568
"132" 6.37 28.756 5.8417
"133" 6.9652 29.573 5.6454
"134" 7.6205 30.3612 5.5711
"135" 8.2178 31.165 5.79
"136" 8.772 31.8779 6.276
"137" 9.2248 32.3954 7.0312
"138" 9.6138 32.6142 7.9556
"139" 9.8581 32.6729 8.9522
"140" 10.0139 32.526 9.9268
"141" 14.6643238067627 10.9753265380859 16.4706878662109
"142" 10.6205148696899 13.3393173217773 10.9428520202637
"143" 12.7197704315186 28.7842426300049 6.59212875366211
"144" 13.4649562835693 24.0506420135498 5.18843078613281
"145" 10.1276159286499 23.3677101135254 6.36298179626465
"146" 8.00468158721924 28.3687877655029 12.18581199646
"147" 5.18761348724365 26.7907047271729 7.61619663238525
"148" 8.20547294616699 17.5857372283936 8.06896781921387
"149" 8.25121402740479 11.9369068145752 9.62511253356934
"150" 7.8596 12.5947 9.7319
"151" 7.5533 13.2993 9.711
"152" 7.3208 14.0172 9.5472
"153" 7.2586 14.7638 9.3829
"154" 7.1752 15.5143 9.2372
"155" 7.0829 16.2473 9.0202
"156" 7.0753 16.9464 8.7053
"157" 7.5015 17.3852 8.3071
"158" 8.20547294616699 17.5857372283936 8.06896781921387
"159" 3.91379547119141 17.6920547485352 1.70967197418213
"160" 8.25121402740479 11.9369068145752 9.62511253356934
"161" 3.30858135223389 17.326847076416 9.66397476196289
"162" 11.8317985534668 9.15784740447998 10.0706176757812
"163" 10.3954429626465 12.5249834060669 10.5140132904053
"164" 5.4628005027771 7.02077674865723 9.82748222351074
"165" 14.6643238067627 10.9753265380859 16.4706878662109
"166" 14.5003 12.3662 16.321
"167" 14.2569 13.7219 16.285
"168" 13.8462 15.0634 16.212
"169" 13.4739 16.4005 16.006
"170" 13.018 17.7023 15.731
"171" 12.3592 18.9381 15.5874
"172" 11.5866 20.079 15.3213
"173" 10.6767 21.098 14.9782
"174" 9.6968 21.9924 14.5088
"175" 8.4817 22.4119 14.0344
"176" 7.2075 22.4449 13.4601
"177" 6.0971 22.2592 12.629
"178" 5.1696 21.674 11.7715
"179" 4.3788 20.9922 10.8336
"180" 3.6513 19.9858 10.1702
"181" 3.2897 18.7116 9.8259
"182" 3.30858135223389 17.326847076416 9.66397476196289
"183" 9.25830459594727 23.9386024475098 4.89284706115723
"184" 9.3773 25.1393 4.9038
"185" 9.5235 26.3221 4.7039
"186" 10.0879 27.3751 4.5498
"187" 10.687 28.4231 4.4707
"188" 11.1609 29.525 4.3533
"189" 11.8495 30.4911 4.2474
"190" 12.5212 31.4847 4.3997
"191" 13.176 32.4387 4.7083
"192" 14.1717901229858 32.9326133728027 5.14252853393555
"193" 9.25830459594727 23.9386024475098 4.89284706115723
"194" 14.2240390777588 36.0484924316406 9.62606525421143
"195" 14.1717901229858 32.9326133728027 5.14252853393555
"196" 14.6889171600342 12.6392440795898 4.32364273071289
"197" 14.3464412689209 21.7965774536133 5.76756954193115
"198" 14.480694770813 19.2243728637695 4.82137489318848
"199" 12.4847898483276 18.0333862304688 6.72126007080078
"200" 13.1346 17.7241 6.3841
"201" 13.6929 17.1476 6.2825
"202" 14.4669 16.9851 6.2535
"203" 15.2118 17.2487 6.267
"204" 15.8171 17.7208 6.4433
"205" 16.4414043426514 18.0629901885986 6.80386257171631
"206" 14.7330846786499 5.87523460388184 11.9875373840332
"207" 14.3335113525391 30.1636543273926 12.9490661621094
"208" 14.2240390777588 36.0484924316406 9.62606525421143
"209" 14.2719 35.1611 10.8392
"210" 14.2358 33.7965 11.5317
"211" 14.2615 32.3614 12.078
"212" 14.269 30.9127 12.5868
"213" 14.3694 29.5257 13.2434
"214" 14.2967 28.1902 13.9935
"215" 14.2189 26.8137 14.6595
"216" 14.22 25.3029 14.8907
"217" 14.2408 23.7763 15.0005
"218" 14.3466 22.2709 15.2648
"219" 14.3788 20.7595 15.5146
"220" 14.392 19.2304 15.6655
"221" 14.4102 17.711 15.8952
"222" 14.4386 16.1833 16.0586
"223" 14.4602 14.6549 16.2113
"224" 14.5438 13.1538 16.5336
"225" 14.663 11.6502 16.509
"226" 14.9827032089233 10.1883249282837 16.6536026000977
"227" 14.7182989120483 7.07323169708252 5.42506885528565
"228" 13.8690929412842 25.1674785614014 14.8631839752197
"229" 14.9827032089233 10.1883249282837 16.6536026000977
"230" 14.2067670822144 36.1210327148438 4.8985333442688
"231" 13.9905233383179 34.8012046813965 2.75310325622559
"232" 15.0845365524292 2.95078086853027 13.9843797683716
"233" 15.0641117095947 7.50473260879517 6.71624755859375
"234" 16.7634220123291 8.90264415740967 4.28723335266113
"235" 16.2504978179932 12.0474710464478 4.32081460952759
"236" 16.4414043426514 18.0629901885986 6.80386257171631
"237" 25.3224811553955 15.4568138122559 2.26974940299988
"238" 25.0595 16.3934 1.6932
"239" 24.804 17.5145 1.6655
"240" 24.7096 18.5282 2.2424
"241" 24.7987 19.3985 3.0379
"242" 24.8076 19.8907 4.1116
"243" 24.9477 20.0228 5.2575
"244" 25.2287 19.7001 6.3498
"245" 25.4707 18.9777 7.2294
"246" 25.7768 17.9881 7.7939
"247" 25.9414 16.866 7.8637
"248" 25.9304 15.7641 7.4668
"249" 25.9087 14.7549 6.8674
"250" 25.616 14.3981 5.8586
"251" 25.4314651489258 14.40953540802 4.69356966018677
"252" 25.4314651489258 14.40953540802 4.69356966018677
"253" 25.3224811553955 15.4568138122559 2.26974940299988
"254" 23.7254104614258 26.1637706756592 4.01097011566162
"255" 23.7788 26.1 5.7817
"256" 24.1959 24.9187 6.9011
"257" 24.8271 23.1939 6.7391
"258" 25.1345 21.7702 5.6256
"259" 25.0666 20.7695 4.0698
"260" 24.787 19.7251 2.5946
"261" 24.7763137817383 18.1855907440186 1.56909561157227
"262" 16.0279693603516 6.7193021774292 10.9815692901611
"263" 14.2240390777588 36.0484924316406 9.62606525421143
"264" 14.9407 35.9336 9.5723
"265" 15.5743 35.6677 9.3919
"266" 16.1058 35.5442 8.9447
"267" 16.6244 35.5242 8.4339
"268" 16.8158 35.6495 7.7546
"269" 16.7829 35.7382 7.044
"270" 16.5146 35.8461 6.3857
"271" 16.118 35.8519 5.7808
"272" 15.5684 35.8591 5.3125
"273" 14.9059 36.0102 5.0661
"274" 14.2067670822144 36.1210327148438 4.8985333442688
"275" 18.5842723846436 13.6352005004883 4.27722978591919
"276" 20.27294921875 27.1373748779297 13.0258159637451
"277" 20.2463455200195 27.1430110931396 13.0400352478027
"278" 19.6568508148193 25.5218162536621 13.3331623077393
"279" 14.7330846786499 5.87523460388184 11.9875373840332
"280" 15.3007 6.1702 11.7157
"281" 15.6462 6.5536 11.2302
"282" 15.9611 6.9844 10.779
"283" 16.2746 7.4987 10.4008
"284" 16.4633 7.9937 9.9636
"285" 16.4386 8.2919 9.3537
"286" 16.3518 8.3211 8.6505
"287" 16.1612 8.1145 7.9986
"288" 16.0581 8.0492 7.2982
"289" 15.6473 7.881 6.8527
"290" 15.0641117095947 7.50473260879517 6.71624755859375
"291" 25.4936332702637 20.982271194458 8.47919464111328
"292" 23.7254104614258 26.1637706756592 4.01097011566162
"293" 23.2085 26.7971 3.2741
"294" 22.7352 27.5685 2.6383
"295" 22.1003 28.3739 2.2268
"296" 21.4626 29.2257 1.9322
"297" 20.7643 30.0305 1.6509
"298" 19.9984 30.8236 1.6193
"299" 19.1994 31.5856 1.626
"300" 18.3504 32.2731 1.7876
"301" 17.5034 32.921 2.0777
"302" 16.6678 33.5088 2.4998
"303" 15.79 34.071 2.8507
"304" 14.9353 34.6073 2.8504
"305" 13.9905233383179 34.8012046813965 2.75310325622559
"306" 21.0968055725098 17.1737632751465 1.05590534210205
"307" 21.54 17.5266 1.491
"308" 22.2576 17.6252 1.4803
"309" 22.9818 17.4747 1.4553
"310" 23.6781 17.5682 1.5471
"311" 24.2202 17.8022 1.1174
"312" 24.5391 17.3062 0.7975
"313" 24.2986 16.7704 0.4138
"314" 23.6469 16.5406 0.379
"315" 22.9852 16.3982 0.5703
"316" 22.3101 16.2455 0.3136
"317" 21.6027 16.2338 0.1946
"318" 21.1646 16.6061 0.6
"319" 23.7254104614258 26.1637706756592 4.01097011566162
"320" 18.4226264953613 32.6657791137695 10.1191654205322
"321" 22.5021781921387 28.4346790313721 5.97420787811279
"322" 17.6985111236572 28.6934127807617 4.40498924255371
"323" 20.6343631744385 8.31916046142578 5.28215980529785
"324" 18.5945854187012 32.4631576538086 10.8087663650513
"325" 19.0897 31.6093 11.2447
"326" 19.4432 30.6518 11.5874
"327" 19.9288 29.7574 11.8456
"328" 20.5087 28.8897 12.0329
"329" 21.1725 28.0417 11.9958
"330" 21.816 27.2423 11.6714
"331" 22.3819 26.4878 11.1582
"332" 22.906 26.2112 10.2629
"333" 23.3151 26.296 9.2815
"334" 23.4244 26.6642 8.2861
"335" 23.2269 27.2235 7.3883
"336" 22.8768 27.8198 6.5609
"337" 22.4359 28.5569 5.9153
"338" 21.8275 29.3697 5.5703
"339" 21.1782 30.216 5.4181
"340" 20.5028 31.0418 5.5756
"341" 19.8799 31.7927 6.0331
"342" 19.3597 32.3901 6.7384
"343" 18.9487 32.6723 7.6935
"344" 18.6432 32.6999 8.7237
"345" 18.4857 32.6978 9.7594
"346" 15.0180702209473 11.1286430358887 16.296443939209
"347" 18.1707019805908 13.6947612762451 11.109245300293
"348" 15.7509431838989 28.9797763824463 6.57518005371094
"349" 15.2319440841675 24.0016899108887 5.1331844329834
"350" 18.4718685150146 23.4644470214844 6.33112001419067
"351" 20.7743301391602 28.5550003051758 12.0602855682373
"352" 23.2349967956543 27.2946929931641 7.23724699020386
"353" 20.5793476104736 17.8492088317871 7.87955188751221
"354" 20.7805252075195 12.2358465194702 9.63066673278809
"355" 21.1073 12.9529 9.6201
"356" 21.2651 13.7176 9.5496
"357" 21.4294 14.4714 9.3995
"358" 21.5225 15.2383 9.2475
"359" 21.7609 15.9642 9.0533
"360" 21.8665 16.7158 8.8498
"361" 21.8123 17.4056 8.4815
"362" 21.2943 17.7004 8.09
"363" 20.5793476104736 17.8492088317871 7.87955188751221
"364" 24.7763137817383 18.1855907440186 1.56909561157227
"365" 20.7805252075195 12.2358465194702 9.63066673278809
"366" 25.4336605072021 17.4896125793457 9.55238246917725
"367" 17.2938194274902 9.09549427032471 10.061882019043
"368" 18.5041427612305 12.9176244735718 10.4967708587647
"369" 23.1068267822266 6.9115161895752 9.37878799438477
"370" 15.0180702209473 11.1286430358887 16.296443939209
"371" 14.86 12.5504 16.3309
"372" 14.8298 13.9761 16.29
"373" 15.1539 15.3627 16.2439
"374" 15.6311 16.6963 16.0692
"375" 16.2556 17.9608 15.8514
"376" 16.8565 19.1945 15.492
"377" 17.3336 20.4802 15.1237
"378" 18.3872 21.3759 14.7599
"379" 19.4265 22.2358 14.2971
"380" 20.626 22.676 13.729
"381" 21.848 22.6927 13.0194
"382" 22.9485 22.3845 12.1673
"383" 23.8787 21.7127 11.3128
"384" 24.7081 20.934 10.448
"385" 25.4064 19.9982 9.6373
"386" 25.5475 18.8359 9.0975
"387" 25.4336605072021 17.4896125793457 9.55238246917725
"388" 19.5329551696777 24.2965412139893 4.98027515411377
"389" 19.4413 25.4894 4.9345
"390" 18.9855 26.5728 4.6911
"391" 18.5319 27.6626 4.4848
"392" 17.9168 28.683 4.3791
"393" 17.1874 29.6166 4.1963
"394" 16.4683 30.557 4.2955
"395" 15.9115 31.5991 4.3942
"396" 15.1778 32.4856 4.7274
"397" 14.1717901229858 32.9326133728027 5.14252853393555
"398" 19.5329551696777 24.2965412139893 4.98027515411377
"399" 7.76531410217285 16.9915809631348 1.17593050003052
"400" 7.86573505401611 16.6438274383545 0.889976799488068
"401" 7.50408172607422 17.2601928710938 1.36153221130371
"402" 7.41061496734619 16.8330574035645 1.13977479934692
"403" 7.4961109161377 16.3583431243896 0.762251615524292
"404" 7.2899956703186 16.1168384552002 0.492051750421524
"405" 6.92345857620239 17.330904006958 1.42439591884613
"406" 6.85348415374756 17.0000782012939 1.24426877498627
"407" 6.97038602828979 16.4497451782227 0.9061518907547
"408" 6.88791513442993 16.194221496582 0.63468211889267
"409" 6.70472002029419 16.0433006286621 0.473118007183075
"410" 6.61838674545288 17.1365833282471 1.3393646478653
"411" 6.60002565383911 16.9229106903076 1.22161900997162
"412" 6.42394638061523 16.4672832489014 0.96963369846344
"413" 6.61755323410034 16.2344226837158 0.713654160499573
"414" 6.30873727798462 17.1378574371338 1.50497198104858
"415" 6.30886173248291 16.8708267211914 1.31340527534485
"416" 6.29506874084473 16.6060276031494 1.11693358421326
"417" 6.26692771911621 16.2670669555664 0.820393264293671
"418" 5.97396230697632 16.8269920349121 1.42657423019409
"419" 5.96058416366577 16.5752391815186 1.2109546661377
"420" 5.93981075286865 16.3155784606934 0.977472841739655
"421" 5.66422319412231 16.9091491699219 1.3986200094223
"422" 5.67221689224243 16.604793548584 1.13206553459167
"423" 5.57369136810303 16.3914184570312 0.879150927066803
"424" 5.42223072052002 16.9351196289062 1.27181887626648
"425" 5.36178207397461 16.6948795318604 1.02114796638489
"426" 5.2649621963501 16.5102672576904 0.785170495510101
"427" 5.18081855773926 17.1672344207764 1.34978914260864
"428" 5.13400173187256 16.9480590820312 1.10619378089905
"429" 5.11187601089478 16.6537475585938 0.832107901573181
"430" 4.94010591506958 16.4946441650391 0.600583612918854
"431" 5.07356929779053 17.0854454040527 1.20060360431671
"432" 4.81547164916992 17.0310840606689 1.01138031482697
"433" 4.67310667037964 16.7923698425293 0.74666440486908
"434" 4.58304357528687 16.6387348175049 0.627398729324341
"435" 4.56139469146729 17.2545185089111 1.12411260604858
"436" 4.41200494766235 16.9607448577881 0.846808016300201
"437" 4.2495288848877 17.1436328887939 1.05024373531342
"438" 21.4763317108154 17.3360919952393 1.17744886875153
"439" 21.0818004608154 17.118200302124 0.982924997806549
"440" 21.1370372772217 16.5779247283936 0.57499635219574
"441" 21.7720775604248 17.5201587677002 1.26599133014679
"442" 21.7128295898438 17.1494464874268 1.06029796600342
"443" 21.4928970336914 16.516902923584 0.563771426677704
"444" 21.4786758422852 16.3711261749268 0.376028895378113
"445" 21.8462924957275 17.4564952850342 1.24344301223755
"446" 21.9762134552002 17.2395782470703 1.09918010234833
"447" 21.9694995880127 16.9710998535156 0.952795028686523
"448" 21.8645000457764 16.359899520874 0.403838992118835
"449" 21.7189998626709 16.1919994354248 0.166026994585991
"450" 22.1540355682373 17.3813247680664 1.16991007328033
"451" 22.2070999145508 17.261999130249 1.10115003585815
"452" 22.288553237915 16.7094745635986 0.766245365142822
"453" 22.2153053283691 16.3479232788086 0.382401585578918
"454" 22.4715423583984 17.38303565979 1.22890949249268
"455" 22.3761100769043 17.2420558929443 1.11518776416779
"456" 22.5382747650146 16.9385643005371 0.97311145067215
"457" 22.5482654571533 16.5180072784424 0.604890942573547
"458" 22.7593765258789 17.3225746154785 1.35354495048523
"459" 22.7196445465088 17.09596824646 1.16621589660645
"460" 22.6811046600342 16.8656673431396 0.962330162525177
"461" 22.6098175048828 16.6318035125732 0.740209817886353
"462" 23.0237846374512 17.2504844665527 1.31018614768982
"463" 23.5340003967285 17.4734992980957 1.02673995494843
"464" 23.37331199646 16.9318332672119 0.840669631958008
"465" 22.8708953857422 16.5188732147217 0.733364641666412
"466" 23.2800579071045 17.280481338501 1.17863345146179
"467" 23.1795463562012 17.0776309967041 1.10004496574402
"468" 23.1476707458496 16.8194961547852 0.927990078926086
"469" 23.468620300293 16.7594432830811 0.648562669754028
"470" 23.3750152587891 17.330150604248 1.1482754945755
"471" 23.376335144043 17.0712566375732 0.948012113571167
"472" 23.4266796112061 16.7594413757324 0.679305553436279
"473" 23.6343040466309 17.4739360809326 1.15362334251404
"474" 23.573844909668 17.2074241638184 0.905687391757965
"475" 23.6226615905762 16.8879890441895 0.637838423252106
"476" 23.8953800201416 17.4495525360107 1.06271994113922
"477" 23.8136367797852 17.1735343933105 0.743325352668762
"478" 23.8042526245117 16.7984523773193 0.486167788505554
"479" 24.1011734008789 17.4473114013672 0.891250729560852
"480" 24.0651779174805 17.1841812133789 0.684749066829681
"481" 24.0365943908691 16.8354167938232 0.449512124061584
"482" 24.3120002746582 17.3479423522949 0.713383555412292
"483" 24.2532272338867 17.0240726470947 0.557470679283142
"484" 5.26001358032227 25.8418273925781 4.82921743392944
"485" 5.96773767471313 26.1335563659668 5.47588491439819
"486" 5.8394603729248 26.2262783050537 5.26483774185181
"487" 6.78658628463745 26.0132522583008 5.78496694564819
"488" 8.09421634674072 25.2404308319092 5.62518358230591
"489" 8.73326778411865 24.3403205871582 5.2832350730896
"490" 5.60070323944092 26.3798351287842 4.59078359603882
"491" 6.27527570724487 26.610071182251 5.19045400619507
"492" 6.85956478118896 26.4490623474121 5.41349935531616
"493" 7.10525035858154 26.4598217010498 5.34126424789429
"494" 8.36199760437012 25.5811233520508 5.24566841125488
"495" 8.95215034484863 25.0438995361328 5.02258014678955
"496" 5.90777206420898 26.914270401001 4.12468242645264
"497" 6.35054492950439 27.0188598632812 4.72768926620483
"498" 6.81597852706909 27.0013370513916 5.04420948028564
"499" 7.39409017562866 26.7259731292725 5.11636972427368
"500" 7.74494075775146 26.5664615631104 5.10489511489868
"501" 8.82278060913086 25.94211769104 4.92400741577148
"502" 6.21378803253174 27.4740180969238 3.59479570388794
"503" 6.74977493286133 27.6431064605713 4.35390138626099
"504" 7.06958484649658 27.5909271240234 4.67540597915649
"505" 6.65983104705811 27.720874786377 4.10165023803711
"506" 8.37236213684082 27.1184768676758 4.74519157409668
"507" 9.19376373291016 26.5777626037598 4.71326732635498
"508" 6.64162874221802 28.1578807830811 3.22436285018921
"509" 7.11304616928101 28.158332824707 4.16317319869995
"510" 7.41757154464722 28.0578498840332 4.46962785720825
"511" 8.19983196258545 27.9051246643066 4.52004909515381
"512" 9.13259983062744 27.3299999237061 4.64604997634888
"513" 9.49244022369385 27.1669998168945 4.59640979766846
"514" 7.07046365737915 28.7672443389893 2.9911036491394
"515" 7.41510438919067 28.753719329834 3.78716540336609
"516" 7.82592821121216 28.6519374847412 4.21560478210449
"517" 8.7241268157959 28.500431060791 4.39240169525146
"518" 9.61317920684814 28.0040550231934 4.54123973846436
"519" 7.54060316085815 29.4055690765381 2.8133499622345
"520" 7.85980701446533 29.334400177002 3.66694951057434
"521" 8.35724449157715 29.1292419433594 4.1358003616333
"522" 8.95670413970947 29.0719871520996 4.2146201133728
"523" 9.77653980255127 28.7318000793457 4.423180103302
"524" 8.00568866729736 29.8982543945312 2.8045437335968
"525" 8.21320343017578 29.8493194580078 3.55148005485535
"526" 8.52715873718262 29.7442073822021 3.85847949981689
"527" 9.1788330078125 29.5148849487305 4.12422513961792
"528" 9.89513969421387 29.226957321167 4.39670753479004
"529" 8.52839279174805 30.5178470611572 2.87402963638306
"530" 8.80276203155518 30.4817752838135 3.53479671478271
"531" 9.083251953125 30.2937164306641 3.8382568359375
"532" 9.39458465576172 29.9764633178711 4.01660060882568
"533" 10.2104997634888 29.3838996887207 4.41117000579834
"534" 9.0614652633667 31.1084327697754 2.7098286151886
"535" 9.30174446105957 30.9981708526611 3.43315148353577
"536" 9.78606224060059 30.7097492218018 3.96167135238647
"537" 9.97727108001709 30.4794158935547 4.07647848129272
"538" 9.54455757141113 31.5309238433838 2.7875759601593
"539" 9.78608989715576 31.2889804840088 3.69777035713196
"540" 9.76036930084229 31.5844631195068 3.2137496471405
"541" 11.2428569793701 30.7133407592773 4.18876361846924
"542" 9.97982692718506 31.9501132965088 2.83980202674866
"543" 10.1976385116577 31.8074741363525 3.68139266967773
"544" 10.7370634078979 31.5275440216064 4.07003498077393
"545" 11.278546333313 31.2914009094238 4.15020084381104
"546" 10.5850639343262 32.4344749450684 2.97748851776123
"547" 10.7088766098022 32.1902198791504 3.80864119529724
"548" 11.3982181549072 31.8041229248047 4.18929052352905
"549" 11.0092258453369 32.7717437744141 3.17913722991943
"550" 11.2421417236328 32.6869125366211 3.93801164627075
"551" 11.6952123641968 32.4739761352539 4.31121683120728
"552" 11.411524772644 33.1456909179688 3.12647008895874
"553" 11.6412324905396 33.0716705322266 3.91214799880981
"554" 12.4588146209717 32.1436996459961 4.47464036941528
"555" 11.8083400726318 33.4289588928223 3.24136710166931
"556" 12.0875654220581 33.4375953674316 3.94858908653259
"557" 13.2382326126099 33.5080680847168 5.26449108123779
"558" 12.3402423858643 33.7552833557129 3.45541572570801
"559" 12.6243448257446 33.8618583679199 3.91561317443848
"560" 12.8377523422241 34.0572738647461 3.70115733146667
"561" 13.5773811340332 34.4054718017578 4.1566948890686
"562" 12.7786989212036 34.1968727111816 3.09132385253906
"563" 13.142879486084 34.2521896362305 3.89474940299988
"564" 13.451099395752 34.3205680847168 4.3219895362854
"565" 14.5668888092041 34.4304962158203 4.29177379608154
"566" 13.472939491272 34.5047264099121 3.63620519638062
"567" 14.0012683868408 34.5035095214844 4.23939847946167
"568" 22.8724784851074 26.7930564880371 4.43415880203247
"569" 22.515251159668 27.0285034179688 4.62020921707153
"570" 21.7569789886475 26.7874584197998 5.19968700408936
"571" 20.9308166503906 26.1764602661133 5.34010982513428
"572" 20.1656169891357 25.3688945770264 5.25466918945312
"573" 22.9289798736572 26.9224224090576 3.97512698173523
"574" 22.4971675872803 27.1527233123779 4.42402648925781
"575" 22.1336898803711 27.2215957641602 4.77652788162231
"576" 21.6252212524414 27.007303237915 5.04247999191284
"577" 20.3734378814697 26.6680278778076 4.84221172332764
"578" 19.5132713317871 26.2014312744141 4.78651523590088
"579" 22.5176448822021 27.4903316497803 3.5642876625061
"580" 22.0651302337646 27.6763134002686 4.14266777038574
"581" 21.6705532073975 27.7189064025879 4.54916858673096
"582" 22.12571144104 27.6542510986328 4.06269359588623
"583" 20.3158016204834 26.9659900665283 4.7287015914917
"584" 19.5080699920654 26.6418533325195 4.67653703689575
"585" 22.0390625 28.1248359680176 3.25577044487
"586" 21.6835880279541 28.2436866760254 3.82349348068237
"587" 21.2504997253418 28.3017730712891 4.25582695007324
"588" 21.5668792724609 28.4304676055908 3.68889307975769
"589" 19.762975692749 27.7052097320557 4.48975086212158
"590" 19.4513549804688 27.57883644104 4.54492568969727
"591" 21.4897003173828 28.8212928771973 3.02341842651367
"592" 21.1511631011963 28.8458633422852 3.73632502555847
"593" 21.3129539489746 28.9314975738525 3.24948811531067
"594" 21.2712154388428 28.9557399749756 3.30853843688965
"595" 19.5025997161865 28.1706008911133 4.39978981018066
"596" 18.8759098052979 28.0346336364746 4.44299125671387
"597" 21.0791168212891 29.3804244995117 2.72089624404907
"598" 20.7239475250244 29.4548053741455 3.44307398796082
"599" 20.6077289581299 29.8001518249512 2.97696614265442
"600" 19.5916481018066 29.5272521972656 3.95268511772156
"601" 18.3810806274414 28.7365226745605 4.39575004577637
"602" 20.5063037872314 30.0323619842529 2.64802646636963
"603" 20.1600494384766 30.1048107147217 3.36540651321411
"604" 19.7238502502441 30.065315246582 3.7169234752655
"605" 19.2646751403809 30.048168182373 3.86326885223389
"606" 18.1035556793213 29.5578708648682 4.30307960510254
"607" 19.8608016967773 30.6600971221924 2.74051475524902
"608" 19.5492286682129 30.6729354858398 3.35230803489685
"609" 19.504373550415 30.8905296325684 3.00668573379517
"610" 18.7236881256104 30.5217781066895 3.90997672080994
"611" 17.6734561920166 30.0417785644531 4.20720911026001
"612" 19.2050457000732 31.2441692352295 2.85078477859497
"613" 18.7830429077148 31.2296867370605 3.5857105255127
"614" 18.7835865020752 31.5981616973877 2.97860288619995
"615" 17.2476997375488 30.5960998535156 4.12907981872559
"616" 18.6541271209717 31.7456684112549 2.93834018707275
"617" 18.3235282897949 31.740327835083 3.59473848342896
"618" 18.0922985076904 32.1265563964844 3.24542880058289
"619" 17.0390014648438 31.3275966644287 4.16829395294189
"620" 18.2015342712402 32.1827583312988 2.80741238594055
"621" 17.8219547271729 32.3131294250488 3.44532465934753
"622" 17.3927173614502 32.2671852111816 3.96184349060059
"623" 17.0778121948242 32.9359321594238 3.49428796768188
"624" 17.4661159515381 32.7951774597168 3.03188395500183
"625" 17.0299129486084 32.9200630187988 3.74533247947693
"626" 16.519624710083 32.9583473205566 4.32002449035645
"627" 16.8111381530762 33.2643508911133 3.20018148422241
"628" 16.5119857788086 33.3118629455566 3.80835676193237
"629" 15.3604421615601 32.9826278686523 4.82095289230347
"630" 15.3320636749268 34.1132965087891 4.00090599060059
"631" 16.0646858215332 33.713134765625 3.56792616844177
"632" 15.7060804367065 33.8662338256836 3.93492865562439
"633" 15.3513069152832 34.0070343017578 4.46440076828003
"634" 14.361026763916 34.4747505187988 4.31948566436768
"635" 15.4543428421021 34.1296348571777 3.5760862827301
"636" 15.1842021942139 34.2435150146484 3.81486821174622
"637" 14.7599506378174 34.3710441589355 4.28651189804077
"638" 14.3664741516113 34.4476661682129 4.50127267837524
