"V1" "V2" "V3"
"1" 24.085147857666 43.8480987548828 10.9522323608398
"2" 24.1017 44.5789 10.8345
"3" 24.054 45.31 10.7308
"4" 24.0449 46.0406 10.613
"5" 24.0057 46.7744 10.5247
"6" 24.014 47.493 10.3548
"7" 23.9903 48.2195 10.2147
"8" 23.9632 48.94 10.0475
"9" 23.9254 49.6455 9.8271
"10" 23.882 50.3487 9.601
"11" 23.9082 51.0527 9.4315
"12" 23.8997 51.7217 9.743
"13" 23.9609031677246 52.4264602661133 9.96157073974609
"14" 27.8825492858887 56.8023834228516 8.09010982513428
"15" 26.7306804656982 52.9120178222656 9.07164096832275
"16" 27.1697578430176 43.2531700134277 14.1061878204346
"17" 43.7822647094727 52.8617973327637 7.91668033599854
"18" 44.2525 51.4526 7.6523
"19" 44.2091 49.9129 7.5836
"20" 44.2973 48.392 7.738
"21" 44.3405 47.0326 8.4482
"22" 44.4843 45.9375 9.5056
"23" 44.8893 45.3564 10.8729
"24" 45.5376 45.1268 12.2317
"25" 46.3239 45.3755 13.5264
"26" 46.4575 46.4213 14.5755
"27" 46.2405 47.8139 15.1758
"28" 46.1804 49.2936 15.5853
"29" 46.057 50.8224 15.6601
"30" 46.0004 52.0427 14.9791
"31" 45.5125 52.6208 13.6426
"32" 44.9169 52.9164 12.2503
"33" 44.2633666992188 53.2725257873535 10.9017276763916
"34" 44.2633666992188 53.2725257873535 10.9017276763916
"35" 43.7822647094727 52.8617973327637 7.91668033599854
"36" 42.2582015991211 30.5928993225098 7.12585544586182
"37" 42.7445 31.6739 7.501
"38" 43.1843 32.8636 7.4726
"39" 43.6124 34.0613 7.3916
"40" 43.9689 35.2804 7.3161
"41" 44.2857 36.4953 7.1579
"42" 44.2528 37.7301 6.8321
"43" 44.3402 38.8646 6.2815
"44" 44.1806 40.0586 5.8597
"45" 43.9839 41.2338 5.3975
"46" 43.8138 42.4679 5.1087
"47" 43.7649 43.7141 4.8411
"48" 43.6631 44.9836 4.7343
"49" 43.6355 46.2537 4.6385
"50" 43.5604 47.5162 4.5216
"51" 43.4013 48.7755 4.4129
"52" 43.3092727661133 50.0011863708496 4.08258152008057
"53" 25.9586391448975 59.2108612060547 17.2293319702148
"54" 25.7717819213867 6.86840438842773 16.8718662261963
"55" 27.0125 6.3753 16.5083
"56" 28.3723 6.839 16.289
"57" 29.4695 7.795 16.0886
"58" 29.8239 8.9917 15.3659
"59" 30.3917 9.1658 14.1414
"60" 30.3516 8.8431 12.7085
"61" 29.8693 8.4619 11.3873
"62" 29.1805 8.3177 10.1413
"63" 28.1208 8.4297 9.1654
"64" 26.7747 8.3265 8.6021
"65" 25.4110565185547 8.53942680358887 8.78937530517578
"66" 31.0603446960449 52.8494186401367 8.77018642425537
"67" 32.5041007995605 23.0116920471191 21.7181739807129
"68" 32.5213356018066 22.9673824310303 21.7124919891357
"69" 32.5877075195312 25.4218864440918 22.3602409362793
"70" 24.2927722930908 58.6495056152344 18.4907875061035
"71" 25.0361 59.04 18.1594
"72" 25.4968 59.3346 17.4859
"73" 25.9016 58.9219 16.8094
"74" 26.2194 58.3146 16.1956
"75" 26.5748 57.7978 15.5363
"76" 26.8337 57.417 14.7686
"77" 26.6195 57.2425 13.9226
"78" 26.1267 57.2373 13.1485
"79" 25.5171 57.4594 12.5035
"80" 24.7058 57.7705 12.218
"81" 23.8078308105469 57.9501419067383 12.1192474365234
"82" 38.3008575439453 26.5045547485352 18.8404884338379
"83" 42.2582015991211 30.5928993225098 7.12585544586182
"84" 41.338 29.2396 6.4813
"85" 40.5861 27.5741 6.312
"86" 39.5877 26.0379 6.1009
"87" 38.5939 24.5045 5.8588
"88" 37.6582 22.9273 5.6508
"89" 36.677 21.3828 5.4091
"90" 35.6281 19.9066 5.0847
"91" 34.3035 18.6465 5.0651
"92" 32.928 17.5001 5.5011
"93" 31.4661 16.4597 5.9207
"94" 30.137 15.209 6.0309
"95" 28.9179 13.8608 5.7568
"96" 27.698 12.6216 5.211
"97" 26.4966 11.3333 4.8429
"98" 25.0013408660889 10.5173940658569 5.138671875
"99" 35.359073638916 51.0599365234375 3.29352378845215
"100" 36.1832 50.2387 3.6655
"101" 37.3614 50.4278 4.213
"102" 38.3425 50.5926 5.0223
"103" 39.6514 50.4213 4.9502
"104" 40.741 49.7951 4.7573
"105" 41.6873 49.9315 3.95
"106" 42.3714 50.5386 2.9966
"107" 41.8986 51.3134 2.2657
"108" 40.7877 51.9714 2.3291
"109" 39.6126 52.1717 2.8742
"110" 38.3831 52.0929 2.9271
"111" 37.1546 51.9101 2.4743
"112" 35.8889 51.673 2.3991
"113" 42.2582015991211 30.5928993225098 7.12585544586182
"114" 33.1060028076172 14.8371696472168 15.8831634521484
"115" 39.103401184082 21.767951965332 12.4652919769287
"116" 27.4648132324219 21.4871292114258 11.553056716919
"117" 36.4178619384766 63.8876838684082 15.5754947662353
"118" 32.7232666015625 15.1777648925781 17.0687751770019
"119" 32.4806 15.9636 18.2613
"120" 32.3361 17.0487 19.2185
"121" 32.3486 18.33 19.9054
"122" 33.0929 19.5385 20.1834
"123" 34.0363 20.646 20.3194
"124" 35.1664 21.538 20.1357
"125" 36.272 22.401 19.7413
"126" 37.3969 22.9551 19.025
"127" 38.3996 23.357 18.0448
"128" 39.1834 23.5291 16.8484
"129" 39.6683 23.504 15.4865
"130" 39.693 22.9793 14.1281
"131" 39.3789 22.2286 12.946
"132" 38.8266 21.2994 11.9628
"133" 38.1936 20.1724 11.3463
"134" 37.4138 18.96 11.11
"135" 36.536 17.7971 11.0722
"136" 35.5659 16.744 11.354
"137" 34.6668 15.8237 11.9639
"138" 33.9685 15.0938 13.0152
"139" 33.4972 14.7237 14.3267
"140" 33.0313 14.8594 15.6763
"141" 25.8567390441894 51.3907928466797 29.8302211761475
"142" 29.9784030914307 47.2410163879395 20.0053405761719
"143" 26.4463119506836 25.3310012817383 15.7649517059326
"144" 25.9987316131592 33.1992530822754 14.5182037353516
"145" 28.6537895202637 26.473388671875 19.1653671264648
"146" 33.3830261230469 20.0300235748291 20.260139465332
"147" 39.354736328125 23.6547679901123 16.5749626159668
"148" 34.765022277832 48.1043510437012 12.7605457305908
"149" 33.409725189209 51.1023292541504 16.2778511047363
"150" 34.6629 49.4952 16.399
"151" 35.8426 47.946 16.916
"152" 37.2132 46.5 17.3345
"153" 38.506 44.9359 17.0228
"154" 39.4734 43.6573 15.823
"155" 39.0391 44.4446 14.9741
"156" 37.7094 45.8672 14.3934
"157" 36.3822 47.1978 13.6037
"158" 34.765022277832 48.1043510437012 12.7605457305908
"159" 43.3092727661133 50.0011863708496 4.08258152008057
"160" 33.409725189209 51.1023292541504 16.2778511047363
"161" 43.3118896484375 50.149658203125 18.0943832397461
"162" 27.3022480010986 56.405387878418 16.7740211486816
"163" 30.5262279510498 51.215747833252 17.8399543762207
"164" 40.4358978271484 66.3931045532227 17.3587093353271
"165" 25.8567390441894 51.3907928466797 29.8302211761475
"166" 25.9144 47.6422 29.4046
"167" 26.1664 43.9373 28.3856
"168" 26.1512 40.1945 27.4853
"169" 26.4328 36.5088 26.4055
"170" 27.147 32.8636 25.4815
"171" 29.4897 29.9737 24.6227
"172" 32.244 27.7344 23.1739
"173" 35.2825 26.4 21.2452
"174" 38.3499 26.4052 18.9495
"175" 40.9684 27.8927 16.6901
"176" 42.7942 30.667 14.7646
"177" 44.303 33.8023 13.1155
"178" 45.6732 37.2423 12.1928
"179" 46.4321 40.8107 13.0396
"180" 46.189 44.0812 15.0548
"181" 45.0321 47.0761 17.1099
"182" 43.3118896484375 50.149658203125 18.0943832397461
"183" 32.4318885803223 33.5540008544922 10.2073268890381
"184" 32.3574 31.8885 10.2754
"185" 31.8501 30.3255 10.378
"186" 31.3143 28.7797 10.7179
"187" 30.6183 27.2774 10.8831
"188" 29.745 25.8804 11.15
"189" 28.7298 24.5781 11.3932
"190" 27.5861 23.4822 11.9142
"191" 26.2854 22.523 12.1476
"192" 24.8781776428223 21.8618793487549 12.7568588256836
"193" 32.4318885803223 33.5540008544922 10.2073268890381
"194" 25.7717819213867 6.86840438842773 16.8718662261963
"195" 24.8781776428223 21.8618793487549 12.7568588256836
"196" 23.9609031677246 52.4264602661133 9.96157073974609
"197" 24.8603763580322 38.6969261169434 13.917742729187
"198" 24.085147857666 43.8480987548828 10.9522323608398
"199" 27.1697578430176 43.2531700134277 14.1061878204346
"200" 26.5321 43.9882 13.4926
"201" 25.532 44.3733 13.0932
"202" 24.3972 44.5195 12.9934
"203" 23.296 44.3216 13.2603
"204" 22.424 43.8192 13.7809
"205" 21.865816116333 43.0270309448242 14.4062271118164
"206" 24.2927722930908 58.6495056152344 18.4907875061035
"207" 25.1373844146729 23.8481388092041 23.1241359710693
"208" 25.7717819213867 6.86840438842773 16.8718662261963
"209" 25.5575 8.8169 18.3042
"210" 25.283 11.1404 19.1622
"211" 25.2372 13.5314 19.8457
"212" 25.2062 15.9002 20.6216
"213" 25.1272 18.3224 21.1651
"214" 25.1 20.7594 21.6071
"215" 25.045 23.0052 22.6876
"216" 25.0888 25.2739 23.7047
"217" 25.0153 27.6853 24.3136
"218" 25.0068 30.1135 24.8726
"219" 25.1805 32.5056 25.5482
"220" 25.4611 34.9 26.1221
"221" 25.2975 37.3063 26.745
"222" 25.494 39.6996 27.4106
"223" 25.401 42.0806 28.1271
"224" 25.487 44.4927 28.7309
"225" 25.5233 46.905 29.3568
"226" 25.4884815216064 49.3104476928711 30.0117778778076
"227" 23.5481739044189 60.0900344848633 10.2921438217163
"228" 24.918062210083 27.3283977508545 24.2414283752441
"229" 25.4884815216064 49.3104476928711 30.0117778778076
"230" 25.4110565185547 8.53942680358887 8.78937530517578
"231" 25.0013408660889 10.5173940658569 5.138671875
"232" 23.4199066162109 72.6296539306641 22.3413429260254
"233" 23.8078308105469 57.9501419067383 12.1192474365234
"234" 19.1353816986084 55.9556846618652 8.45949363708496
"235" 21.1306953430176 52.6756134033203 9.66024398803711
"236" 21.865816116333 43.0270309448242 14.4062271118164
"237" 3.58772850036621 51.3489646911621 10.2356672286987
"238" 3.4514 49.6768 9.7582
"239" 3.5254 47.9764 9.5653
"240" 3.6677 46.2718 9.9246
"241" 3.6635 44.7091 10.7132
"242" 3.4216 43.8391 12.1842
"243" 2.9496 43.4895 13.8174
"244" 2.3741 43.848 15.3988
"245" 2.18 44.996 16.6452
"246" 2.2757 46.5518 17.4438
"247" 2.3505 48.2196 17.9118
"248" 2.2399 49.9682 17.8559
"249" 2.4003 50.7139 16.3362
"250" 2.8518 51.0964 14.6979
"251" 3.59386730194092 51.626823425293 13.1963768005371
"252" 3.59386730194092 51.626823425293 13.1963768005371
"253" 3.58772850036621 51.3489646911621 10.2356672286987
"254" 7.14617156982422 28.6365051269531 8.47433280944824
"255" 5.9392 31.2315 9.1951
"256" 4.9584 34.1007 9.035
"257" 4.3728 36.9559 8.1904
"258" 4.3095 39.8402 7.1906
"259" 4.2874 42.8368 6.6946
"260" 4.0604 45.8749 6.6254
"261" 3.99040412902832 48.9221229553223 6.41793966293335
"262" 22.4480133056641 59.5239028930664 17.5725250244141
"263" 25.7717819213867 6.86840438842773 16.8718662261963
"264" 24.5698 6.2748 16.5745
"265" 23.2513 6.7399 16.3396
"266" 22.2086 7.7312 16.1857
"267" 21.3722 8.651 15.5725
"268" 20.6623 8.9397 14.424
"269" 20.7637 8.6559 13.0257
"270" 20.9753 8.2702 11.6459
"271" 21.5337 8.1381 10.348
"272" 22.6737 8.0189 9.4669
"273" 24.0044 8.2504 8.9677
"274" 25.4110565185547 8.53942680358887 8.78937530517578
"275" 16.5318641662598 52.2630996704102 9.6965503692627
"276" 18.355978012085 21.9491004943848 22.0770606994629
"277" 18.399938583374 21.8886318206787 22.0797481536865
"278" 18.3184280395508 25.1232357025146 22.9929389953613
"279" 24.2927722930908 58.6495056152344 18.4907875061035
"280" 23.48 58.5006 18.1417
"281" 22.8818 58.8088 17.5664
"282" 22.3667 58.5607 16.9437
"283" 21.9151 58.0254 16.3843
"284" 21.519 57.5121 15.7697
"285" 21.3161 57.0321 15.0541
"286" 21.392 57.0043 14.1716
"287" 21.6795 57.2044 13.3541
"288" 22.2388 57.4198 12.7002
"289" 22.9472 57.8227 12.3378
"290" 23.8078308105469 57.9501419067383 12.1192474365234
"291" 12.6807479858398 25.2248783111572 20.1653614044189
"292" 7.14617156982422 28.6365051269531 8.47433280944824
"293" 8.2887 27.1506 7.783
"294" 9.4102 25.4797 7.5491
"295" 10.6119 23.8831 7.2288
"296" 11.7317 22.2159 6.9502
"297" 13.014 20.7016 6.6092
"298" 14.3228 19.2295 6.1626
"299" 15.8368 17.9218 5.9056
"300" 17.589 16.9288 6.0899
"301" 19.1977 15.7774 6.4842
"302" 20.6095 14.3654 6.2022
"303" 22.0121 12.9877 5.7218
"304" 23.3178 11.6029 5.0527
"305" 25.0013408660889 10.5173940658569 5.138671875
"306" 11.4490880966187 50.3743476867676 4.8398642539978
"307" 10.5639 49.7874 5.7036
"308" 9.3427 49.9914 6.3456
"309" 8.1366 49.9508 6.8956
"310" 6.8841 49.3947 6.7017
"311" 5.7212 49.2678 6.0298
"312" 4.8258 49.771 5.1071
"313" 5.0422 50.7003 4.3177
"314" 6.1919 51.4671 4.3539
"315" 7.4283 51.8573 4.8028
"316" 8.7801 51.827 4.6658
"317" 10.0047 52.0881 4.1241
"318" 11.1632 51.4737 4.0746
"319" 7.14617156982422 28.6365051269531 8.47433280944824
"320" 18.0584564208984 13.8971710205078 16.5484809875488
"321" 11.0693264007568 20.9049415588379 13.7076358795166
"322" 22.3292694091797 21.265811920166 11.8168697357178
"323" 11.3777980804443 62.0735931396484 16.4852733612061
"324" 18.3371067047119 14.3946323394775 17.3062133789062
"325" 18.6565 15.1526 18.5797
"326" 18.8511 16.3376 19.4981
"327" 18.7334 17.5928 20.3289
"328" 18.1376 18.8962 20.7729
"329" 17.1047 19.997 20.9621
"330" 15.8494 20.855 20.8617
"331" 14.539 21.5853 20.5823
"332" 13.3014 22.0264 19.8263
"333" 12.1486 22.3385 18.878
"334" 11.3325 22.3569 17.6166
"335" 10.7763 22.1823 16.2224
"336" 10.772 21.602 14.8252
"337" 11.2079 20.6645 13.707
"338" 11.8175 19.6166 12.8223
"339" 12.6055 18.4584 12.2216
"340" 13.5715 17.2998 12.0061
"341" 14.7159 16.2957 12.0465
"342" 15.7873 15.2728 12.3988
"343" 16.67 14.4998 13.3469
"344" 17.338 13.961 14.6109
"345" 17.9218 13.8281 15.9484
"346" 25.0510005950928 51.0611419677734 30.0115299224854
"347" 19.1305809020996 46.6495018005371 20.5121250152588
"348" 23.4060115814209 25.0255470275879 15.8767528533936
"349" 23.5026016235352 33.4862289428711 14.5571336746216
"350" 22.123664855957 26.716178894043 19.6018333435059
"351" 18.199764251709 19.3636417388916 21.1991634368896
"352" 11.1865758895874 22.4520130157471 17.4299736022949
"353" 13.5995903015137 47.1353302001953 14.0057554244995
"354" 16.2582817077637 50.5783424377441 17.3722362518311
"355" 15.1897 48.3045 17.4735
"356" 13.2725 46.8793 18.1229
"357" 11.5376 45.1675 18.7116
"358" 10.383 43.0921 17.9852
"359" 10.1911 43.0324 16.2718
"360" 11.4702 45.0498 15.4831
"361" 13.1013 46.6918 14.439
"362" 12.1238 46.0621 14.925
"363" 13.5995903015137 47.1353302001953 14.0057554244995
"364" 3.99040412902832 48.9221229553223 6.41793966293335
"365" 16.2582817077637 50.5783424377441 17.3722362518311
"366" 4.9066014289856 48.0592956542969 19.8560752868652
"367" 21.3389625549316 56.2643051147461 17.1257743835449
"368" 18.3715629577637 50.8599014282227 18.5462036132812
"369" 7.23135948181152 64.2645034790039 19.4886837005615
"370" 25.0510005950928 51.0611419677734 30.0115299224854
"371" 25.096 47.3202 29.3354
"372" 25.0286 43.6311 28.3799
"373" 25.0375 39.9351 27.5075
"374" 24.7132 36.2804 26.4779
"375" 23.661 32.7667 25.5204
"376" 21.3278 29.86 24.7978
"377" 18.5525 27.4554 23.8033
"378" 15.6376 25.6529 22.1878
"379" 12.5038 24.8939 20.1865
"380" 9.6608 26.1987 18.1769
"381" 7.588 28.8994 16.4694
"382" 5.6322 31.7803 14.9389
"383" 3.9054 35.0403 14.1822
"384" 2.6592 38.5545 14.8078
"385" 2.4758 41.8907 16.5839
"386" 3.0252 45.0937 18.4953
"387" 4.9066014289856 48.0592956542969 19.8560752868652
"388" 16.1572570800781 33.440372467041 10.9982795715332
"389" 17.1442 32.0643 11.0575
"390" 17.839 30.5611 11.234
"391" 18.4561 28.9906 11.2033
"392" 19.2395 27.5141 11.4377
"393" 20.206 26.1992 11.4565
"394" 21.1633 24.8622 11.8523
"395" 22.3152 23.6804 11.8487
"396" 23.3836 22.4451 12.2702
"397" 24.8781776428223 21.8618793487549 12.7568588256836
"398" 16.1572570800781 33.440372467041 10.9982795715332
"399" 36.0816078186035 50.6524085998535 2.79581260681152
"400" 36.1581993103027 51.2853126525879 2.39944624900818
"401" 36.630054473877 50.270336151123 3.19564533233643
"402" 36.7604370117188 50.777946472168 2.80163931846619
"403" 36.728443145752 51.1298179626465 2.52013850212097
"404" 36.8472175598145 51.3981285095215 2.38492250442505
"405" 37.2478485107422 50.2057571411133 3.6247661113739
"406" 37.3459167480469 50.6122055053711 3.23048877716064
"407" 37.3207054138184 51.0052871704102 2.87731528282166
"408" 37.3606224060059 51.2312545776367 2.73274564743042
"409" 37.9548721313477 52.0452728271484 2.67887187004089
"410" 37.9144096374512 50.4257965087891 3.96432542800903
"411" 37.9621276855469 50.8149528503418 3.54355978965759
"412" 37.9559135437012 51.141529083252 3.23708653450012
"413" 37.9952621459961 51.5393142700195 2.94260549545288
"414" 38.4596939086914 50.4947738647461 4.51516151428223
"415" 38.5065269470215 50.7294502258301 4.06134271621704
"416" 38.5566596984863 51.0948143005371 3.65466284751892
"417" 38.6099395751953 51.6696701049805 3.2037205696106
"418" 39.0835456848145 50.5844993591309 4.39926815032959
"419" 39.1056785583496 51.0517463684082 3.86409020423889
"420" 39.1440124511719 51.6636428833008 3.39201259613037
"421" 39.4461212158203 50.3804588317871 4.55836200714111
"422" 39.0848007202148 50.842098236084 3.83643007278442
"423" 39.8461723327637 51.7254028320312 3.19288063049316
"424" 39.9116363525391 50.5164566040039 4.22602939605713
"425" 40.129337310791 51.0207023620605 3.52153062820435
"426" 40.3441925048828 51.3374977111816 2.76755404472351
"427" 40.1915283203125 49.9922142028809 4.30950546264648
"428" 40.4062385559082 50.37158203125 3.60941171646118
"429" 40.7312889099121 50.7571334838867 2.85251522064209
"430" 41.12353515625 51.3163871765137 2.3302857875824
"431" 40.9575653076172 49.8000297546387 3.88531851768494
"432" 41.3398399353027 50.2331275939941 3.1925106048584
"433" 41.3911514282227 50.6808929443359 2.71657562255859
"434" 41.8185920715332 51.1124534606934 2.28938961029053
"435" 41.5922584533691 49.7746391296387 3.71469736099243
"436" 42.0403633117676 50.4807472229004 2.90363121032715
"437" 42.1243362426758 50.2297210693359 3.24812293052673
"438" 10.9024744033813 50.133358001709 4.6506814956665
"439" 10.9722747802734 50.5903816223145 4.31641674041748
"440" 10.8871259689331 51.1470909118652 4.08085060119629
"441" 10.3944902420044 50.0694160461426 4.74875116348267
"442" 10.3850183486938 50.5097427368164 4.3531231880188
"443" 10.43821144104 51.0425224304199 4.10549163818359
"444" 10.4542541503906 51.3622398376465 3.98556137084961
"445" 9.99735832214355 49.8154182434082 5.21903467178345
"446" 9.88184452056885 50.3349418640137 4.6893310546875
"447" 9.90500354766846 50.7428932189941 4.35071086883545
"448" 9.99577903747559 51.0852966308594 4.14430332183838
"449" 10.0012111663818 51.493824005127 4.03162050247192
"450" 9.43862438201904 50.003360748291 5.43359708786011
"451" 9.40767860412598 50.5098457336426 4.91812562942505
"452" 9.40843963623047 50.9000549316406 4.55046224594116
"453" 9.44120216369629 51.3206253051758 4.3195013999939
"454" 8.88923740386963 50.0391159057617 5.89758062362671
"455" 8.93644237518311 50.4151954650879 5.39665269851685
"456" 8.88370323181152 50.7325248718262 5.16677188873291
"457" 8.93770599365234 51.2218933105469 4.75613164901733
"458" 8.34171199798584 49.9298553466797 6.35635280609131
"459" 8.34609317779541 50.2933769226074 5.78497123718262
"460" 8.40106201171875 50.8305511474609 5.41064214706421
"461" 8.51088047027588 51.3210258483887 5.00666904449463
"462" 7.71189117431641 49.6093940734863 6.00072479248047
"463" 7.90185832977295 50.3800201416016 5.73503446578979
"464" 7.5241847038269 50.6560668945312 5.31215906143188
"465" 7.48768997192383 51.4856986999512 4.76713991165161
"466" 7.69031667709351 49.7057800292969 5.99554109573364
"467" 7.55623483657837 50.1565284729004 5.78109216690063
"468" 7.54400014877319 50.7652778625488 5.33391857147217
"469" 7.36442947387695 51.1426658630371 4.89959383010864
"470" 7.30598831176758 49.5643692016602 5.93656969070435
"471" 7.15211248397827 50.2103118896484 5.39430570602417
"472" 6.95222997665405 50.9587745666504 4.72859764099121
"473" 6.58494997024536 49.3543167114258 5.80006694793701
"474" 6.68696355819702 49.993480682373 5.23336267471313
"475" 6.5354118347168 50.6915168762207 4.59148025512695
"476" 6.01321506500244 49.4241104125977 5.38786029815674
"477" 6.1187858581543 50.1161155700684 4.78050470352173
"478" 6.08496189117432 50.9196472167969 4.29716014862061
"479" 5.46645402908325 49.5732650756836 5.02062368392944
"480" 5.54538345336914 50.109302520752 4.60982990264893
"481" 5.59296131134033 50.811824798584 4.21371984481812
"482" 4.96404647827148 49.8636627197266 4.70932579040527
"483" 5.13879442214966 50.423755645752 4.37056636810303
"484" 40.4336433410645 29.0202045440674 8.12142944335938
"485" 39.1031913757324 26.8774642944336 8.33128547668457
"486" 37.500904083252 27.3326473236084 9.3452615737915
"487" 36.4715919494629 28.82204246521 9.88763999938965
"488" 35.366813659668 30.142786026001 10.2321443557739
"489" 34.2421684265137 31.6176166534424 9.98554420471191
"490" 39.7006607055664 27.6301422119141 7.90700531005859
"491" 37.9658279418945 25.9375591278076 9.09415149688721
"492" 37.0848960876465 25.9681415557861 9.66999053955078
"493" 35.9147758483887 27.6226177215576 9.67903995513916
"494" 34.5573806762695 29.2934455871582 9.92936038970947
"495" 33.3854293823242 31.1508598327637 9.97107982635498
"496" 39.0441398620605 26.2403545379639 7.70114135742188
"497" 37.8223838806152 25.6540107727051 9.13667964935303
"498" 36.8268013000488 24.9941997528076 9.30593967437744
"499" 35.9626007080078 25.9081001281738 9.42872047424316
"500" 34.7066268920898 27.1317691802979 9.76249408721924
"501" 33.077091217041 28.0504302978516 10.1728658676147
"502" 38.3814964294434 24.9752807617188 7.44801378250122
"503" 37.1939926147461 23.9463901519775 9.02614688873291
"504" 36.3420257568359 23.6940574645996 9.30352592468262
"505" 35.0999565124512 24.3511962890625 9.38696002960205
"506" 33.5226211547852 25.1375904083252 9.89730739593506
"507" 32.3330001831055 25.7830009460449 10.4300003051758
"508" 37.3895072937012 23.2714138031006 7.27467107772827
"509" 36.3952903747559 22.662971496582 8.97043704986572
"510" 35.600040435791 22.7011451721191 9.3453254699707
"511" 33.8172760009766 23.6499309539795 9.63731956481934
"512" 32.4510841369629 23.9523277282715 10.2412624359131
"513" 31.4638004302979 24.5799999237061 10.7637996673584
"514" 36.5019264221191 21.8351078033447 7.08153581619263
"515" 35.787239074707 21.431791305542 8.47873210906982
"516" 34.7094459533691 21.460958480835 9.3049259185791
"517" 32.9771881103516 22.3679714202881 9.88763999938965
"518" 30.8963413238525 22.821159362793 10.7732791900635
"519" 35.6388740539551 20.507942199707 6.76448678970337
"520" 34.9156494140625 20.3225727081299 8.3508358001709
"521" 33.5672302246094 20.6297607421875 9.57083511352539
"522" 32.0410003662109 21.2772006988525 10.1796998977661
"523" 30.5439586639404 21.6474895477295 10.6386003494263
"524" 34.8373985290527 19.6076374053955 6.73601007461548
"525" 34.2594718933105 19.6178321838379 8.19804573059082
"526" 33.524356842041 19.6239776611328 9.0739107131958
"527" 31.65380859375 20.6152400970459 10.2214002609253
"528" 29.5330333709717 20.8106689453125 10.7220001220703
"529" 33.8662605285645 18.7636604309082 7.03777122497559
"530" 33.3461799621582 18.7921905517578 8.40854167938232
"531" 32.4465026855469 19.1964473724365 9.60086727142334
"532" 31.1231002807617 20.5958003997803 10.3465995788574
"533" 29.5683269500732 22.082218170166 11.0558004379272
"534" 33.334300994873 18.2317008972168 6.89769983291626
"535" 32.9330902099609 18.5751323699951 8.67162799835205
"536" 31.1684074401855 19.412425994873 10.0961999893188
"537" 29.7115993499756 21.2355003356934 10.7637996673584
"538" 32.5985908508301 17.6623859405518 7.20458078384399
"539" 31.9185028076172 18.6901664733887 9.63731670379639
"540" 30.208423614502 19.5675239562988 10.3048000335693
"541" 28.3429050445557 21.3484268188477 11.1809997558594
"542" 32.0242881774902 17.1732120513916 7.27401447296143
"543" 30.8122215270996 18.3052425384521 9.97107982635498
"544" 29.541202545166 19.5912647247314 10.4716997146606
"545" 28.1425361633301 20.9774837493896 11.1809997558594
"546" 31.2379055023193 16.4707145690918 7.33845806121826
"547" 30.2099342346191 18.3567981719971 10.1796998977661
"548" 28.5168495178223 20.1105976104736 10.8888998031616
"549" 30.7233333587646 15.953540802002 7.4818000793457
"550" 29.611400604248 17.7518997192383 10.3048000335693
"551" 28.494649887085 19.2887153625488 10.8055000305176
"552" 30.0210113525391 15.2928104400635 6.88856792449951
"553" 28.9745006561279 16.4794006347656 9.42230033874512
"554" 28.1600646972656 18.8935050964355 10.9306001663208
"555" 29.4784088134766 14.6656942367554 7.00005865097046
"556" 28.9745006561279 16.4794006347656 9.42230033874512
"557" 27.1963024139404 17.7241744995117 11.6866989135742
"558" 28.5781993865967 13.6940002441406 6.40401983261108
"559" 28.9120006561279 14.0694999694824 8.07281970977783
"560" 27.660400390625 17.1051998138428 11.3478002548218
"561" 25.8733997344971 19.0660991668701 12.3073997497559
"562" 27.6624698638916 12.7671365737915 5.71387195587158
"563" 27.671257019043 12.6934719085693 7.51001262664795
"564" 27.660400390625 12.8079996109009 8.59430980682373
"565" 22.8626003265381 16.5280990600586 11.9319000244141
"566" 25.8663997650146 11.5146999359131 7.13413000106812
"567" 23.8083992004395 12.0153999328613 8.53481006622314
"568" 9.57572650909424 27.1238651275635 9.62582588195801
"569" 11.2975654602051 26.109281539917 10.3469476699829
"570" 12.5580472946167 26.9594764709473 10.7222118377686
"571" 13.7845516204834 28.8722190856934 11.1392002105713
"572" 14.9707698822021 30.7296466827393 11.0141000747681
"573" 9.4198055267334 26.7997970581055 9.04404735565186
"574" 10.9045925140381 26.0093441009521 10.0961999893188
"575" 11.7414169311523 25.3264503479004 10.3465995788574
"576" 12.7626209259033 25.7094879150391 10.5968999862671
"577" 14.8613004684448 27.9780006408691 10.8472003936768
"578" 16.143196105957 29.2094039916992 10.7220897674561
"579" 10.3791875839233 25.4310150146484 8.90478229522705
"580" 11.6952295303345 24.5288028717041 10.0684032440186
"581" 12.7519235610962 24.120719909668 10.3882350921631
"582" 13.8440046310425 25.1026477813721 10.5132761001587
"583" 15.7022533416748 26.3470878601074 10.6800680160522
"584" 17.200719833374 27.2493133544922 11.0974998474121
"585" 11.3940801620483 23.7740707397461 8.7779598236084
"586" 12.4346284866333 23.0328159332275 9.89160060882568
"587" 13.6228189468384 22.7304515838623 10.3048000335693
"588" 15.2686262130737 23.7908973693848 10.3882999420166
"589" 16.8803730010986 24.3904438018799 10.8055000305176
"590" 18.374849319458 24.8129062652588 11.3895998001099
"591" 12.6848983764648 22.0146636962891 8.57021617889404
"592" 13.7205028533936 21.512149810791 9.86616516113281
"593" 15.0429973602295 21.6330966949463 10.2630996704102
"594" 16.0125942230225 22.2682266235352 10.3048791885376
"595" 17.0527992248535 22.8470993041992 10.274299621582
"596" 19.3388118743896 22.9378070831299 11.2643995285034
"597" 13.5424270629883 20.8374691009521 8.18939685821533
"598" 14.6923236846924 20.2790565490723 9.4800271987915
"599" 16.1987934112549 20.2390956878662 10.2217102050781
"600" 17.6893005371094 20.8971004486084 10.5968999862671
"601" 19.5798664093018 21.1971778869629 11.0558004379272
"602" 14.7913904190063 19.497106552124 8.02964878082275
"603" 15.8663282394409 19.1673831939697 9.29831409454346
"604" 17.1518115997314 19.3249969482422 10.0961999893188
"605" 19.024299621582 20.2341995239258 10.7637996673584
"606" 20.7567234039307 20.9243793487549 11.1809997558594
"607" 16.0474987030029 18.4264736175537 8.16357421875
"608" 16.9109268188477 18.3884983062744 9.38803195953369
"609" 18.036600112915 19.5041007995605 9.24098014831543
"610" 19.8299865722656 20.455472946167 10.9306001663208
"611" 21.0161247253418 21.6016845703125 11.3895998001099
"612" 17.1648731231689 17.6771926879883 8.31439113616943
"613" 19.221700668335 18.1471004486084 9.63856029510498
"614" 19.9254417419434 19.3598537445068 10.7220001220703
"615" 21.6110000610352 20.771900177002 11.3478002548218
"616" 17.7834129333496 17.3054656982422 8.55214405059814
"617" 19.2188739776611 18.1596145629883 9.65383338928223
"618" 20.5306129455566 19.1481914520264 10.8053274154663
"619" 22.0271587371826 20.6431655883789 11.4729995727539
"620" 18.5609321594238 16.641544342041 8.19760227203369
"621" 19.9076347351074 17.7302265167236 9.55911159515381
"622" 20.568000793457 18.3985004425049 10.7220001220703
"623" 21.9627094268799 19.6267127990723 11.2643995285034
"624" 19.3320369720459 15.9630632400513 8.01958465576172
"625" 19.917200088501 17.7206001281738 9.55920028686523
"626" 21.7427883148193 18.1248149871826 11.1392002105713
"627" 20.3450984954834 14.9912824630737 7.91606473922729
"628" 22.6539993286133 17.3138008117676 7.88507986068726
"629" 22.5287990570068 17.1886005401611 11.6399002075195
"630" 24.2262992858887 19.2798004150391 12.2236995697021
"631" 21.1318893432617 14.2050113677979 7.64368343353271
"632" 21.2109107971191 14.2093896865845 8.22366142272949
"633" 22.7164993286133 17.2656993865967 7.88507986068726
"634" 22.8400993347168 16.9108009338379 11.8201999664307
"635" 22.1034564971924 13.1079950332642 6.54985666275024
"636" 22.4036998748779 12.9749002456665 7.88506984710693
"637" 23.0741004943848 12.5993995666504 8.73353004455566
"638" 24.2336006164551 11.9323997497559 9.07991981506348
