"V1" "V2" "V3"
"1" 21.73362159729 15.920280456543 7.44358444213867
"2" 22.3748 15.831 7.3238
"3" 23.0176 15.8928 7.2166
"4" 23.6598 15.8467 7.0954
"5" 24.2993 15.8825 6.9519
"6" 24.9479 15.8857 6.8432
"7" 25.5986 15.8781 6.7432
"8" 26.2506 15.84 6.6603
"9" 26.891 15.8625 6.5111
"10" 27.5283 15.8636 6.347
"11" 28.1666 15.8758 6.1871
"12" 28.8078 15.8369 6.0452
"13" 29.4415664672852 15.7871561050415 5.87449645996094
"14" 32.9984893798828 12.5414628982544 6.168776512146
"15" 29.7303485870361 14.0194664001465 5.80700159072876
"16" 23.9663562774658 14.298770904541 9.08199501037598
"17" 28.9631881713867 5.30566883087158 5.97289180755615
"18" 27.9702 4.9389 5.882
"19" 26.9373 4.74 6.1092
"20" 25.9418 4.7322 6.5254
"21" 25.0494 4.8397 7.1193
"22" 24.3547 4.9479 7.9124
"23" 24.0065 5.2055 8.8927
"24" 24.0672 5.3883 9.9494
"25" 24.493 5.538 10.9164
"26" 25.2781 5.5874 11.6395
"27" 26.2649 5.6647 12.036
"28" 27.3311 5.8023 12.0955
"29" 28.3486 5.9707 11.8466
"30" 29.1842 6.1301 11.2244
"31" 29.5593 6.0346 10.3304
"32" 29.3909 5.6617 9.3325
"33" 29.7237148284912 5.55256271362305 8.31343746185303
"34" 29.7237148284912 5.55256271362305 8.31343746185303
"35" 28.9631881713867 5.30566883087158 5.97289180755615
"36" 14.8907794952393 7.46792316436768 5.7972412109375
"37" 15.0815 7.4591 6.8606
"38" 15.4238 6.9958 7.7454
"39" 16.0507 6.6837 8.5687
"40" 16.7025 6.3488 9.3676
"41" 17.5325 6.0684 9.9973
"42" 18.5294 5.7804 9.8855
"43" 19.5498 5.5383 10.0919
"44" 20.5638 5.3793 10.2866
"45" 21.3408 5.2224 9.6803
"46" 22.0334 4.9689 8.9031
"47" 22.5948 4.8335 7.9834
"48" 23.3307 4.7704 7.1887
"49" 24.1756 4.6282 6.5242
"50" 25.105 4.623 5.9606
"51" 26.0471 4.6523 5.4243
"52" 26.9284572601318 4.71963596343994 4.79365921020508
"53" 34.4627380371094 14.4319124221802 11.8900299072266
"54" 2.74556541442871 16.2141990661621 12.0619173049927
"55" 2.8934 15.3756 12.1928
"56" 3.0631 14.5738 12.396
"57" 3.305 13.8311 12.0611
"58" 3.6772 13.1986 11.6402
"59" 3.8864 12.9065 10.8686
"60" 3.678 12.9953 10.0633
"61" 3.3661 13.2035 9.2964
"62" 3.0452 13.5929 8.6029
"63" 2.6746 14.1839 8.1172
"64" 2.4675 14.9998 8.0698
"65" 2.33782768249512 15.8133316040039 8.33467102050781
"66" 28.6642227172852 11.6552495956421 6.27832508087158
"67" 10.8613986968994 11.3857650756836 15.3701105117798
"68" 12.749153137207 10.0784273147583 15.4502506256103
"69" 15.9128847122192 11.7203798294067 16.7612648010254
"70" 35.3373756408691 16.2372455596924 12.7291564941406
"71" 35.1364 15.4999 12.5619
"72" 34.7672 14.8927 12.2356
"73" 34.3347 14.4453 11.7608
"74" 34.002 13.9239 11.2834
"75" 33.6139 13.5273 10.7674
"76" 33.2814 13.5574 10.0794
"77" 33.3922 13.7198 9.3195
"78" 33.5744 14.0234 8.623
"79" 33.794 14.5692 8.1128
"80" 34.1707 15.1834 7.8048
"81" 34.4951248168945 15.8759632110596 7.80157136917114
"82" 17.7099571228027 6.27791547775269 12.0659618377686
"83" 14.8907794952393 7.46792316436768 5.7972412109375
"84" 14.0823 7.899 5.3823
"85" 13.2392 8.3781 5.1165
"86" 12.3695 8.8604 4.9621
"87" 11.4908 9.3477 4.899
"88" 10.5842 9.7806 4.9257
"89" 9.6858 10.2328 4.9345
"90" 8.8019 10.703 5.0305
"91" 7.9223 11.1786 5.1521
"92" 7.0566 11.6874 5.1978
"93" 6.1765 12.1723 5.27
"94" 5.334 12.7182 5.3312
"95" 4.5191 13.3074 5.3574
"96" 3.7617 13.9554 5.2148
"97" 3.1683 14.714 4.9375
"98" 2.72897100448608 15.5792322158813 4.67400360107422
"99" 27.1798629760742 8.51172161102295 3.82240962982178
"100" 26.9079 7.9443 4.134
"101" 27.1464 7.2897 4.4217
"102" 27.3958 6.6247 4.6792
"103" 27.2671 5.9057 4.6929
"104" 27.3826 5.2688 4.3676
"105" 27.9594 4.9756 3.9828
"106" 28.668 5.0352 3.7407
"107" 28.9971 5.5236 3.843
"108" 29.0601 6.2552 4.0286
"109" 29.0116 6.9348 3.7522
"110" 28.7027 7.456 3.2992
"111" 28.3854 8.1325 3.25
"112" 27.8155 8.4994 3.4039
"113" 14.8907794952393 7.46792316436768 5.7972412109375
"114" 6.76877403259277 12.298418045044 13.2266635894775
"115" 14.7217464447022 7.21060943603516 8.33797073364258
"116" 14.5557098388672 10.3709182739258 6.19368124008179
"117" 35.6532516479492 9.30456161499023 10.5559844970703
"118" 7.35446071624756 12.4035310745239 13.8766794204712
"119" 8.5295 12.122 14.5701
"120" 9.7922 11.7835 15.0885
"121" 11.0689 11.2846 15.3968
"122" 12.2741 10.582 15.5432
"123" 13.2336 9.5852 15.3205
"124" 14.3138 8.7927 14.9663
"125" 15.4329 8.1329 14.4875
"126" 16.1138 7.4116 13.4972
"127" 16.1955 7.0146 12.1687
"128" 15.9605 6.7581 10.8112
"129" 15.386 6.7879 9.5267
"130" 14.75 7.1786 8.3341
"131" 13.8813 7.6958 7.3835
"132" 12.7683 8.3947 6.9024
"133" 11.5088 8.9925 6.7297
"134" 10.2111 9.5416 6.7435
"135" 8.9779 10.0366 7.1629
"136" 7.9271 10.7257 7.7955
"137" 7.0497 11.3062 8.7004
"138" 6.5865 11.6559 9.9745
"139" 6.3703 11.9046 11.3321
"140" 6.6941 12.151 12.6576
"141" 29.6230010986328 16.1738338470459 16.4829177856445
"142" 28.9410629272461 12.0938386917114 12.3436698913574
"143" 10.1171703338623 14.9665870666504 8.93399047851562
"144" 16.0406532287598 15.4090042114258 7.88017749786377
"145" 17.4850788116455 15.1024293899536 8.92991638183594
"146" 12.7684354782104 10.0521383285522 15.4845094680786
"147" 15.6488590240478 7.14978742599487 10.107346534729
"148" 23.9584865570068 9.41397666931152 10.665096282959
"149" 29.4492874145508 11.6613101959228 12.1074771881103
"150" 28.7755 11.3113 12.2691
"151" 28.0433 11.0167 12.3369
"152" 27.3275 10.6825 12.2396
"153" 26.5631 10.5644 12.0952
"154" 25.794 10.3591 12.0934
"155" 25.0564 10.0623 12.0235
"156" 24.3353 9.8359 11.8919
"157" 23.8481 9.5592 11.3643
"158" 23.9584865570068 9.41397666931152 10.665096282959
"159" 26.9284572601318 4.71963596343994 4.79365921020508
"160" 29.4492874145508 11.6613101959228 12.1074771881103
"161" 25.8175983428955 6.10909938812256 13.0703639984131
"162" 33.0604095458984 13.45494556427 11.6059246063232
"163" 29.2864780426025 11.9834499359131 12.1978311538696
"164" 35.6651840209961 8.96728801727295 13.0985794067383
"165" 29.6230010986328 16.1738338470459 16.4829177856445
"166" 28.0639 16.1937 16.6324
"167" 26.4999 16.069 16.7329
"168" 24.9333 16.0191 16.8593
"169" 23.4159 15.7917 17.1761
"170" 21.9787 15.2941 17.4983
"171" 20.7317 14.3939 17.7597
"172" 19.6049 13.3764 17.4177
"173" 18.7489 12.2055 16.8919
"174" 17.989 10.952 16.4512
"175" 17.8428 9.5239 15.8926
"176" 18.4082 8.2899 15.1402
"177" 18.9586 7.3362 14.1975
"178" 20.004 6.5996 13.2941
"179" 21.2155 5.9537 12.5739
"180" 22.7458 5.7809 12.4707
"181" 24.2778 5.9229 12.7956
"182" 25.8175983428955 6.10909938812256 13.0703639984131
"183" 16.5317287445068 9.82576084136963 6.68006229400635
"184" 15.2279 10.1278 6.2693
"185" 13.9389 10.3388 5.7771
"186" 12.756 11.0978 5.6319
"187" 11.6054 11.9237 5.5743
"188" 10.371 12.6096 5.4651
"189" 9.0238 12.9479 5.6611
"190" 7.8152 13.6041 5.9961
"191" 6.8745 14.4508 6.6129
"192" 6.53207683563232 15.6941213607788 7.17934608459473
"193" 16.5317287445068 9.82576084136963 6.68006229400635
"194" 2.74556541442871 16.2141990661621 12.0619173049927
"195" 6.53207683563232 15.6941213607788 7.17934608459473
"196" 29.4415664672852 15.7871561050415 5.87449645996094
"197" 20.0860500335693 15.8924646377563 8.48164367675781
"198" 21.73362159729 15.920280456543 7.44358444213867
"199" 23.9663562774658 14.298770904541 9.08199501037598
"200" 24.6775 14.624 8.7511
"201" 25.3037 15.0726 8.44
"202" 25.5054 15.8615 8.2471
"203" 25.3019 16.6365 8.2862
"204" 24.6227 17.1133 8.4517
"205" 23.9341907501221 17.4581317901611 8.78376960754395
"206" 35.3373756408691 16.2372455596924 12.7291564941406
"207" 12.8475017547607 16.6935653686523 16.153678894043
"208" 2.74556541442871 16.2141990661621 12.0619173049927
"209" 3.6089 16.1911 13.3321
"210" 4.9015 16.1241 14.172
"211" 6.3341 16.1505 14.7683
"212" 7.8113 16.1233 15.2141
"213" 9.3356 16.2747 15.4482
"214" 10.855 16.2887 15.7634
"215" 12.3957 16.2885 15.8655
"216" 13.8569 16.3297 16.382
"217" 15.3649 16.2254 16.7407
"218" 16.8877 16.2582 17.0409
"219" 18.3733 16.2976 17.4523
"220" 19.8828 16.1943 17.7026
"221" 21.4306 16.2287 17.6497
"222" 22.9325 16.3867 17.294
"223" 24.4472 16.3972 16.9899
"224" 25.9754 16.3398 16.7891
"225" 27.522 16.3077 16.6926
"226" 29.0714454650879 16.38352394104 16.6603927612305
"227" 35.1866264343262 15.7258586883545 6.34444856643677
"228" 16.8729629516602 16.259916305542 17.0434799194336
"229" 29.0714454650879 16.38352394104 16.6603927612305
"230" 2.33782768249512 15.8133316040039 8.33467102050781
"231" 2.72897100448608 15.5792322158813 4.67400360107422
"232" 39.1457061767578 16.5353927612305 14.234992980957
"233" 34.4951248168945 15.8759632110596 7.80157136917114
"234" 32.9400444030762 18.8414211273193 5.68125057220459
"235" 29.4835662841797 17.7996044158936 5.59844636917114
"236" 23.9341907501221 17.4581317901611 8.78376960754395
"237" 28.4464092254639 26.2743949890137 4.53521823883057
"238" 27.2894 26.6897 4.642
"239" 26.0985 26.9227 4.8368
"240" 24.9776 27.0098 5.3528
"241" 24.031 27.0216 6.1455
"242" 23.5567 26.9322 7.2668
"243" 23.5747 26.8483 8.5017
"244" 23.9923 26.8504 9.6552
"245" 24.9423 26.8483 10.4451
"246" 26.1132 26.8544 10.7893
"247" 27.3474 26.8428 10.7843
"248" 28.4663 26.8187 10.2876
"249" 29.296 26.8031 9.4167
"250" 29.3672 26.7636 8.2091
"251" 29.6047477722168 26.5360660552979 7.01118659973145
"252" 29.6047477722168 26.5360660552979 7.01118659973145
"253" 28.4464092254639 26.2743949890137 4.53521823883057
"254" 14.339017868042 24.0718612670898 4.95863819122315
"255" 15.3572 25.0508 6.7996
"256" 16.8469 25.9895 8.5058
"257" 19.2597 26.6829 8.3602
"258" 20.9584 26.9608 7.856
"259" 22.746 27.0829 6.0634
"260" 24.7364 26.9033 4.5097
"261" 26.9789447784424 26.5578918457031 3.36680841445923
"262" 34.5619125366211 17.9899311065674 11.8614473342896
"263" 2.74556541442871 16.2141990661621 12.0619173049927
"264" 2.9325 17.0543 11.9968
"265" 3.0867 17.8969 11.986
"266" 3.3 18.6655 11.6941
"267" 3.6884 19.1237 11.0975
"268" 3.799 19.2229 10.2812
"269" 3.4878 18.9528 9.5314
"270" 3.1945 18.5974 8.7977
"271" 2.8634 18.1031 8.1802
"272" 2.5686 17.3839 7.8363
"273" 2.3426 16.5673 7.9307
"274" 2.33782768249512 15.8133316040039 8.33467102050781
"275" 28.5489807128906 19.7090301513672 5.56140565872192
"276" 10.2922353744507 21.1798973083496 14.7031097412109
"277" 12.2174034118652 22.3782825469971 14.5922183990478
"278" 16.1860752105713 21.2843246459961 15.7291069030762
"279" 35.3373756408691 16.2372455596924 12.7291564941406
"280" 35.0977 16.9637 12.5303
"281" 34.7927 17.6244 12.2073
"282" 34.4091 18.0441 11.6537
"283" 34.1545 18.4823 11.0388
"284" 33.7035 18.7487 10.4987
"285" 33.3726 18.6205 9.805
"286" 33.4476 18.3567 9.0495
"287" 33.5469 17.888 8.4195
"288" 33.8417 17.2828 7.996
"289" 34.2596 16.6311 7.8012
"290" 34.4951248168945 15.8759632110596 7.80157136917114
"291" 17.3531074523926 26.1814937591553 9.99547672271729
"292" 14.339017868042 24.0718612670898 4.95863819122315
"293" 13.4692 23.5756 4.4312
"294" 12.4926 23.0137 4.2203
"295" 11.5034 22.4357 4.1725
"296" 10.5103 21.8618 4.155
"297" 9.519 21.2887 4.2142
"298" 8.5237 20.7288 4.3225
"299" 7.5659 20.1298 4.5163
"300" 6.6212 19.5232 4.7505
"301" 5.6567 18.9233 4.9077
"302" 4.7442 18.2377 4.9994
"303" 3.889 17.4815 4.9872
"304" 3.1683 16.6238 4.7954
"305" 2.72897100448608 15.5792322158813 4.67400360107422
"306" 27.0586071014404 22.6234493255615 2.80135250091553
"307" 26.8339 23.3613 3.1347
"308" 27.1036 24.1438 3.3613
"309" 27.2143 24.9763 3.4461
"310" 27.2505 25.7801 3.2002
"311" 27.8326 26.1441 2.7579
"312" 28.6056 26.0037 2.4367
"313" 29.3848 25.6904 2.5298
"314" 29.6923 25.1517 2.908
"315" 29.2058 24.4668 2.9275
"316" 28.829 23.8202 2.4882
"317" 28.4256 23.1205 2.2163
"318" 27.8016 22.6388 2.3503
"319" 14.339017868042 24.0718612670898 4.95863819122315
"320" 6.98285865783691 20.1857376098633 12.887243270874
"321" 13.9501962661743 24.416130065918 6.88861274719238
"322" 13.9949932098389 21.1304569244385 5.51776599884033
"323" 35.0956687927246 22.8905296325684 9.48112201690674
"324" 7.25988388061523 20.1555709838867 13.4018821716309
"325" 8.3964 20.4999 14.1513
"326" 9.6943 20.9305 14.5298
"327" 11.0011 21.4212 14.7626
"328" 12.1116 22.2662 14.5947
"329" 13.0167 23.2529 14.1309
"330" 14.1491 23.9592 13.6605
"331" 15.1233 24.5841 12.848
"332" 15.5565 25.0743 11.6151
"333" 15.484 25.2365 10.2152
"334" 15.0817 25.2108 8.8684
"335" 14.445 24.8671 7.644
"336" 13.6498 24.158 6.7045
"337" 12.5863 23.481 6.0854
"338" 11.3416 22.836 5.8968
"339" 10.106 22.1681 6.1183
"340" 8.8997 21.5066 6.4707
"341" 7.732 20.9806 7.0659
"342" 6.7657 20.5143 7.9876
"343" 6.4795 20.2776 9.3507
"344" 6.3265 20.3112 10.7573
"345" 6.606 20.2604 12.1464
"346" 29.5132675170898 16.6554870605469 16.456672668457
"347" 28.6555690765381 20.2014255523682 11.5060033798218
"348" 10.3132982254028 16.6653804779053 8.75146961212158
"349" 15.8075790405273 16.1492156982422 7.78176307678223
"350" 17.5297718048096 17.0924530029297 8.54778099060059
"351" 12.2085075378418 22.3587837219238 14.6006031036377
"352" 15.131534576416 25.2379608154297 8.96788215637207
"353" 23.8265285491943 22.4327983856201 9.56667137145996
"354" 28.9980506896973 21.0185604095459 11.3393487930298
"355" 28.2564 20.877 11.465
"356" 27.5628 21.1463 11.3371
"357" 26.8488 21.3056 11.2117
"358" 26.1027 21.3792 11.2402
"359" 25.4216 21.7272 11.1539
"360" 24.7392 22.0851 11.0623
"361" 24.0285 22.2396 10.8458
"362" 23.5525 22.3081 10.2824
"363" 23.8265285491943 22.4327983856201 9.56667137145996
"364" 26.9789447784424 26.5578918457031 3.36680841445923
"365" 28.9980506896973 21.0185604095459 11.3393487930298
"366" 25.060094833374 26.4707508087158 11.6564998626709
"367" 32.6083335876465 18.916316986084 11.2899522781372
"368" 29.1323585510254 20.2244186401367 11.4639177322388
"369" 35.4662857055664 23.325553894043 11.8694381713867
"370" 29.5132675170898 16.6554870605469 16.456672668457
"371" 27.9416 16.6496 16.4418
"372" 26.3796 16.74 16.6129
"373" 24.8532 17.0636 16.7603
"374" 23.3273 17.3535 17.0133
"375" 21.8065 17.6418 17.1645
"376" 20.5117 18.5093 16.9431
"377" 19.5075 19.642 16.5353
"378" 18.5105 20.7653 16.0655
"379" 17.6653 21.9669 15.5154
"380" 17.2697 23.247 14.7606
"381" 17.6103 24.4451 13.8256
"382" 18.374 25.3216 12.767
"383" 19.1506 26.054 11.6339
"384" 20.4936 26.5615 11.0577
"385" 22.0329 26.7791 11.0176
"386" 23.5595 26.7388 11.3918
"387" 25.060094833374 26.4707508087158 11.6564998626709
"388" 15.7559289932251 21.7636108398438 5.69966554641724
"389" 14.4881 21.3448 5.4278
"390" 13.2375 20.9 5.1069
"391" 12.0795 20.1781 5.0091
"392" 11.0041 19.357 5.0594
"393" 9.844 18.7126 5.3002
"394" 8.618 18.1825 5.4562
"395" 7.4472 17.6589 5.9063
"396" 6.5962 16.8925 6.5569
"397" 6.53207683563232 15.6941213607788 7.17934608459473
"398" 15.7559289932251 21.7636108398438 5.69966554641724
"399" 27.2623729705811 8.23291206359863 3.64490532875061
"400" 27.6381034851074 8.25334072113037 3.3825159072876
"401" 27.1310863494873 7.88563537597656 3.78667688369751
"402" 27.5019397735596 7.86015462875366 3.57799625396729
"403" 27.7945575714111 7.91934394836426 3.40405035018921
"404" 28.1497707366943 7.87014532089233 3.28901624679565
"405" 27.1492500305176 7.51403665542603 3.95568561553955
"406" 27.4822025299072 7.49942445755005 3.71762275695801
"407" 27.8060989379883 7.55079746246338 3.50400114059448
"408" 28.0603370666504 7.53822040557861 3.39499807357788
"409" 28.3897914886475 7.47077655792236 3.30681204795837
"410" 27.3607559204102 7.19271564483643 4.09590291976929
"411" 27.7038097381592 7.15958642959595 3.83233380317688
"412" 27.9710216522217 7.14484119415283 3.59968972206116
"413" 28.337381362915 7.15071725845337 3.44563174247742
"414" 27.4134292602539 6.94725799560547 4.36572122573853
"415" 27.7110404968262 6.91974925994873 4.14014434814453
"416" 28.0317001342773 6.87710428237915 3.92091035842896
"417" 28.5144214630127 6.88975620269775 3.71321487426758
"418" 27.7557735443115 6.64547348022461 4.32554769515991
"419" 28.0979671478271 6.57534694671631 4.05407381057739
"420" 28.5087242126465 6.59545135498047 3.90309762954712
"421" 27.7157135009766 6.39984893798828 4.40834903717041
"422" 28.1986446380615 6.42043161392212 4.12868165969849
"423" 28.5792655944824 6.31010389328003 3.97985029220581
"424" 27.8096351623535 6.18858861923218 4.3052396774292
"425" 28.2024593353271 6.18006801605225 4.09460878372192
"426" 28.5106391906738 6.15259122848511 3.98890590667725
"427" 27.5308132171631 5.99959278106689 4.38645887374878
"428" 27.9049015045166 5.9675178527832 4.17077684402466
"429" 28.2743644714355 5.89477109909058 3.95485734939575
"430" 28.7089958190918 5.76690769195557 3.89319014549255
"431" 27.5723438262939 5.73068475723267 4.24171304702759
"432" 27.9183654785156 5.66222763061523 4.01732730865479
"433" 28.2882194519043 5.62104511260986 3.88465929031372
"434" 28.6048469543457 5.44528675079346 3.79061722755432
"435" 27.6790313720703 5.41375780105591 4.10115480422974
"436" 28.144006729126 5.31654453277588 3.86375141143799
"437" 27.8761825561523 5.17729759216309 3.98283076286316
"438" 27.1199169158936 23.0941581726074 2.66684222221375
"439" 27.4288177490234 23.0240249633789 2.47006011009216
"440" 27.8142375946045 23.078052520752 2.26969861984253
"441" 27.0734043121338 23.5310974121094 2.3984432220459
"442" 27.5470237731934 23.3697643280029 2.50164151191711
"443" 27.9014854431152 23.363489151001 2.31599855422974
"444" 28.1436042785645 23.3471584320068 2.29227900505066
"445" 26.8995056152344 23.8645992279053 2.47012186050415
"446" 27.5631198883057 23.6942501068115 2.6110565662384
"447" 27.8778591156006 23.7017116546631 2.43085336685181
"448" 28.1354312896729 23.6484909057617 2.3603150844574
"449" 28.4603214263916 23.6338157653809 2.32905578613281
"450" 27.1863117218018 24.1895160675049 2.5560474395752
"451" 27.8108730316162 24.0026550292969 2.67105770111084
"452" 28.1494064331055 24.0069122314453 2.51318740844727
"453" 28.5067920684814 23.9287185668945 2.5135064125061
"454" 27.3685092926025 24.4208927154541 2.85897016525269
"455" 27.7151985168457 24.4240264892578 2.58126354217529
"456" 28.082088470459 24.3283939361572 2.75147199630737
"457" 28.4813823699951 24.2299003601074 2.65659761428833
"458" 27.1668701171875 24.8757057189941 2.83171200752258
"459" 27.7822856903076 24.6811923980713 2.71625447273254
"460" 28.2495994567871 24.5367298126221 2.80599665641785
"461" 28.6215076446533 24.4606590270996 2.7547435760498
"462" 27.5921955108643 24.9436359405518 2.86836504936218
"463" 28.088695526123 24.7996692657471 2.88148617744446
"464" 28.4839096069336 24.7293434143066 2.73457646369934
"465" 28.9353523254395 24.6338272094727 2.79991745948792
"466" 27.6964855194092 24.8925952911377 2.79882121086121
"467" 28.0776615142822 24.9318389892578 2.87755417823792
"468" 28.5197944641113 24.86083984375 2.70012044906616
"469" 28.9677066802979 24.8980293273926 2.75393676757812
"470" 27.7205543518066 25.0263175964355 2.77494192123413
"471" 28.2762870788574 25.0048828125 2.73118472099304
"472" 28.9842853546143 25.0242824554443 2.72296714782715
"473" 27.5987243652344 25.3292007446289 2.81179285049438
"474" 28.1777782440186 25.1798877716064 2.69857382774353
"475" 28.854621887207 25.1768989562988 2.62318730354309
"476" 27.7525444030762 25.5587425231934 2.77650785446167
"477" 28.3543453216553 25.3514518737793 2.54316711425781
"478" 29.0833034515381 25.3619556427002 2.59194231033325
"479" 27.9113006591797 25.7227401733398 2.63765954971313
"480" 28.3631076812744 25.5816898345947 2.46509122848511
"481" 28.9929027557373 25.5623989105225 2.45328116416931
"482" 28.1435985565186 25.8609027862549 2.47336673736572
"483" 28.6288623809814 25.7360515594482 2.38855862617493
"484" 15.0829954147339 7.75813150405884 6.46838426589966
"485" 15.3583240509033 7.90165662765503 6.82576704025269
"486" 15.5405330657959 8.04621124267578 7.12471055984497
"487" 15.5235996246338 8.04354953765869 7.02536010742188
"488" 15.6926784515381 8.5492696762085 6.98223686218262
"489" 16.0987873077393 9.17206001281738 6.99910593032837
"490" 14.8350305557251 8.04908561706543 6.0294451713562
"491" 15.1527070999146 8.08371543884277 6.60096549987793
"492" 15.2641334533691 8.09886455535889 6.69666814804077
"493" 15.3975114822388 8.48875999450684 6.71942234039307
"494" 15.6973066329956 8.92963314056396 6.72402763366699
"495" 15.7722997665405 9.58847045898438 6.42815017700195
"496" 14.4211721420288 8.20505523681641 5.89534139633179
"497" 14.6756286621094 8.26423835754395 6.2105565071106
"498" 14.8884401321411 8.23438835144043 6.40405464172363
"499" 14.9121227264404 8.43603038787842 6.49240064620972
"500" 15.1542997360229 7.84596014022827 5.81915998458862
"501" 15.2847003936768 9.38903999328613 6.2386999130249
"502" 14.0181102752686 8.19943428039551 5.57678699493408
"503" 14.1182041168213 8.54333877563477 5.97434186935425
"504" 14.3123474121094 8.41486644744873 5.97206020355225
"505" 14.436900138855 7.882080078125 5.4197301864624
"506" 14.8198003768921 8.00778961181641 5.54790019989014
"507" 15.1300001144409 9.67385959625244 6.13468980789185
"508" 13.4391775131226 8.43311405181885 5.41853427886963
"509" 13.6352815628052 8.75488090515137 5.81375122070312
"510" 13.8283052444458 8.10905838012695 5.30095481872559
"511" 13.7671251296997 8.38486099243164 5.3332986831665
"512" 13.7728004455566 8.38986015319824 5.34409999847412
"513" 14.7556743621826 9.60923862457275 6.05520439147949
"514" 13.0122995376587 9.18618011474609 5.13382005691528
"515" 12.9836530685425 8.97995662689209 5.6060938835144
"516" 13.1273708343506 8.8609676361084 5.5207576751709
"517" 13.0465002059937 9.13245964050293 5.10572004318237
"518" 14.2226276397705 9.87574100494385 5.90597438812256
"519" 12.2063608169556 9.10733222961426 5.18423223495483
"520" 12.2905282974243 9.29889869689941 5.52630853652954
"521" 12.500599861145 8.99228000640869 4.87196016311646
"522" 13.010760307312 9.18670845031738 5.13359546661377
"523" 13.639720916748 10.2478876113892 5.73906278610229
"524" 11.5397529602051 9.44408988952637 5.1720232963562
"525" 11.5892267227173 9.57937526702881 5.47934865951538
"526" 11.6778287887573 9.61798763275146 5.57028770446777
"527" 11.9576997756958 10.4196996688843 4.93411016464233
"528" 12.8779964447021 10.2205686569214 5.83000755310059
"529" 10.683985710144 9.93227958679199 5.27399587631226
"530" 10.6577396392822 10.2364816665649 5.53880643844604
"531" 10.8326787948608 10.1212196350098 5.58754873275757
"532" 11.9231004714966 10.4359998703003 4.93393993377686
"533" 12.1249294281006 10.8389558792114 5.67032098770142
"534" 9.71956443786621 10.4191112518311 5.31211948394775
"535" 9.70357608795166 10.5919361114502 5.56409406661987
"536" 9.96455001831055 10.4561004638672 4.99983978271484
"537" 10.5787000656128 10.6968002319336 4.93881988525391
"538" 8.94917392730713 10.8465099334717 5.40624523162842
"539" 9.12353992462158 11.0394582748413 5.66473722457886
"540" 9.24953746795654 10.8668165206909 4.96390295028687
"541" 10.1852998733521 10.9680004119873 4.93779993057251
"542" 8.20014476776123 11.2086477279663 5.47091150283813
"543" 8.22452354431152 11.3901510238647 5.87034893035889
"544" 8.4764404296875 11.1406002044678 5.04552984237671
"545" 8.52153968811035 11.137900352478 5.04701995849609
"546" 7.39327049255371 11.6868162155151 5.60931825637817
"547" 7.48990964889526 11.8749713897705 5.99852466583252
"548" 7.89563226699829 12.4047498703003 6.07040786743164
"549" 6.54907846450806 12.2200937271118 5.76165199279785
"550" 6.61136484146118 12.4182481765747 6.22370338439941
"551" 6.86846017837524 12.8468704223633 6.33988952636719
"552" 5.84419298171997 12.6321477890015 5.75217294692993
"553" 5.92847299575806 12.8174304962158 6.29592895507812
"554" 6.26861143112183 13.3265438079834 6.53512287139893
"555" 5.25177192687988 13.0520153045654 5.79880142211914
"556" 5.29827117919922 13.3160991668701 6.32149505615234
"557" 5.81787061691284 14.7457942962646 7.08029794692993
"558" 5.4152398109436 13.9668998718262 5.24478006362915
"559" 5.4152398109436 13.9668998718262 5.24478006362915
"560" 5.4152398109436 13.9668998718262 5.24478006362915
"561" 5.938157081604 14.7178621292114 6.99108362197876
"562" 3.84114027023315 13.9930334091187 5.27372264862061
"563" 3.86247992515564 14.7690000534058 6.21109008789062
"564" 3.78828001022339 15.2037000656128 6.49170017242432
"565" 3.86664628982544 16.1962013244629 6.70301008224487
"566" 3.73106002807617 15.6335000991821 4.80246019363403
"567" 3.71266508102417 15.5017757415771 6.5866870880127
"568" 14.3096923828125 22.9957141876221 5.17554569244385
"569" 14.6395721435547 23.6781635284424 5.59546995162964
"570" 14.8429355621338 23.3939476013184 5.70504856109619
"571" 15.1114654541016 22.9742622375488 5.69796371459961
"572" 15.3409748077393 22.4610290527344 5.75112533569336
"573" 14.0288639068604 23.5716209411621 4.83654499053955
"574" 14.0951519012451 23.389368057251 5.06909132003784
"575" 14.1921720504761 23.4695014953613 5.21794700622559
"576" 14.3367338180542 23.2857074737549 5.44454765319824
"577" 14.2080001831055 23.1214008331299 4.83186006546021
"578" 14.4470825195312 21.8847332000732 5.20488166809082
"579" 13.4974164962769 23.3984279632568 4.65941429138184
"580" 13.5582666397095 23.1870536804199 4.84693956375122
"581" 13.6645860671997 23.1347522735596 4.97455215454102
"582" 13.9593000411987 23.596700668335 4.39841985702515
"583" 14.2080001831055 23.1214008331299 4.83186006546021
"584" 14.4336996078491 21.9016990661621 5.19645023345947
"585" 12.93918800354 23.1267719268799 4.53086423873901
"586" 12.9356136322021 22.9443283081055 4.70290803909302
"587" 12.9963340759277 22.8107681274414 4.86442041397095
"588" 13.2857246398926 23.1495304107666 4.20073127746582
"589" 13.8454008102417 21.7533264160156 5.1035590171814
"590" 13.936900138855 21.6042995452881 5.07491016387939
"591" 12.2762355804443 22.729923248291 4.44985008239746
"592" 12.3242063522339 22.5902500152588 4.68773937225342
"593" 12.3369636535645 22.7580471038818 4.11452913284302
"594" 12.7362003326416 22.8251991271973 4.13825988769531
"595" 13.1484003067017 21.6632995605469 4.97211980819702
"596" 13.1484003067017 21.6632995605469 4.97211980819702
"597" 11.6937351226807 22.3955192565918 4.40029239654541
"598" 11.677845954895 22.0699157714844 4.53987264633179
"599" 11.535400390625 21.93630027771 3.98717999458313
"600" 11.535400390625 21.93630027771 3.98717999458313
"601" 12.6632995605469 21.2189998626709 4.90474987030029
"602" 10.88649559021 21.9368572235107 4.41864585876465
"603" 10.8728094100952 21.414529800415 4.45875644683838
"604" 10.9356708526611 21.6004104614258 4.90724420547485
"605" 11.3083000183105 21.3048000335693 4.39225006103516
"606" 11.9512224197388 20.9756641387939 4.94641351699829
"607" 10.0776033401489 21.2162914276123 4.52229881286621
"608" 9.82986545562744 21.1931934356689 4.82516765594482
"609" 10.1620597839355 21.010232925415 4.96525907516479
"610" 10.5940990447998 21.2171535491943 3.90648889541626
"611" 11.1038999557495 21.1606998443604 4.39632987976074
"612" 9.0850305557251 20.6988067626953 4.72977018356323
"613" 9.0046968460083 20.2186622619629 4.4818902015686
"614" 9.168869972229 20.4349994659424 4.24921989440918
"615" 9.36669731140137 20.4187469482422 4.45955228805542
"616" 8.18981647491455 20.2982902526855 4.93268966674805
"617" 8.11968231201172 19.9592094421387 5.17601680755615
"618" 8.21343421936035 19.682689666748 4.55638265609741
"619" 8.36532974243164 19.5452995300293 4.56025981903076
"620" 7.52359247207642 19.9284133911133 5.02896499633789
"621" 7.13337802886963 19.6033229827881 5.36029100418091
"622" 7.04551935195923 19.0124034881592 4.76438093185425
"623" 7.24084234237671 18.751838684082 5.78327178955078
"624" 6.44227838516235 19.2633056640625 5.26129722595215
"625" 6.06399250030518 18.8765525817871 5.71282052993774
"626" 6.03339672088623 18.3617286682129 6.09387588500977
"627" 5.56894016265869 18.6357688903809 5.40353965759277
"628" 5.40214061737061 18.3499584197998 5.79234981536865
"629" 6.06267976760864 16.7915992736816 5.26197004318237
"630" 5.17271995544434 16.7917003631592 5.07674980163574
"631" 4.70776271820068 17.9080619812012 5.61026382446289
"632" 4.47584867477417 17.4948329925537 6.03964519500732
"633" 5.17271995544434 16.7917003631592 5.07674980163574
"634" 3.85859990119934 15.52649974823 6.79760980606079
"635" 5.15368986129761 16.7915992736816 5.04088020324707
"636" 5.07472991943359 16.0326995849609 5.00862979888916
"637" 3.90399932861328 16.5312957763672 6.51402997970581
"638" 3.89818620681763 16.1002159118652 6.86971569061279
